# Recoil energy (kev)        Event rate (events/gev)
   1.0000000000000000        14516.919704858941     
   2.0000000000000000        14146.797406357276     
   3.0000000000000000        13784.126233731708     
   4.0000000000000000        13428.855067381352     
   5.0000000000000000        13080.921165942478     
   6.0000000000000000        12740.255400375901     
   7.0000000000000000        12406.783852882472     
   8.0000000000000000        12080.428610664001     
   9.0000000000000000        11761.108290038203     
   10.000000000000000        11448.738443486369     
   11.000000000000000        11143.231904614799     
   12.000000000000000        10844.499094332015     
   13.000000000000000        10552.448299437394     
   14.000000000000000        10266.985929601758     
   15.000000000000000        9988.0167562544902     
   16.000000000000000        9715.4441356312618     
   17.000000000000000        9449.1702175507635     
   18.000000000000000        9189.0961410918717     
   19.000000000000000        8935.1222181015728     
   20.000000000000000        8687.1481053076841     
   21.000000000000000        8445.0729657076572     
   22.000000000000000        8208.7956198288484     
   23.000000000000000        7978.2146874019663     
   24.000000000000000        7753.2287199462216     
   25.000000000000000        7533.7363247304847     
   26.000000000000000        7319.6362805458721     
   27.000000000000000        7110.8276457008606     
   28.000000000000000        6907.2098586276070     
   29.000000000000000        6708.6828314691738     
   30.000000000000000        6515.1470369989547     
   31.000000000000000        6326.5035892071837     
   32.000000000000000        6142.6543178743987     
   33.000000000000000        5963.5018374363599     
   34.000000000000000        5788.9496104322643     
   35.000000000000000        5618.9020058142523     
   36.000000000000000        5453.2643523844472     
   37.000000000000000        5291.9429876138747     
   38.000000000000000        5134.8453020859015     
   39.000000000000000        4981.8797797972720     
   40.000000000000000        4832.9560345379359     
   41.000000000000000        4687.9848425626296     
   42.000000000000000        4546.8781717564052     
   43.000000000000000        4409.5492074882659     
   44.000000000000000        4275.9123753377271     
   45.000000000000000        4145.8833608710502     
   46.000000000000000        4019.3791266360254     
   47.000000000000000        3896.3179265361832     
   48.000000000000000        3776.6193177383284     
   49.000000000000000        3660.2041702598763     
   50.000000000000000        3546.9946743760720     
   51.000000000000000        3436.9143459802208     
   52.000000000000000        3329.8880300243104     
   53.000000000000000        3225.8419021610348     
   54.000000000000000        3124.7034687026417     
   55.000000000000000        3026.4015650065835     
   56.000000000000000        2930.8663523925466     
   57.000000000000000        2838.0293136903888     
   58.000000000000000        2747.8232475138416     
   59.000000000000000        2660.1822613498707     
   60.000000000000000        2575.0417635494805     
   61.000000000000000        2492.3384543010889     
   62.000000000000000        2412.0103156639711     
   63.000000000000000        2333.9966007349735     
   64.000000000000000        2258.2378220180181     
   65.000000000000000        2184.6757390626049     
   66.000000000000000        2113.2533454336740     
   67.000000000000000        2043.9148550722387     
   68.000000000000000        1976.6056881028869     
   69.000000000000000        1911.2724561412235     
   70.000000000000000        1847.8629471516231     
   71.000000000000000        1786.3261099027686     
   72.000000000000000        1726.6120380657387     
   73.000000000000000        1668.6719539972157     
   74.000000000000000        1612.4581922476636     
   75.000000000000000        1557.9241828322199     
   76.000000000000000        1505.0244342997994     
   77.000000000000000        1453.7145166338375     
   78.000000000000000        1403.9510440161282     
   79.000000000000000        1355.6916574832962     
   80.000000000000000        1308.8950075036173     
   81.000000000000000        1263.5207365002320     
   82.000000000000000        1219.5294613451358     
   83.000000000000000        1176.8827558467106     
   84.000000000000000        1135.5431332521578     
   85.000000000000000        1095.4740287847462     
   86.000000000000000        1056.6397822343770     
   87.000000000000000        1019.0056206188162     
   88.000000000000000        982.53764093159907     
   89.000000000000000        947.20279299150252     
   90.000000000000000        912.96886240745766     
   91.000000000000000        879.80445367151628     
   92.000000000000000        847.67897339179672     
   93.000000000000000        816.56261367609295     
   94.000000000000000        786.42633567614712     
   95.000000000000000        757.24185330166256     
   96.000000000000000        728.98161711230830     
   97.000000000000000        701.61879839526182     
   98.000000000000000        675.12727343509425     
   99.000000000000000        649.48160798211518     
   100.00000000000000        624.65704192465728     
   101.00000000000000        600.62947417020257     
   102.00000000000000        577.37544773963009     
   103.00000000000000        554.87213507836725     
   104.00000000000000        533.09732358769008     
   105.00000000000000        512.02940137897133     
   106.00000000000000        491.64734325318625     
   107.00000000000000        471.93069690757352     
   108.00000000000000        452.85956937099604     
   109.00000000000000        434.41461366906952     
   110.00000000000000        416.57701571990066     
   111.00000000000000        399.32848146084888     
   112.00000000000000        382.65122420646333     
   113.00000000000000        366.52795223745875     
   114.00000000000000        350.94185662031100     
   115.00000000000000        335.87659925682237     
   116.00000000000000        321.31630116273317     
   117.00000000000000        307.24553097430760     
   118.00000000000000        293.64929368155009     
   119.00000000000000        280.51301958657245     
   120.00000000000000        267.82255348543066     
   121.00000000000000        255.56414407161424     
   122.00000000000000        243.72443355919873     
   123.00000000000000        232.29044752357731     
   124.00000000000000        221.24958495751079     
   125.00000000000000        210.58960854018196     
   126.00000000000000        200.29863511679258     
   127.00000000000000        190.36512638617975     
   128.00000000000000        180.77787979382413     
   129.00000000000000        171.52601962756739     
   130.00000000000000        162.59898831327379     
   131.00000000000000        153.98653790762501     
   132.00000000000000        145.67872178518527     
   133.00000000000000        137.66588651681255     
   134.00000000000000        129.93866393648329     
   135.00000000000000        122.48796339354402     
   136.00000000000000        115.30496418738028     
   137.00000000000000        108.38110818148689     
   138.00000000000000        101.70809259388800     
   139.00000000000000        95.277862960860844     
   140.00000000000000        89.082606270900285     
   141.00000000000000        83.114744265870172     
   142.00000000000000        77.366926906269811     
   143.00000000000000        71.832025997577446     
   144.00000000000000        66.503128974609268     
   145.00000000000000        61.373532840872940     
   146.00000000000000        56.436738259885281     
   147.00000000000000        51.686443795463937     
   148.00000000000000        47.116540297998526     
   149.00000000000000        42.721105433749948     
   150.00000000000000        38.494398354237717     
   151.00000000000000        34.430854502807136     
   152.00000000000000        30.525080555491655     
   153.00000000000000        26.771849493320605     
   154.00000000000000        23.166095803251174     
   155.00000000000000        19.702910804932941     
   156.00000000000000        16.377538100550982     
   157.00000000000000        13.185369145029286     
   158.00000000000000        10.121938933904310     
   159.00000000000000        7.1829218062256110     
   160.00000000000000        4.3641273598695243     
   161.00000000000000        1.6614964766947129     
   162.00000000000000        0.0000000000000000     
   163.00000000000000        0.0000000000000000     
   164.00000000000000        0.0000000000000000     
   165.00000000000000        0.0000000000000000     
   166.00000000000000        0.0000000000000000     
   167.00000000000000        0.0000000000000000     
   168.00000000000000        0.0000000000000000     
   169.00000000000000        0.0000000000000000     
   170.00000000000000        0.0000000000000000     
   171.00000000000000        0.0000000000000000     
   172.00000000000000        0.0000000000000000     
   173.00000000000000        0.0000000000000000     
   174.00000000000000        0.0000000000000000     
   175.00000000000000        0.0000000000000000     
   176.00000000000000        0.0000000000000000     
   177.00000000000000        0.0000000000000000     
   178.00000000000000        0.0000000000000000     
   179.00000000000000        0.0000000000000000     
   180.00000000000000        0.0000000000000000     
   181.00000000000000        0.0000000000000000     
   182.00000000000000        0.0000000000000000     
   183.00000000000000        0.0000000000000000     
   184.00000000000000        0.0000000000000000     
   185.00000000000000        0.0000000000000000     
   186.00000000000000        0.0000000000000000     
   187.00000000000000        0.0000000000000000     
   188.00000000000000        0.0000000000000000     
   189.00000000000000        0.0000000000000000     
   190.00000000000000        0.0000000000000000     
   191.00000000000000        0.0000000000000000     
   192.00000000000000        0.0000000000000000     
   193.00000000000000        0.0000000000000000     
   194.00000000000000        0.0000000000000000     
   195.00000000000000        0.0000000000000000     
   196.00000000000000        0.0000000000000000     
   197.00000000000000        0.0000000000000000     
   198.00000000000000        0.0000000000000000     
   199.00000000000000        0.0000000000000000     
   200.00000000000000        0.0000000000000000     
   201.00000000000000        0.0000000000000000     
   202.00000000000000        0.0000000000000000     
   203.00000000000000        0.0000000000000000     
   204.00000000000000        0.0000000000000000     
   205.00000000000000        0.0000000000000000     
   206.00000000000000        0.0000000000000000     
   207.00000000000000        0.0000000000000000     
   208.00000000000000        0.0000000000000000     
   209.00000000000000        0.0000000000000000     
   210.00000000000000        0.0000000000000000     
   211.00000000000000        0.0000000000000000     
   212.00000000000000        0.0000000000000000     
   213.00000000000000        0.0000000000000000     
   214.00000000000000        0.0000000000000000     
   215.00000000000000        0.0000000000000000     
   216.00000000000000        0.0000000000000000     
   217.00000000000000        0.0000000000000000     
   218.00000000000000        0.0000000000000000     
   219.00000000000000        0.0000000000000000     
   220.00000000000000        0.0000000000000000     
   221.00000000000000        0.0000000000000000     
   222.00000000000000        0.0000000000000000     
   223.00000000000000        0.0000000000000000     
   224.00000000000000        0.0000000000000000     
   225.00000000000000        0.0000000000000000     
   226.00000000000000        0.0000000000000000     
   227.00000000000000        0.0000000000000000     
   228.00000000000000        0.0000000000000000     
   229.00000000000000        0.0000000000000000     
   230.00000000000000        0.0000000000000000     
   231.00000000000000        0.0000000000000000     
   232.00000000000000        0.0000000000000000     
   233.00000000000000        0.0000000000000000     
   234.00000000000000        0.0000000000000000     
   235.00000000000000        0.0000000000000000     
   236.00000000000000        0.0000000000000000     
   237.00000000000000        0.0000000000000000     
   238.00000000000000        0.0000000000000000     
   239.00000000000000        0.0000000000000000     
   240.00000000000000        0.0000000000000000     
   241.00000000000000        0.0000000000000000     
   242.00000000000000        0.0000000000000000     
   243.00000000000000        0.0000000000000000     
   244.00000000000000        0.0000000000000000     
   245.00000000000000        0.0000000000000000     
   246.00000000000000        0.0000000000000000     
   247.00000000000000        0.0000000000000000     
   248.00000000000000        0.0000000000000000     
   249.00000000000000        0.0000000000000000     
   250.00000000000000        0.0000000000000000     
   251.00000000000000        0.0000000000000000     
   252.00000000000000        0.0000000000000000     
   253.00000000000000        0.0000000000000000     
   254.00000000000000        0.0000000000000000     
   255.00000000000000        0.0000000000000000     
   256.00000000000000        0.0000000000000000     
   257.00000000000000        0.0000000000000000     
   258.00000000000000        0.0000000000000000     
   259.00000000000000        0.0000000000000000     
   260.00000000000000        0.0000000000000000     
   261.00000000000000        0.0000000000000000     
   262.00000000000000        0.0000000000000000     
   263.00000000000000        0.0000000000000000     
   264.00000000000000        0.0000000000000000     
   265.00000000000000        0.0000000000000000     
   266.00000000000000        0.0000000000000000     
   267.00000000000000        0.0000000000000000     
   268.00000000000000        0.0000000000000000     
   269.00000000000000        0.0000000000000000     
   270.00000000000000        0.0000000000000000     
   271.00000000000000        0.0000000000000000     
   272.00000000000000        0.0000000000000000     
   273.00000000000000        0.0000000000000000     
   274.00000000000000        0.0000000000000000     
   275.00000000000000        0.0000000000000000     
   276.00000000000000        0.0000000000000000     
   277.00000000000000        0.0000000000000000     
   278.00000000000000        0.0000000000000000     
   279.00000000000000        0.0000000000000000     
   280.00000000000000        0.0000000000000000     
   281.00000000000000        0.0000000000000000     
   282.00000000000000        0.0000000000000000     
   283.00000000000000        0.0000000000000000     
   284.00000000000000        0.0000000000000000     
   285.00000000000000        0.0000000000000000     
   286.00000000000000        0.0000000000000000     
   287.00000000000000        0.0000000000000000     
   288.00000000000000        0.0000000000000000     
   289.00000000000000        0.0000000000000000     
   290.00000000000000        0.0000000000000000     
   291.00000000000000        0.0000000000000000     
   292.00000000000000        0.0000000000000000     
   293.00000000000000        0.0000000000000000     
   294.00000000000000        0.0000000000000000     
   295.00000000000000        0.0000000000000000     
   296.00000000000000        0.0000000000000000     
   297.00000000000000        0.0000000000000000     
   298.00000000000000        0.0000000000000000     
   299.00000000000000        0.0000000000000000     
   300.00000000000000        0.0000000000000000     
   301.00000000000000        0.0000000000000000     
   302.00000000000000        0.0000000000000000     
   303.00000000000000        0.0000000000000000     
   304.00000000000000        0.0000000000000000     
   305.00000000000000        0.0000000000000000     
   306.00000000000000        0.0000000000000000     
   307.00000000000000        0.0000000000000000     
   308.00000000000000        0.0000000000000000     
   309.00000000000000        0.0000000000000000     
   310.00000000000000        0.0000000000000000     
   311.00000000000000        0.0000000000000000     
   312.00000000000000        0.0000000000000000     
   313.00000000000000        0.0000000000000000     
   314.00000000000000        0.0000000000000000     
   315.00000000000000        0.0000000000000000     
   316.00000000000000        0.0000000000000000     
   317.00000000000000        0.0000000000000000     
   318.00000000000000        0.0000000000000000     
   319.00000000000000        0.0000000000000000     
   320.00000000000000        0.0000000000000000     
   321.00000000000000        0.0000000000000000     
   322.00000000000000        0.0000000000000000     
   323.00000000000000        0.0000000000000000     
   324.00000000000000        0.0000000000000000     
   325.00000000000000        0.0000000000000000     
   326.00000000000000        0.0000000000000000     
   327.00000000000000        0.0000000000000000     
   328.00000000000000        0.0000000000000000     
   329.00000000000000        0.0000000000000000     
   330.00000000000000        0.0000000000000000     
   331.00000000000000        0.0000000000000000     
   332.00000000000000        0.0000000000000000     
   333.00000000000000        0.0000000000000000     
   334.00000000000000        0.0000000000000000     
   335.00000000000000        0.0000000000000000     
   336.00000000000000        0.0000000000000000     
   337.00000000000000        0.0000000000000000     
   338.00000000000000        0.0000000000000000     
   339.00000000000000        0.0000000000000000     
   340.00000000000000        0.0000000000000000     
   341.00000000000000        0.0000000000000000     
   342.00000000000000        0.0000000000000000     
   343.00000000000000        0.0000000000000000     
   344.00000000000000        0.0000000000000000     
   345.00000000000000        0.0000000000000000     
   346.00000000000000        0.0000000000000000     
   347.00000000000000        0.0000000000000000     
   348.00000000000000        0.0000000000000000     
   349.00000000000000        0.0000000000000000     
   350.00000000000000        0.0000000000000000     
   351.00000000000000        0.0000000000000000     
   352.00000000000000        0.0000000000000000     
   353.00000000000000        0.0000000000000000     
   354.00000000000000        0.0000000000000000     
   355.00000000000000        0.0000000000000000     
   356.00000000000000        0.0000000000000000     
   357.00000000000000        0.0000000000000000     
   358.00000000000000        0.0000000000000000     
   359.00000000000000        0.0000000000000000     
   360.00000000000000        0.0000000000000000     
   361.00000000000000        0.0000000000000000     
   362.00000000000000        0.0000000000000000     
   363.00000000000000        0.0000000000000000     
   364.00000000000000        0.0000000000000000     
   365.00000000000000        0.0000000000000000     
   366.00000000000000        0.0000000000000000     
   367.00000000000000        0.0000000000000000     
   368.00000000000000        0.0000000000000000     
   369.00000000000000        0.0000000000000000     
   370.00000000000000        0.0000000000000000     
   371.00000000000000        0.0000000000000000     
   372.00000000000000        0.0000000000000000     
   373.00000000000000        0.0000000000000000     
   374.00000000000000        0.0000000000000000     
   375.00000000000000        0.0000000000000000     
   376.00000000000000        0.0000000000000000     
   377.00000000000000        0.0000000000000000     
   378.00000000000000        0.0000000000000000     
   379.00000000000000        0.0000000000000000     
   380.00000000000000        0.0000000000000000     
   381.00000000000000        0.0000000000000000     
   382.00000000000000        0.0000000000000000     
   383.00000000000000        0.0000000000000000     
   384.00000000000000        0.0000000000000000     
   385.00000000000000        0.0000000000000000     
   386.00000000000000        0.0000000000000000     
   387.00000000000000        0.0000000000000000     
   388.00000000000000        0.0000000000000000     
   389.00000000000000        0.0000000000000000     
   390.00000000000000        0.0000000000000000     
   391.00000000000000        0.0000000000000000     
   392.00000000000000        0.0000000000000000     
   393.00000000000000        0.0000000000000000     
   394.00000000000000        0.0000000000000000     
   395.00000000000000        0.0000000000000000     
   396.00000000000000        0.0000000000000000     
   397.00000000000000        0.0000000000000000     
   398.00000000000000        0.0000000000000000     
   399.00000000000000        0.0000000000000000     
   400.00000000000000        0.0000000000000000     
   401.00000000000000        0.0000000000000000     
   402.00000000000000        0.0000000000000000     
   403.00000000000000        0.0000000000000000     
   404.00000000000000        0.0000000000000000     
   405.00000000000000        0.0000000000000000     
   406.00000000000000        0.0000000000000000     
   407.00000000000000        0.0000000000000000     
   408.00000000000000        0.0000000000000000     
   409.00000000000000        0.0000000000000000     
   410.00000000000000        0.0000000000000000     
   411.00000000000000        0.0000000000000000     
   412.00000000000000        0.0000000000000000     
   413.00000000000000        0.0000000000000000     
   414.00000000000000        0.0000000000000000     
   415.00000000000000        0.0000000000000000     
   416.00000000000000        0.0000000000000000     
   417.00000000000000        0.0000000000000000     
   418.00000000000000        0.0000000000000000     
   419.00000000000000        0.0000000000000000     
   420.00000000000000        0.0000000000000000     
   421.00000000000000        0.0000000000000000     
   422.00000000000000        0.0000000000000000     
   423.00000000000000        0.0000000000000000     
   424.00000000000000        0.0000000000000000     
   425.00000000000000        0.0000000000000000     
   426.00000000000000        0.0000000000000000     
   427.00000000000000        0.0000000000000000     
   428.00000000000000        0.0000000000000000     
   429.00000000000000        0.0000000000000000     
   430.00000000000000        0.0000000000000000     
   431.00000000000000        0.0000000000000000     
   432.00000000000000        0.0000000000000000     
   433.00000000000000        0.0000000000000000     
   434.00000000000000        0.0000000000000000     
   435.00000000000000        0.0000000000000000     
   436.00000000000000        0.0000000000000000     
   437.00000000000000        0.0000000000000000     
   438.00000000000000        0.0000000000000000     
   439.00000000000000        0.0000000000000000     
   440.00000000000000        0.0000000000000000     
   441.00000000000000        0.0000000000000000     
   442.00000000000000        0.0000000000000000     
   443.00000000000000        0.0000000000000000     
   444.00000000000000        0.0000000000000000     
   445.00000000000000        0.0000000000000000     
   446.00000000000000        0.0000000000000000     
   447.00000000000000        0.0000000000000000     
   448.00000000000000        0.0000000000000000     
   449.00000000000000        0.0000000000000000     
   450.00000000000000        0.0000000000000000     
   451.00000000000000        0.0000000000000000     
   452.00000000000000        0.0000000000000000     
   453.00000000000000        0.0000000000000000     
   454.00000000000000        0.0000000000000000     
   455.00000000000000        0.0000000000000000     
   456.00000000000000        0.0000000000000000     
   457.00000000000000        0.0000000000000000     
   458.00000000000000        0.0000000000000000     
   459.00000000000000        0.0000000000000000     
   460.00000000000000        0.0000000000000000     
   461.00000000000000        0.0000000000000000     
   462.00000000000000        0.0000000000000000     
   463.00000000000000        0.0000000000000000     
   464.00000000000000        0.0000000000000000     
   465.00000000000000        0.0000000000000000     
   466.00000000000000        0.0000000000000000     
   467.00000000000000        0.0000000000000000     
   468.00000000000000        0.0000000000000000     
   469.00000000000000        0.0000000000000000     
   470.00000000000000        0.0000000000000000     
   471.00000000000000        0.0000000000000000     
   472.00000000000000        0.0000000000000000     
   473.00000000000000        0.0000000000000000     
   474.00000000000000        0.0000000000000000     
   475.00000000000000        0.0000000000000000     
   476.00000000000000        0.0000000000000000     
   477.00000000000000        0.0000000000000000     
   478.00000000000000        0.0000000000000000     
   479.00000000000000        0.0000000000000000     
   480.00000000000000        0.0000000000000000     
   481.00000000000000        0.0000000000000000     
   482.00000000000000        0.0000000000000000     
   483.00000000000000        0.0000000000000000     
   484.00000000000000        0.0000000000000000     
   485.00000000000000        0.0000000000000000     
   486.00000000000000        0.0000000000000000     
   487.00000000000000        0.0000000000000000     
   488.00000000000000        0.0000000000000000     
   489.00000000000000        0.0000000000000000     
   490.00000000000000        0.0000000000000000     
   491.00000000000000        0.0000000000000000     
   492.00000000000000        0.0000000000000000     
   493.00000000000000        0.0000000000000000     
   494.00000000000000        0.0000000000000000     
   495.00000000000000        0.0000000000000000     
   496.00000000000000        0.0000000000000000     
   497.00000000000000        0.0000000000000000     
   498.00000000000000        0.0000000000000000     
   499.00000000000000        0.0000000000000000     
   500.00000000000000        0.0000000000000000     
   501.00000000000000        0.0000000000000000     
   502.00000000000000        0.0000000000000000     
   503.00000000000000        0.0000000000000000     
   504.00000000000000        0.0000000000000000     
   505.00000000000000        0.0000000000000000     
   506.00000000000000        0.0000000000000000     
   507.00000000000000        0.0000000000000000     
   508.00000000000000        0.0000000000000000     
   509.00000000000000        0.0000000000000000     
   510.00000000000000        0.0000000000000000     
   511.00000000000000        0.0000000000000000     
   512.00000000000000        0.0000000000000000     
   513.00000000000000        0.0000000000000000     
   514.00000000000000        0.0000000000000000     
   515.00000000000000        0.0000000000000000     
   516.00000000000000        0.0000000000000000     
   517.00000000000000        0.0000000000000000     
   518.00000000000000        0.0000000000000000     
   519.00000000000000        0.0000000000000000     
   520.00000000000000        0.0000000000000000     
   521.00000000000000        0.0000000000000000     
   522.00000000000000        0.0000000000000000     
   523.00000000000000        0.0000000000000000     
   524.00000000000000        0.0000000000000000     
   525.00000000000000        0.0000000000000000     
   526.00000000000000        0.0000000000000000     
   527.00000000000000        0.0000000000000000     
   528.00000000000000        0.0000000000000000     
   529.00000000000000        0.0000000000000000     
   530.00000000000000        0.0000000000000000     
   531.00000000000000        0.0000000000000000     
   532.00000000000000        0.0000000000000000     
   533.00000000000000        0.0000000000000000     
   534.00000000000000        0.0000000000000000     
   535.00000000000000        0.0000000000000000     
   536.00000000000000        0.0000000000000000     
   537.00000000000000        0.0000000000000000     
   538.00000000000000        0.0000000000000000     
   539.00000000000000        0.0000000000000000     
   540.00000000000000        0.0000000000000000     
   541.00000000000000        0.0000000000000000     
   542.00000000000000        0.0000000000000000     
   543.00000000000000        0.0000000000000000     
   544.00000000000000        0.0000000000000000     
   545.00000000000000        0.0000000000000000     
   546.00000000000000        0.0000000000000000     
   547.00000000000000        0.0000000000000000     
   548.00000000000000        0.0000000000000000     
   549.00000000000000        0.0000000000000000     
   550.00000000000000        0.0000000000000000     
   551.00000000000000        0.0000000000000000     
   552.00000000000000        0.0000000000000000     
   553.00000000000000        0.0000000000000000     
   554.00000000000000        0.0000000000000000     
   555.00000000000000        0.0000000000000000     
   556.00000000000000        0.0000000000000000     
   557.00000000000000        0.0000000000000000     
   558.00000000000000        0.0000000000000000     
   559.00000000000000        0.0000000000000000     
   560.00000000000000        0.0000000000000000     
   561.00000000000000        0.0000000000000000     
   562.00000000000000        0.0000000000000000     
   563.00000000000000        0.0000000000000000     
   564.00000000000000        0.0000000000000000     
   565.00000000000000        0.0000000000000000     
   566.00000000000000        0.0000000000000000     
   567.00000000000000        0.0000000000000000     
   568.00000000000000        0.0000000000000000     
   569.00000000000000        0.0000000000000000     
   570.00000000000000        0.0000000000000000     
   571.00000000000000        0.0000000000000000     
   572.00000000000000        0.0000000000000000     
   573.00000000000000        0.0000000000000000     
   574.00000000000000        0.0000000000000000     
   575.00000000000000        0.0000000000000000     
   576.00000000000000        0.0000000000000000     
   577.00000000000000        0.0000000000000000     
   578.00000000000000        0.0000000000000000     
   579.00000000000000        0.0000000000000000     
   580.00000000000000        0.0000000000000000     
   581.00000000000000        0.0000000000000000     
   582.00000000000000        0.0000000000000000     
   583.00000000000000        0.0000000000000000     
   584.00000000000000        0.0000000000000000     
   585.00000000000000        0.0000000000000000     
   586.00000000000000        0.0000000000000000     
   587.00000000000000        0.0000000000000000     
   588.00000000000000        0.0000000000000000     
   589.00000000000000        0.0000000000000000     
   590.00000000000000        0.0000000000000000     
   591.00000000000000        0.0000000000000000     
   592.00000000000000        0.0000000000000000     
   593.00000000000000        0.0000000000000000     
   594.00000000000000        0.0000000000000000     
   595.00000000000000        0.0000000000000000     
   596.00000000000000        0.0000000000000000     
   597.00000000000000        0.0000000000000000     
   598.00000000000000        0.0000000000000000     
   599.00000000000000        0.0000000000000000     
   600.00000000000000        0.0000000000000000     
   601.00000000000000        0.0000000000000000     
   602.00000000000000        0.0000000000000000     
   603.00000000000000        0.0000000000000000     
   604.00000000000000        0.0000000000000000     
   605.00000000000000        0.0000000000000000     
   606.00000000000000        0.0000000000000000     
   607.00000000000000        0.0000000000000000     
   608.00000000000000        0.0000000000000000     
   609.00000000000000        0.0000000000000000     
   610.00000000000000        0.0000000000000000     
   611.00000000000000        0.0000000000000000     
   612.00000000000000        0.0000000000000000     
   613.00000000000000        0.0000000000000000     
   614.00000000000000        0.0000000000000000     
   615.00000000000000        0.0000000000000000     
   616.00000000000000        0.0000000000000000     
   617.00000000000000        0.0000000000000000     
   618.00000000000000        0.0000000000000000     
   619.00000000000000        0.0000000000000000     
   620.00000000000000        0.0000000000000000     
   621.00000000000000        0.0000000000000000     
   622.00000000000000        0.0000000000000000     
   623.00000000000000        0.0000000000000000     
   624.00000000000000        0.0000000000000000     
   625.00000000000000        0.0000000000000000     
   626.00000000000000        0.0000000000000000     
   627.00000000000000        0.0000000000000000     
   628.00000000000000        0.0000000000000000     
   629.00000000000000        0.0000000000000000     
   630.00000000000000        0.0000000000000000     
   631.00000000000000        0.0000000000000000     
   632.00000000000000        0.0000000000000000     
   633.00000000000000        0.0000000000000000     
   634.00000000000000        0.0000000000000000     
   635.00000000000000        0.0000000000000000     
   636.00000000000000        0.0000000000000000     
   637.00000000000000        0.0000000000000000     
   638.00000000000000        0.0000000000000000     
   639.00000000000000        0.0000000000000000     
   640.00000000000000        0.0000000000000000     
   641.00000000000000        0.0000000000000000     
   642.00000000000000        0.0000000000000000     
   643.00000000000000        0.0000000000000000     
   644.00000000000000        0.0000000000000000     
   645.00000000000000        0.0000000000000000     
   646.00000000000000        0.0000000000000000     
   647.00000000000000        0.0000000000000000     
   648.00000000000000        0.0000000000000000     
   649.00000000000000        0.0000000000000000     
   650.00000000000000        0.0000000000000000     
   651.00000000000000        0.0000000000000000     
   652.00000000000000        0.0000000000000000     
   653.00000000000000        0.0000000000000000     
   654.00000000000000        0.0000000000000000     
   655.00000000000000        0.0000000000000000     
   656.00000000000000        0.0000000000000000     
   657.00000000000000        0.0000000000000000     
   658.00000000000000        0.0000000000000000     
   659.00000000000000        0.0000000000000000     
   660.00000000000000        0.0000000000000000     
   661.00000000000000        0.0000000000000000     
   662.00000000000000        0.0000000000000000     
   663.00000000000000        0.0000000000000000     
   664.00000000000000        0.0000000000000000     
   665.00000000000000        0.0000000000000000     
   666.00000000000000        0.0000000000000000     
   667.00000000000000        0.0000000000000000     
   668.00000000000000        0.0000000000000000     
   669.00000000000000        0.0000000000000000     
   670.00000000000000        0.0000000000000000     
   671.00000000000000        0.0000000000000000     
   672.00000000000000        0.0000000000000000     
   673.00000000000000        0.0000000000000000     
   674.00000000000000        0.0000000000000000     
   675.00000000000000        0.0000000000000000     
   676.00000000000000        0.0000000000000000     
   677.00000000000000        0.0000000000000000     
   678.00000000000000        0.0000000000000000     
   679.00000000000000        0.0000000000000000     
   680.00000000000000        0.0000000000000000     
   681.00000000000000        0.0000000000000000     
   682.00000000000000        0.0000000000000000     
   683.00000000000000        0.0000000000000000     
   684.00000000000000        0.0000000000000000     
   685.00000000000000        0.0000000000000000     
   686.00000000000000        0.0000000000000000     
   687.00000000000000        0.0000000000000000     
   688.00000000000000        0.0000000000000000     
   689.00000000000000        0.0000000000000000     
   690.00000000000000        0.0000000000000000     
   691.00000000000000        0.0000000000000000     
   692.00000000000000        0.0000000000000000     
   693.00000000000000        0.0000000000000000     
   694.00000000000000        0.0000000000000000     
   695.00000000000000        0.0000000000000000     
   696.00000000000000        0.0000000000000000     
   697.00000000000000        0.0000000000000000     
   698.00000000000000        0.0000000000000000     
   699.00000000000000        0.0000000000000000     
   700.00000000000000        0.0000000000000000     
   701.00000000000000        0.0000000000000000     
   702.00000000000000        0.0000000000000000     
   703.00000000000000        0.0000000000000000     
   704.00000000000000        0.0000000000000000     
   705.00000000000000        0.0000000000000000     
   706.00000000000000        0.0000000000000000     
   707.00000000000000        0.0000000000000000     
   708.00000000000000        0.0000000000000000     
   709.00000000000000        0.0000000000000000     
   710.00000000000000        0.0000000000000000     
   711.00000000000000        0.0000000000000000     
   712.00000000000000        0.0000000000000000     
   713.00000000000000        0.0000000000000000     
   714.00000000000000        0.0000000000000000     
   715.00000000000000        0.0000000000000000     
   716.00000000000000        0.0000000000000000     
   717.00000000000000        0.0000000000000000     
   718.00000000000000        0.0000000000000000     
   719.00000000000000        0.0000000000000000     
   720.00000000000000        0.0000000000000000     
   721.00000000000000        0.0000000000000000     
   722.00000000000000        0.0000000000000000     
   723.00000000000000        0.0000000000000000     
   724.00000000000000        0.0000000000000000     
   725.00000000000000        0.0000000000000000     
   726.00000000000000        0.0000000000000000     
   727.00000000000000        0.0000000000000000     
   728.00000000000000        0.0000000000000000     
   729.00000000000000        0.0000000000000000     
   730.00000000000000        0.0000000000000000     
   731.00000000000000        0.0000000000000000     
   732.00000000000000        0.0000000000000000     
   733.00000000000000        0.0000000000000000     
   734.00000000000000        0.0000000000000000     
   735.00000000000000        0.0000000000000000     
   736.00000000000000        0.0000000000000000     
   737.00000000000000        0.0000000000000000     
   738.00000000000000        0.0000000000000000     
   739.00000000000000        0.0000000000000000     
   740.00000000000000        0.0000000000000000     
   741.00000000000000        0.0000000000000000     
   742.00000000000000        0.0000000000000000     
   743.00000000000000        0.0000000000000000     
   744.00000000000000        0.0000000000000000     
   745.00000000000000        0.0000000000000000     
   746.00000000000000        0.0000000000000000     
   747.00000000000000        0.0000000000000000     
   748.00000000000000        0.0000000000000000     
   749.00000000000000        0.0000000000000000     
   750.00000000000000        0.0000000000000000     
   751.00000000000000        0.0000000000000000     
   752.00000000000000        0.0000000000000000     
   753.00000000000000        0.0000000000000000     
   754.00000000000000        0.0000000000000000     
   755.00000000000000        0.0000000000000000     
   756.00000000000000        0.0000000000000000     
   757.00000000000000        0.0000000000000000     
   758.00000000000000        0.0000000000000000     
   759.00000000000000        0.0000000000000000     
   760.00000000000000        0.0000000000000000     
   761.00000000000000        0.0000000000000000     
   762.00000000000000        0.0000000000000000     
   763.00000000000000        0.0000000000000000     
   764.00000000000000        0.0000000000000000     
   765.00000000000000        0.0000000000000000     
   766.00000000000000        0.0000000000000000     
   767.00000000000000        0.0000000000000000     
   768.00000000000000        0.0000000000000000     
   769.00000000000000        0.0000000000000000     
   770.00000000000000        0.0000000000000000     
   771.00000000000000        0.0000000000000000     
   772.00000000000000        0.0000000000000000     
   773.00000000000000        0.0000000000000000     
   774.00000000000000        0.0000000000000000     
   775.00000000000000        0.0000000000000000     
   776.00000000000000        0.0000000000000000     
   777.00000000000000        0.0000000000000000     
   778.00000000000000        0.0000000000000000     
   779.00000000000000        0.0000000000000000     
   780.00000000000000        0.0000000000000000     
   781.00000000000000        0.0000000000000000     
   782.00000000000000        0.0000000000000000     
   783.00000000000000        0.0000000000000000     
   784.00000000000000        0.0000000000000000     
   785.00000000000000        0.0000000000000000     
   786.00000000000000        0.0000000000000000     
   787.00000000000000        0.0000000000000000     
   788.00000000000000        0.0000000000000000     
   789.00000000000000        0.0000000000000000     
   790.00000000000000        0.0000000000000000     
   791.00000000000000        0.0000000000000000     
   792.00000000000000        0.0000000000000000     
   793.00000000000000        0.0000000000000000     
   794.00000000000000        0.0000000000000000     
   795.00000000000000        0.0000000000000000     
   796.00000000000000        0.0000000000000000     
   797.00000000000000        0.0000000000000000     
   798.00000000000000        0.0000000000000000     
   799.00000000000000        0.0000000000000000     
   800.00000000000000        0.0000000000000000     
   801.00000000000000        0.0000000000000000     
   802.00000000000000        0.0000000000000000     
   803.00000000000000        0.0000000000000000     
   804.00000000000000        0.0000000000000000     
   805.00000000000000        0.0000000000000000     
   806.00000000000000        0.0000000000000000     
   807.00000000000000        0.0000000000000000     
   808.00000000000000        0.0000000000000000     
   809.00000000000000        0.0000000000000000     
   810.00000000000000        0.0000000000000000     
   811.00000000000000        0.0000000000000000     
   812.00000000000000        0.0000000000000000     
   813.00000000000000        0.0000000000000000     
   814.00000000000000        0.0000000000000000     
   815.00000000000000        0.0000000000000000     
   816.00000000000000        0.0000000000000000     
   817.00000000000000        0.0000000000000000     
   818.00000000000000        0.0000000000000000     
   819.00000000000000        0.0000000000000000     
   820.00000000000000        0.0000000000000000     
   821.00000000000000        0.0000000000000000     
   822.00000000000000        0.0000000000000000     
   823.00000000000000        0.0000000000000000     
   824.00000000000000        0.0000000000000000     
   825.00000000000000        0.0000000000000000     
   826.00000000000000        0.0000000000000000     
   827.00000000000000        0.0000000000000000     
   828.00000000000000        0.0000000000000000     
   829.00000000000000        0.0000000000000000     
   830.00000000000000        0.0000000000000000     
   831.00000000000000        0.0000000000000000     
   832.00000000000000        0.0000000000000000     
   833.00000000000000        0.0000000000000000     
   834.00000000000000        0.0000000000000000     
   835.00000000000000        0.0000000000000000     
   836.00000000000000        0.0000000000000000     
   837.00000000000000        0.0000000000000000     
   838.00000000000000        0.0000000000000000     
   839.00000000000000        0.0000000000000000     
   840.00000000000000        0.0000000000000000     
   841.00000000000000        0.0000000000000000     
   842.00000000000000        0.0000000000000000     
   843.00000000000000        0.0000000000000000     
   844.00000000000000        0.0000000000000000     
   845.00000000000000        0.0000000000000000     
   846.00000000000000        0.0000000000000000     
   847.00000000000000        0.0000000000000000     
   848.00000000000000        0.0000000000000000     
   849.00000000000000        0.0000000000000000     
   850.00000000000000        0.0000000000000000     
   851.00000000000000        0.0000000000000000     
   852.00000000000000        0.0000000000000000     
   853.00000000000000        0.0000000000000000     
   854.00000000000000        0.0000000000000000     
   855.00000000000000        0.0000000000000000     
   856.00000000000000        0.0000000000000000     
   857.00000000000000        0.0000000000000000     
   858.00000000000000        0.0000000000000000     
   859.00000000000000        0.0000000000000000     
   860.00000000000000        0.0000000000000000     
   861.00000000000000        0.0000000000000000     
   862.00000000000000        0.0000000000000000     
   863.00000000000000        0.0000000000000000     
   864.00000000000000        0.0000000000000000     
   865.00000000000000        0.0000000000000000     
   866.00000000000000        0.0000000000000000     
   867.00000000000000        0.0000000000000000     
   868.00000000000000        0.0000000000000000     
   869.00000000000000        0.0000000000000000     
   870.00000000000000        0.0000000000000000     
   871.00000000000000        0.0000000000000000     
   872.00000000000000        0.0000000000000000     
   873.00000000000000        0.0000000000000000     
   874.00000000000000        0.0000000000000000     
   875.00000000000000        0.0000000000000000     
   876.00000000000000        0.0000000000000000     
   877.00000000000000        0.0000000000000000     
   878.00000000000000        0.0000000000000000     
   879.00000000000000        0.0000000000000000     
   880.00000000000000        0.0000000000000000     
   881.00000000000000        0.0000000000000000     
   882.00000000000000        0.0000000000000000     
   883.00000000000000        0.0000000000000000     
   884.00000000000000        0.0000000000000000     
   885.00000000000000        0.0000000000000000     
   886.00000000000000        0.0000000000000000     
   887.00000000000000        0.0000000000000000     
   888.00000000000000        0.0000000000000000     
   889.00000000000000        0.0000000000000000     
   890.00000000000000        0.0000000000000000     
   891.00000000000000        0.0000000000000000     
   892.00000000000000        0.0000000000000000     
   893.00000000000000        0.0000000000000000     
   894.00000000000000        0.0000000000000000     
   895.00000000000000        0.0000000000000000     
   896.00000000000000        0.0000000000000000     
   897.00000000000000        0.0000000000000000     
   898.00000000000000        0.0000000000000000     
   899.00000000000000        0.0000000000000000     
   900.00000000000000        0.0000000000000000     
   901.00000000000000        0.0000000000000000     
   902.00000000000000        0.0000000000000000     
   903.00000000000000        0.0000000000000000     
   904.00000000000000        0.0000000000000000     
   905.00000000000000        0.0000000000000000     
   906.00000000000000        0.0000000000000000     
   907.00000000000000        0.0000000000000000     
   908.00000000000000        0.0000000000000000     
   909.00000000000000        0.0000000000000000     
   910.00000000000000        0.0000000000000000     
   911.00000000000000        0.0000000000000000     
   912.00000000000000        0.0000000000000000     
   913.00000000000000        0.0000000000000000     
   914.00000000000000        0.0000000000000000     
   915.00000000000000        0.0000000000000000     
   916.00000000000000        0.0000000000000000     
   917.00000000000000        0.0000000000000000     
   918.00000000000000        0.0000000000000000     
   919.00000000000000        0.0000000000000000     
   920.00000000000000        0.0000000000000000     
   921.00000000000000        0.0000000000000000     
   922.00000000000000        0.0000000000000000     
   923.00000000000000        0.0000000000000000     
   924.00000000000000        0.0000000000000000     
   925.00000000000000        0.0000000000000000     
   926.00000000000000        0.0000000000000000     
   927.00000000000000        0.0000000000000000     
   928.00000000000000        0.0000000000000000     
   929.00000000000000        0.0000000000000000     
   930.00000000000000        0.0000000000000000     
   931.00000000000000        0.0000000000000000     
   932.00000000000000        0.0000000000000000     
   933.00000000000000        0.0000000000000000     
   934.00000000000000        0.0000000000000000     
   935.00000000000000        0.0000000000000000     
   936.00000000000000        0.0000000000000000     
   937.00000000000000        0.0000000000000000     
   938.00000000000000        0.0000000000000000     
   939.00000000000000        0.0000000000000000     
   940.00000000000000        0.0000000000000000     
   941.00000000000000        0.0000000000000000     
   942.00000000000000        0.0000000000000000     
   943.00000000000000        0.0000000000000000     
   944.00000000000000        0.0000000000000000     
   945.00000000000000        0.0000000000000000     
   946.00000000000000        0.0000000000000000     
   947.00000000000000        0.0000000000000000     
   948.00000000000000        0.0000000000000000     
   949.00000000000000        0.0000000000000000     
   950.00000000000000        0.0000000000000000     
   951.00000000000000        0.0000000000000000     
   952.00000000000000        0.0000000000000000     
   953.00000000000000        0.0000000000000000     
   954.00000000000000        0.0000000000000000     
   955.00000000000000        0.0000000000000000     
   956.00000000000000        0.0000000000000000     
   957.00000000000000        0.0000000000000000     
   958.00000000000000        0.0000000000000000     
   959.00000000000000        0.0000000000000000     
   960.00000000000000        0.0000000000000000     
   961.00000000000000        0.0000000000000000     
   962.00000000000000        0.0000000000000000     
   963.00000000000000        0.0000000000000000     
   964.00000000000000        0.0000000000000000     
   965.00000000000000        0.0000000000000000     
   966.00000000000000        0.0000000000000000     
   967.00000000000000        0.0000000000000000     
   968.00000000000000        0.0000000000000000     
   969.00000000000000        0.0000000000000000     
   970.00000000000000        0.0000000000000000     
   971.00000000000000        0.0000000000000000     
   972.00000000000000        0.0000000000000000     
   973.00000000000000        0.0000000000000000     
   974.00000000000000        0.0000000000000000     
   975.00000000000000        0.0000000000000000     
   976.00000000000000        0.0000000000000000     
   977.00000000000000        0.0000000000000000     
   978.00000000000000        0.0000000000000000     
   979.00000000000000        0.0000000000000000     
   980.00000000000000        0.0000000000000000     
   981.00000000000000        0.0000000000000000     
   982.00000000000000        0.0000000000000000     
   983.00000000000000        0.0000000000000000     
   984.00000000000000        0.0000000000000000     
   985.00000000000000        0.0000000000000000     
   986.00000000000000        0.0000000000000000     
   987.00000000000000        0.0000000000000000     
   988.00000000000000        0.0000000000000000     
   989.00000000000000        0.0000000000000000     
   990.00000000000000        0.0000000000000000     
   991.00000000000000        0.0000000000000000     
   992.00000000000000        0.0000000000000000     
   993.00000000000000        0.0000000000000000     
   994.00000000000000        0.0000000000000000     
   995.00000000000000        0.0000000000000000     
   996.00000000000000        0.0000000000000000     
   997.00000000000000        0.0000000000000000     
   998.00000000000000        0.0000000000000000     
   999.00000000000000        0.0000000000000000     
   1000.0000000000000        0.0000000000000000     
