   2.9031946886766143E-002   5.5452620110896392E-009
   2.6690029149398793        5.4058834862804285E-009
   5.3089738829929924        5.2684906891229948E-009
   7.9489448510461056        5.1331112711331224E-009
   10.588915819099219        4.9997704603104810E-009
   13.228886787152332        4.8684910947266859E-009
   15.868857755205445        4.7392936586415207E-009
   18.508828723258560        4.6121963210201432E-009
   21.148799691311673        4.4872149763225354E-009
   23.788770659364786        4.3643632874353840E-009
   26.428741627417899        4.2436527306158363E-009
   29.068712595471013        4.1250926423159548E-009
   31.708683563524126        4.0086902677567109E-009
   34.348654531577239        3.8944508111202933E-009
   36.988625499630352        3.7823774872301304E-009
   39.628596467683465        3.6724715745885826E-009
   42.268567435736578        3.5647324696433288E-009
   44.908538403789692        3.4591577421547254E-009
   47.548509371842805        3.3557431915378791E-009
   50.188480339895918        3.2544829040549583E-009
   52.828451307949031        3.1553693107352557E-009
   55.468422276002144        3.0583932459026696E-009
   58.108393244055257        2.9635440061927422E-009
   60.748364212108370        2.8708094099439329E-009
   63.388335180161484        2.7801758568506198E-009
   66.028306148214597        2.6916283877683153E-009
   68.668277116267703        2.6051507445645706E-009
   71.308248084320809        2.5207254299124565E-009
   73.948219052373929        2.4383337669267732E-009
   76.588190020427049        2.3579559585467026E-009
   79.228160988480155        2.2795711465721894E-009
   81.868131956533261        2.2031574702650913E-009
   84.508102924586382        2.1286921244298834E-009
   87.148073892639502        2.0561514168925474E-009
   89.788044860692608        1.9855108253002065E-009
   92.428015828745714        1.9167450531680344E-009
   95.067986796798834        1.8498280851038880E-009
   97.707957764851955        1.7847332411451894E-009
   100.34792873290506        1.7214332301465642E-009
   102.98789970095817        1.6599002021607749E-009
   105.62787066901129        1.6001057997594539E-009
   108.26784163706441        1.5420212082442130E-009
   110.90781260511751        1.4856172047025812E-009
   113.54778357317062        1.4308642058671572E-009
   116.18775454122374        1.3777323147402934E-009
   118.82772550927686        1.3261913659503699E-009
   121.46769647732997        1.2762109698095053E-009
   124.10766744538307        1.2277605550462421E-009
   126.74763841343619        1.1808094101903347E-009
   129.38760938148931        1.1353267235903097E-009
   132.02758034954243        1.0912816220478566E-009
   134.66755131759552        1.0486432080565243E-009
   137.30752228564864        1.0073805956353766E-009
   139.94749325370177        9.6746294475139839E-010
   142.58746422175486        9.2885949432752704E-010
   145.22743518980798        8.9153959383604082E-010
   147.86740615786110        8.5547273347986737E-010
   150.50737712591422        8.2062857296706928E-010
   153.14734809396734        7.8697696888631902E-010
   155.78731906202043        7.5448800069361972E-010
   158.42729003007355        7.2313199532285672E-010
   161.06726099812667        6.9287955043499169E-010
   163.70723196617976        6.6370155632273872E-010
   166.34720293423288        6.3556921648955327E-010
   168.98717390228600        6.0845406692360315E-010
   171.62714487033912        5.8232799408905810E-010
   174.26711583839224        5.5716325165865385E-010
   176.90708680644534        5.3293247601294636E-010
   179.54705777449846        5.0960870053300289E-010
   182.18702874255158        4.8716536871451039E-010
   184.82699971060467        4.6557634613239667E-010
   187.46697067865779        4.4481593128605232E-010
   190.10694164671091        4.2485886535612124E-010
   192.74691261476403        4.0568034090461439E-010
   195.38688358281715        3.8725600955076645E-010
   198.02685455087024        3.6956198865562309E-010
   200.66682551892336        3.5257486704880764E-010
   203.30679648697648        3.3627170983131289E-010
   205.94676745502957        3.2063006228840299E-010
   208.58673842308269        3.0562795294693431E-010
   211.22670939113581        2.9124389581149044E-010
   213.86668035918893        2.7745689181375329E-010
   216.50665132724205        2.6424642950946257E-010
   219.14662229529515        2.5159248505721212E-010
   221.78659326334827        2.3947552151309504E-010
   224.42656423140139        2.2787648747496552E-010
   227.06653519945448        2.1677681510973678E-010
   229.70650616750760        2.0615841759675997E-010
   232.34647713556072        1.9600368601985432E-010
   234.98644810361384        1.8629548574009720E-010
   237.62641907166696        1.7701715228089791E-010
   240.26639003972005        1.6815248675631898E-010
   242.90636100777317        1.5968575087295633E-010
   245.54633197582629        1.5160166153504094E-010
   248.18630294387938        1.4388538508170293E-010
   250.82627391193250        1.3652253118462307E-010
   253.46624487998562        1.2949914643353772E-010
   256.10621584803874        1.2280170763627285E-010
   258.74618681609189        1.1641711485919100E-010
   261.38615778414498        1.1033268423311559E-010
   264.02612875219813        1.0453614054895771E-010
   266.66609972025122        9.9015609666440992E-011
   269.30607068830432        9.3759610758448071E-011
   271.94604165635747        8.8757048412676673E-011
   274.58601262441056        8.3997204611412226E-011
   277.22598359246365        7.9469730609373098E-011
   279.86595456051680        7.5164638728716151E-011
   282.50592552856989        7.1072294089439381E-011
   285.14589649662298        6.7183406292552285E-011
   287.78586746467613        6.3489021072554172E-011
   290.42583843272922        5.9980511934909346E-011
   293.06580940078237        5.6649571793388893E-011
   295.70578036883546        5.3488204621331358E-011
   298.34575133688855        5.0488717130072007E-011
   300.98572230494170        4.7643710487004788E-011
   303.62569327299479        4.4946072084969942E-011
   306.26566424104794        4.2388967373901631E-011
   308.90563520910104        3.9965831764940256E-011
   311.54560617715413        3.7670362616490460E-011
   314.18557714520728        3.5496511311008701E-011
   316.82554811326037        3.3438475430628975E-011
   319.46551908131346        3.1490691039070607E-011
   322.10549004936661        2.9647825076644210E-011
   324.74546101741970        2.7904767874548397E-011
   327.38543198547279        2.6256625794062270E-011
   330.02540295352594        2.4698713995663835E-011
   332.66537392157903        2.3226549342558376E-011
   335.30534488963218        2.1835843442569994E-011
   337.94531585768527        2.0522495831849708E-011
   340.58528682573836        1.9282587303366154E-011
   343.22525779379151        1.8112373382688974E-011
   345.86522876184461        1.7008277953133636E-011
   348.50519972989775        1.5966887031921256E-011
   351.14517069795085        1.4984942698611932E-011
   353.78514166600394        1.4059337176694955E-011
   356.42511263405709        1.3187107068868173E-011
   359.06508360211018        1.2365427746203458E-011
   361.70505457016327        1.1591607891085240E-011
   364.34502553821642        1.0863084193513840E-011
   366.98499650626951        1.0177416200092690E-011
   369.62496747432260        9.5322813147619591E-012
   372.26493844237575        8.9254699501050995E-012
   374.90490941042884        8.3548808278332743E-012
   377.54488037848199        7.8185164268515445E-012
   380.18485134653508        7.3144785771230105E-012
   382.82482231458818        6.8409641973769626E-012
   385.46479328264132        6.3962611745518566E-012
   388.10476425069442        5.9787443827230878E-012
   390.74473521874756        5.5868718391388955E-012
   393.38470618680066        5.2191809948748485E-012
   396.02467715485375        4.8742851575170235E-012
   398.66464812290690        4.5508700431961378E-012
   401.30461909095999        4.2476904552186965E-012
   403.94459005901308        3.9635670864760358E-012
   406.58456102706623        3.6973834427582560E-012
   409.22453199511932        3.4480828840546227E-012
   411.86450296317241        3.2146657808880259E-012
   414.50447393122556        2.9961867827043507E-012
   417.14444489927865        2.7917521953201632E-012
   419.78441586733180        2.6005174644221073E-012
   422.42438683538489        2.4216847621092555E-012
   425.06435780343799        2.2545006734735276E-012
   427.70432877149113        2.0982539802244418E-012
   430.34429973954423        1.9522735383810570E-012
   432.98427070759737        1.8159262470758945E-012
   435.62424167565047        1.6886151055431173E-012
   438.26421264370356        1.5697773553947749E-012
   440.90418361175671        1.4588827053251740E-012
   443.54415457980980        1.3554316354231447E-012
   446.18412554786289        1.2589537783153520E-012
   448.82409651591604        1.1690063744103168E-012
   451.46406748396913        1.0851727985619830E-012
   454.10403845202222        1.0070611555233457E-012
   456.74400942007537        9.3430294161460503E-013
   459.38398038812846        8.6655177008594898E-013
   462.02395135618161        8.0348215771241317E-013
   464.66392232423470        7.4478837021698368E-013
   467.30389329228780        6.9018332417778509E-013
   469.94386426034094        6.3939754313589017E-013
   472.58383522839404        5.9217816568152895E-013
   475.22380619644719        5.4828800335822418E-013
   477.86377716450028        5.0750464628637826E-013
   480.50374813255337        4.6961961446992078E-013
   483.14371910060652        4.3443755281165770E-013
   485.78369006865961        4.0177546792476071E-013
   488.42366103671270        3.7146200488925786E-013
   491.06363200476585        3.4333676216339159E-013
   493.70360297281894        3.1724964292001501E-013
   496.34357394087203        2.9306024113790878E-013
   498.98354490892518        2.7063726083669254E-013
   501.62351587697827        2.4985796690205468E-013
   504.26348684503142        2.3060766600492458E-013
   506.90345781308451        2.1277921617428915E-013
   509.54342878113761        1.9627256363814236E-013
   512.18339974919070        1.8099430560085515E-013
   514.82337071724385        1.6685727767774298E-013
   517.46334168529700        1.5378016475896767E-013
   520.10331265335003        1.4168713412490162E-013
   522.74328362140318        1.3050748968388627E-013
   525.38325458945633        1.2017534625074103E-013
   528.02322555750948        1.1062932283049788E-013
   530.66319652556251        1.0181225391663744E-013
   533.30316749361566        9.3670917856524079E-014
   535.94313846166881        8.6155781378857245E-014
   538.58310942972184        7.9220759418691193E-014
   541.22308039777499        7.2822989415003337E-014
   543.86305136582814        6.6922619293883941E-014
   546.50302233388118        6.1482608387181608E-014
   549.14299330193433        5.6468540571918662E-014
   551.78296426998747        5.1848448949973095E-014
   554.42293523804051        4.7592651420440268E-014
   557.06290620609366        4.3673596528761141E-014
   559.70287717414681        4.0065719007157815E-014
   562.34284814219984        3.6745304450162902E-014
   564.98281911025299        3.3690362597111649E-014
   567.62279007830614        3.0880508720401587E-014
   570.26276104635917        2.8296852644128291E-014
   572.90273201441232        2.5921894942442264E-014
   575.54270298246547        2.3739429890626282E-014
   578.18267395051862        2.1734454764525751E-014
   580.82264491857165        1.9893085105597628E-014
   583.46261588662480        1.8202475589498848E-014
   586.10258685467795        1.6650746155856279E-014
   588.74255782273099        1.5226913075664527E-014
   591.38252879078414        1.3920824650690164E-014
   594.02249975883728        1.2723101256335142E-014
   596.66247072689032        1.1625079455672026E-014
   599.30244169494347        1.0618759927831526E-014
   601.94241266299662        9.6967589686304479E-015
   604.58238363104965        8.8522633353018483E-015
   607.22235459910280        8.0789882204633843E-015
   609.86232556715595        7.3711381530544864E-015
   612.50229653520910        6.7233706359213439E-015
   615.14226750326213        6.1307623410556945E-015
   617.78223847131528        5.5887776942246252E-015
   620.42220943936843        5.0932396908902705E-015
   623.06218040742147        4.6403027949342346E-015
   625.70215137547461        4.2264277807984558E-015
   628.34212234352776        3.8483583882520108E-015
   630.98209331158080        3.5030996671170007E-015
   633.62206427963395        3.1878978969586497E-015
   636.26203524768709        2.9002219739842845E-015
   638.90200621574013        2.6377461642253573E-015
   641.54197718379328        2.3983341285152937E-015
   644.18194815184643        2.1800241308434208E-015
   646.82191911989946        1.9810153473785348E-015
   649.46189008795261        1.7996551988349173E-015
   652.10186105600576        1.6344276339139510E-015
   654.74183202405879        1.4839422963128742E-015
   657.38180299211194        1.3469245122650687E-015
   660.02177396016509        1.2222060397778573E-015
   662.66174492821824        1.1087165246788404E-015
   665.30171589627128        1.0054756122841654E-015
   667.94168686432442        9.1158566697533678E-016
   670.58165783237757        8.2622505522722835E-016
   673.22162880043061        7.4864195068139805E-016
   675.86159976848376        6.7814862271702149E-016
   678.50157073653691        6.1411617264775553E-016
   681.14154170458994        5.5596968417684070E-016
   683.78151267264309        5.0318375708485143E-016
   686.42148364069624        4.5527839531442720E-016
   689.06145460874927        4.1181522266221310E-016
   691.70142557680242        3.7239400119972253E-016
   694.34139654485557        3.3664942932902002E-016
   696.98136751290872        3.0424819804420792E-016
   699.62133848096175        2.7488628552294826E-016
   702.26130944901490        2.4828647162009748E-016
   704.90128041706805        2.2419605518512410E-016
   707.54125138512109        2.0238475838182947E-016
   710.18122235317423        1.8264280335932764E-016
   712.82119332122738        1.6477914771239268E-016
   715.46116428928042        1.4861986618250764E-016
   718.10113525733357        1.3400666699311320E-016
   720.74110622538672        1.2079553208820859E-016
   723.38107719343975        1.0885547135696530E-016
   726.02104816149290        9.8067381682450010E-017
   728.66101912954605        8.8323002353834860E-017
   731.30099009759908        7.9523959032031737E-017
   733.94096106565223        7.1580889062123316E-017
   736.58093203370538        6.4412641485342736E-017
   739.22090300175842        5.7945545621660467E-017
   741.86087396981156        5.2112742574178751E-017
   744.50084493786471        4.6853574451024211E-017
   747.14081590591786        4.2113026511808925E-017
   749.78078687397090        3.7841217826302932E-017
   752.42075784202405        3.3992936384841967E-017
   755.06072881007719        3.0527214925275011E-017
   757.70069977813023        2.7406944041761861E-017
   760.34067074618338        2.4598519418285430E-017
   762.98064171423653        2.2071520285955725E-017
   765.62061268228956        1.9798416439615683E-017
   768.26058365034271        1.7754301367356653E-017
   770.90055461839586        1.5916649247627595E-017
   773.54052558644889        1.4265093753962375E-017
   776.18049655450204        1.2781226778089402E-017
   778.82046752255519        1.1448415339433508E-017
   781.46043849060834        1.0251635093764605E-017
   784.10040945866137        9.1773189869414505E-018
   786.74038042671452        8.2132197222137932E-018
   789.38035139476767        7.3482848221868840E-018
   792.02032236282071        6.5725431700801916E-018
   794.66029333087386        5.8770020100255957E-018
   797.30026429892700        5.2535534734954968E-018
   799.94023526698004        4.6948897791340256E-018
   802.58020623503319        4.1944263268419945E-018
   805.22017720308634        3.7462319744586598E-018
   807.86014817113937        3.3449658472626262E-018
   810.50011913919252        2.9858200872360547E-018
   813.14009010724567        2.6644680010002508E-018
   815.78006107529870        2.3770171129219160E-018
   818.42003204335185        2.1199666734609728E-018
   821.06000301140500        1.8901692127008165E-018
   823.69997397945804        1.6847957654774928E-018
   826.33994494751119        1.5013044278766957E-018
   828.97991591556433        1.3374119353545901E-018
   831.61988688361748        1.1910679805959602E-018
   834.25985785167052        1.0604320146668347E-018
   836.89982881972367        9.4385229825047952E-019
   839.53979978777681        8.3984699095820960E-019
   842.17977075582985        7.4708708605089480E-019
   844.81974172388300        6.6438101554880516E-019
   847.45971269193615        5.9066076679078627E-019
   850.09968365998918        5.2496936616055907E-019
   852.73965462804233        4.6644959904955869E-019
   855.37962559609548        4.1433384728464052E-019
   858.01959656414851        3.6793493631627937E-019
   860.65956753220166        3.2663789453416360E-019
   863.29953850025481        2.8989253623767701E-019
   865.93950946830796        2.5720678811802943E-019
   868.57948043636100        2.2814068668000474E-019
   871.21945140441414        2.0230098090983759E-019
   873.85942237246729        1.7933628074379097E-019
   876.49939334052033        1.5893269756422889E-019
   879.13936430857348        1.4080992809848890E-019
   881.77933527662663        1.2471773776648794E-019
   884.41930624467966        1.1043280375913013E-019
   887.05927721273281        9.7755881969900991E-020
   889.69924818078596        8.6509265382349484E-020
   892.33921914883899        7.6534504669146205E-020
   894.97919011689214        6.7690364613615294E-020
   897.61916108494529        5.9850992549490183E-020
   900.25913205299832        5.2904277353672896E-020
   902.89910302105147        4.6750379642733917E-020
   905.53907398910462        4.1300415737320007E-020
   908.17904495715766        3.6475279688233649E-020
   910.81901592521081        3.2204589220943095E-020
   913.45898689326395        2.8425742867062886E-020
   916.09895786131710        2.5083076826202613E-020
   918.73892882937014        2.2127111252319277E-020
   921.37889979742329        1.9513876697041504E-020
   924.01887076547644        1.7204312379045915E-020
   926.65884173352947        1.5163728793062668E-020
   929.29881270158262        1.3361327933307408E-020
   931.93878366963577        1.1769775092019068E-020
   934.57875463768880        1.0364816811562238E-020
   937.21872560574195        9.1249401248209549E-021
   939.85869657379510        8.0310687192744618E-021
   942.49866754184814        7.0662921106403640E-021
   945.13863850990128        6.2156243171522293E-021
   947.77860947795443        5.4657888898576211E-021
   950.41858044600758        4.8050274817649027E-021
   953.05855141406062        4.2229294328792862E-021
   955.69852238211377        3.7102801124164250E-021
   958.33849335016691        3.2589259967402761E-021
   960.97846431821995        2.8616546745231843E-021
   963.61843528627310        2.5120881616877751E-021
   966.25840625432625        2.2045880800607847E-021
   968.89837722237928        1.9341714073140193E-021
   971.53834819043243        1.6964356434825030E-021
   974.17831915848558        1.4874923627357056E-021
   976.81829012653861        1.3039082295892666E-021
   979.45826109459176        1.1426526576933123E-021
   982.09823206264491        1.0010513778932836E-021
   984.73820303069795        8.7674526149824901E-022
   987.37817399875109        7.6765381556256162E-022
   990.01814496680424        6.7194283035397111E-022
   992.65811593485728        5.8799571581805362E-022
   995.29808690291043        5.1438811445276924E-022
   997.93805787096358        4.4986542320621367E-022
   1000.5780288390167        3.9332289736637463E-022
   1003.2179998070698        3.4378804543284178E-022
   1005.8579707751229        3.0040505609974772E-022
   1008.4979417431761        2.6242102714601357E-022
   1011.1379127112291        2.2917379158949377E-022
   1013.7778836792822        2.0008115924450062E-022
   1016.4178546473354        1.7463141212253628E-022
   1019.0578256153884        1.5237491019788869E-022
   1021.6977965834416        1.3291668016029148E-022
   1024.3377675514946        1.1590987410818248E-022
   1026.9777385195478        1.0104999788809313E-022
   1029.6177094876009        8.8069820128989097E-023
   1032.2576804556541        7.6734883106547657E-023
   1034.8976514237072        6.6839545538257741E-023
   1037.5376223917604        5.8203495377099119E-023
   1040.1775933598133        5.0668677748634091E-023
   1042.8175643278664        4.4096589460688988E-023
   1045.4575352959196        3.8365897093398092E-023
   1048.0975062639727        3.3370340627799795E-023
   1050.7374772320259        2.9016888962620117E-023
   1053.3774482000790        2.5224117563229206E-023
   1056.0174191681322        2.1920781939012828E-023
   1058.6573901361851        1.9044563704818650E-023
   1061.2973611042382        1.6540968692428028E-023
   1063.9373320722914        1.4362358978231538E-023
   1066.5773030403445        1.2467102818214615E-023
   1069.2172740083977        1.0818828361902401E-023
   1071.8572449764508        9.3857686806487942E-024
   1074.4972159445038        8.1401871170599422E-024
   1077.1371869125569        7.0578732632280350E-024
   1079.7771578806100        6.1177010251927544E-024
   1082.4171288486632        5.3012412468515112E-024
   1085.0570998167163        4.5924222637301104E-024
   1087.6970707847695        3.9772325491668310E-024
   1090.3370417528224        3.4434603146341374E-024
   1092.9770127208756        2.9804655428254146E-024
   1095.6169836889287        2.5789804762640277E-024
   1098.2569546569819        2.2309350639797919E-024
   1100.8969256250350        1.9293042917042507E-024
   1103.5368965930882        1.6679746936870730E-024
   1106.1768675611413        1.4416276724872314E-024
   1108.8168385291942        1.2456375421449726E-024
   1111.4568094972474        1.0759824645854624E-024
   1114.0967804653005        9.2916667301360812E-025
   1116.7367514333537        8.0215257303177297E-025
   1119.3767224014068        6.9230148542903639E-025
   1122.0166933694600        5.9732194686889689E-025
   1124.6566643375129        5.1522461852687995E-025
   1127.2966353055660        4.4428297029903479E-025
   1129.9366062736192        3.8299901145662647E-025
   1132.5765772416723        3.3007342927388333E-025
   1135.2165482097255        2.8437957671791192E-025
   1137.8565191777786        2.4494082009461542E-025
   1140.4964901458316        2.1091081876956523E-025
   1143.1364611138847        1.8155636276400155E-025
   1145.7764320819379        1.5624244107849503E-025
   1148.4164030499910        1.3441925482427536E-025
   1151.0563740180442        1.1561092535500112E-025
   1153.6963449860973        9.9405679213271823E-026
   1156.3363159541505        8.5447319386189280E-026
   1158.9762869222034        7.3427816586248777E-026
   1161.6162578902565        6.3080875462478535E-026
   1164.2562288583097        5.4176349176265834E-026
   1166.8961998263628        4.6515391974713106E-026
   1169.5361707944160        3.9926253550631976E-026
   1172.1761417624691        3.4260631345566394E-026
   1174.8161127305220        2.9390507753216687E-026
   1177.4560836985752        2.5205408610581926E-026
   1180.0960546666283        2.1610027594355109E-026
   1182.7360256346815        1.8522168320928241E-026
   1185.3759966027346        1.5870962211549758E-026
   1188.0159675707878        1.3595325645166342E-026
   1190.6559385388409        1.1642624681537330E-026
   1193.2959095068938        9.9675197848883591E-027
   1195.9358804749470        8.5309665913126729E-027
   1198.5758514430001        7.2993519092467577E-027
   1201.2158224110533        6.2437468810471658E-027
   1203.8557933791064        5.3392616170007389E-027
   1206.4957643471596        4.5644876864176342E-027
   1209.1357353152125        3.9010166535500857E-027
   1211.7757062832657        3.3330244136401424E-027
   1214.4156772513188        2.8469124467669155E-027
   1217.0556482193720        2.4309982908007342E-027
   1219.6956191874251        2.0752485628068304E-027
   1222.3355901554783        1.7710487508296812E-027
   1224.9755611235314        1.5110047727325628E-027
   1227.6155320915843        1.2887719710054744E-027
   1230.2555030596375        1.0989077955591650E-027
   1232.8954740276906        9.3674493215404386E-028
   1235.5354449957438        7.9828207241609115E-028
   1238.1754159637969        6.8008990121575006E-028
   1240.8153869318501        5.7923020622283750E-028
   1243.4553578999030        4.9318629940071225E-028
   1246.0953288679561        4.1980318689488525E-028
   1248.7352998360093        3.5723613727134650E-028
   1251.3752708040624        3.0390648277578267E-028
   1254.0152417721156        2.5846364804504930E-028
   1256.6552127401687        2.1975253883458340E-028
   1259.2951837082217        1.8678554271899868E-028
   1261.9351546762748        1.5871849688690994E-028
   1264.5751256443280        1.3483006726303788E-028
   1267.2150966123811        1.1450406013943281E-028
   1269.8550675804343        9.7214253922934854E-029
   1272.4950385484874        8.2511395927930004E-029
   1275.1350095165405        7.0012058594107938E-029
   1277.7749804845935        5.9389092155505322E-029
   1280.4149514526466        5.0363447553846811E-029
   1283.0549224206998        4.2697175076887453E-029
   1285.6948933887529        3.6187431503722098E-029
   1288.3348643568061        3.0661352053804292E-029
   1290.9748353248592        2.5971663683229598E-029
   1293.6148062929121        2.1992933699322068E-029
   1296.2547772609653        1.8618362660584332E-029
   1298.8947482290184        1.5757043428640127E-029
   1301.5347191970716        1.3331619331561748E-029
   1304.1746901651247        1.1276283933892785E-029
   1306.8146611331779        9.5350731036858352E-030
   1309.4546321012308        8.0604071072603395E-030
   1312.0946030692839        6.8118465089057924E-030
   1314.7345740373371        5.7550308440728507E-030
   1317.3745450053902        4.8607734902222746E-030
   1320.0145159734434        4.1042899825133435E-030
   1322.6544869414965        3.4645403006576903E-030
   1325.2944579095497        2.9236684650407165E-030
   1327.9344288776026        2.4665251904563232E-030
   1330.5743998456558        2.0802614111993487E-030
   1333.2143708137089        1.7539822605943810E-030
   1335.8543417817621        1.4784526032602803E-030
   1338.4943127498152        1.2458465156112474E-030
   1341.1342837178684        1.0495342202867361E-030
   1343.7742546859213        8.8390093004906285E-031
   1346.4142256539744        7.4419286908793005E-031
   1349.0541966220276        6.2638643429410170E-031
   1351.6941675900807        5.2707705279874942E-031
   1354.3341385581339        4.4338479941092164E-031
   1356.9741095261870        3.7287427096100012E-031
   1359.6140804942402        3.1348658463571108E-031
   1362.2540514622931        2.6348168331734680E-031
   1364.8940224303462        2.2138940055363637E-031
   1367.5339933983994        1.8596796780189128E-031
   1370.1739643664525        1.5616884276548017E-031
   1372.8139353345057        1.3110690489841372E-031
   1375.4539063025588        1.1003520671265718E-031
   1378.0938772706118        9.2323590991467720E-032
   1380.7338482386649        7.7440587478102578E-032
   1383.3738192067181        6.4938090713210856E-032
   1386.0137901747712        5.4438395692972203E-032
   1388.6537611428244        4.5623231843335737E-032
   1391.2937321108775        3.8224490101225194E-032
   1393.9337030789306        3.2016384069477164E-032
   1396.5736740469836        2.6808825470263884E-032
   1399.2136450150367        2.2441827487800594E-032
   1401.8536159830899        1.8780777940675400E-032
   1404.4935869511430        1.5712448303691164E-032
   1407.1335579191962        1.3141625045547792E-032
   1409.7735288872493        1.0988267104592962E-032
   1412.4134998553022        9.1851080528484245E-033
   1415.0534708233554        7.6756339925084602E-033
   1417.6934417914085        6.4123788246555519E-033
   1420.3334127594617        5.3554875127015390E-033
   1422.9733837275148        4.4715055761268407E-033
   1425.6133546955680        3.7323595003023745E-033
   1428.2533256636209        3.1144982114283772E-033
   1430.8932966316740        2.5981703914989914E-033
   1433.5332675997272        2.1668163238086309E-033
   1436.1732385677803        1.8065562728794978E-033
   1438.8132095358335        1.5057602055654053E-033
   1441.4531805038866        1.2546860303756514E-033
   1444.0931514719398        1.0451755359094566E-033
   1446.7331224399927        8.7039890281236285E-034
   1449.3730934080459        7.2464009447678546E-034
   1452.0130643760990        6.0311664018249271E-034
   1454.6530353441522        5.0182834474076194E-034
   1457.2930063122053        4.1743031998040431E-034
   1459.9329772802585        3.4712646017098818E-034
   1462.5729482483114        2.8858009653883551E-034
   1465.2129192163645        2.3983908301927862E-034
   1467.8528901844177        1.9927300122413970E-034
   1470.4928611524708        1.6552053991079497E-034
   1473.1328321205240        1.3744541369652652E-034
   1475.7728030885771        1.1409944639966577E-034
   1478.4127740566300        9.4691663840080535E-035
   1481.0527450246832        7.8562425647367767E-035
   1483.6927159927363        6.5161781054827148E-035
   1486.3326869607895        5.4031364403551953E-035
   1488.9726579288426        4.4789256029696464E-035
   1491.6126288968958        3.7117326638264603E-035
   1494.2525998649489        3.0750660946077559E-035
   1496.8925708330019        2.5468721638467993E-035
   1499.5325418010550        2.1087969496840706E-035
   1502.1725127691082        1.7455701576218912E-035
   1504.8124837371613        1.4444907941063389E-035
   1507.4524547052144        1.1949979881562125E-035
   1510.0924256732676        9.8831297227152743E-036
   1512.7323966413205        8.1714051397485304E-036
   1515.3723676093737        6.7542000081169875E-036
   1518.0123385774268        5.5811798357309258E-036
   1520.6523095454800        4.6105532460722063E-036
   1523.2922805135331        3.8076322215893138E-036
   1525.9322514815863        3.1436332284121038E-036
   1528.5722224496394        2.5946792212071666E-036
   1531.2121934176923        2.1409691188492832E-036
   1533.8521643857455        1.7660868556977677E-036
   1536.4921353537986        1.4564267244338985E-036
   1539.1321063218518        1.2007155812872654E-036
   1541.7720772899049        9.8961570611365648E-037
   1544.4120482579581        8.1539480136272104E-037
   1547.0520192260110        6.7165186201438562E-037
   1549.6919901940641        5.5308952557064290E-037
   1552.3319611621173        4.5532507792143982E-037
   1554.9719321301704        3.7473359824252051E-037
   1557.6119030982236        3.0831781664073163E-037
   1560.2518740662767        2.5360016770153627E-037
   1562.8918450343299        2.0853328126145679E-037
   1565.5318160023828        1.7142578359106028E-037
   1568.1717869704360        1.4088080861050745E-037
   1570.8117579384891        1.1574505722519184E-037
   1573.4517289065423        9.5066607950886844E-038
   1576.0916998745954        7.8059985884736124E-038
   1578.7316708426486        6.4077249949373738E-038
   1581.3716418107015        5.2584068692227607E-038
   1584.0116127787546        4.3139929855170768E-038
   1586.6515837468078        3.5381774360898603E-038
   1589.2915547148609        2.9010466229764344E-038
   1591.9315256829141        2.3779610362555671E-038
   1594.5714966509672        1.9486313533367758E-038
   1597.2114676190201        1.5963553193517189E-038
   1599.8514385870733        1.3073876175625059E-038
   1602.4914095551264        1.0704197091828845E-038
   1605.1313805231796        8.7615057941769708E-039
   1607.7713514912327        7.1693260844381723E-039
   1610.4113224592859        5.8647950693531873E-039
   1613.0512934273390        4.7962551079624983E-039
   1615.6912643953920        3.9212689818052448E-039
   1618.3312353634451        3.2049843946416403E-039
   1620.9712063314983        2.6187867229092000E-039
   1623.6111772995514        2.1391895457344754E-039
   1626.2511482676045        1.7469212614029577E-039
   1628.8911192356577        1.4261733590358497E-039
   1631.5310902037106        1.1639819198980669E-039
   1634.1710611717638        9.4971888803323613E-040
   1636.8110321398169        7.7467375376591577E-040
   1639.4510031078701        6.3170968443917315E-040
   1642.0909740759232        5.1498093758544984E-040
   1644.7309450439764        4.1970070451470349E-040
   1647.3709160120293        3.4195044149701077E-040
   1650.0108869800824        2.7852332126625619E-040
   1652.6508579481356        2.2679573738387199E-040
   1655.2908289161887        1.8462186600432711E-040
   1657.9307998842419        1.5024717343479081E-040
   1660.5707708522950        1.2223748637819483E-040
   1663.2107418203482        9.9420842015975504E-041
   1665.8507127884011        8.0839829542744892E-041
   1668.4906837564542        6.5712541937170106E-041
   1671.1306547245074        5.3400591946798468E-041
   1673.7706256925605        4.3382922118816187E-041
   1676.4105966606137        3.5234365659496992E-041
   1679.0505676286668        2.8608101564472361E-041
   1681.6905385967198        2.3221300936428345E-041
   1684.3305095647729        1.8843387557237005E-041
   1686.9704805328261        1.5286439441068948E-041
   1689.6104515008792        1.2397343247289548E-041
   1692.2504224689324        1.0051383359981051E-041
   1694.8903934369855        8.1470048489725461E-042
   1697.5303644050387        6.6015366425989718E-042
   1700.1703353730916        5.3476998985519548E-042
   1702.8103063411447        4.3307582652720774E-042
   1705.4502773091979        3.5061927239556385E-042
   1708.0902482772510        2.8378050116819767E-042
   1710.7302192453042        2.2961710891493895E-042
   1713.3701902133573        1.8573804222944022E-042
   1716.0101611814102        1.5020085628896037E-042
   1718.6501321494634        1.2142801050344261E-042
   1721.2901031175165        9.8138694495135732E-043
   1723.9300740855697        7.9293319482865606E-043
   1726.5700450536228        6.4048335546961545E-043
   1729.2100160216760        5.1719464876159041E-043
   1731.8499869897291        4.1751792299104538E-043
   1734.4899579577821        3.3695441408463869E-043
   1737.1299289258352        2.7185799057757262E-043
   1739.7698998938884        2.1927442507455287E-043
   1742.4098708619415        1.7681079846574747E-043
   1745.0498418299946        1.4252941931086288E-043
   1747.6898127980478        1.1486168209962634E-043
   1750.3297837661007        9.2538137500559589E-044
   1752.9697547341539        7.4531740372669320E-044
   1755.6097257022070        6.0011805988017000E-044
   1758.2496966702602        4.8306665107176030E-044
   1760.8896676383133        3.8873383480995858E-044
   1763.5296386063665        3.1273216725647240E-044
   1766.1696095744194        2.5151720161958596E-044
   1768.8095805424725        2.0222635601983369E-044
   1771.4495515105257        1.6254841759088655E-044
   1774.0895224785788        1.3061788933747815E-044
   1776.7294934466320        1.0492947581883981E-044
   1779.3694644146851        8.4268889518949280E-045
   1782.0094353827383        6.7656879690152800E-045
   1784.6494063507912        5.4303970394822552E-045
   1787.2893773188443        4.3573869587199375E-045
   1789.9293482868975        3.4953896875524605E-045
   1792.5693192549506        2.8031090779501640E-045
   1795.2092902230038        2.2472910443556229E-045
   1797.8492611910569        1.8011652945854350E-045
   1800.4892321591099        1.4431874558795622E-045
   1803.1292031271630        1.1560239890787434E-045
   1805.7691740952162        9.2573327257052891E-046
   1808.4091450632693        7.4110514155379610E-046
   1811.0491160313225        5.9312838066115402E-046
   1813.6890869993756        4.7456150858314917E-046
   1816.3290579674285        3.7958692156779719E-046
   1818.9690289354817        3.0353228922467251E-046
   1821.6089999035348        2.4264619195128308E-046
   1824.2489708715880        1.9391749328189812E-046
   1826.8889418396411        1.5492996508859503E-046
   1829.5289128076943        1.2374532010962031E-046
   1832.1688837757474        9.8809128729988794E-047
   1834.8088547438003        7.8875165252079868E-047
   1837.4488257118535        6.2944591647100870E-047
   1840.0887966799066        5.0217083312882640E-047
   1842.7287676479598        4.0051563533152092E-047
   1845.3687386160129        3.1934666920952815E-047
   1848.0087095840661        2.5455417995010287E-047
   1850.6486805521190        2.0284906059171346E-047
   1853.2886515201722        1.6159975376700302E-047
   1855.9286224882253        1.2870141286000555E-047
   1858.5685934562784        1.0247097307059085E-047
   1861.2085644243316        8.1563026420524245E-048
   1863.8485353923847        6.4902395963694653E-048
   1866.4885063604379        5.1630110351944086E-048
   1869.1284773284908        4.1060128371774912E-048
   1871.7684482965440        3.2644684699933730E-048
   1874.4084192645971        2.5946547607574646E-048
   1877.0483902326503        2.0616816575165081E-048
   1879.6883612007034        1.6377158808884418E-048
   1882.3283321687566        1.3005601404621130E-048
   1884.9683031368095        1.0325170806613831E-048
   1887.6082741048626        8.1948116453890027E-049
   1890.2482450729158        6.5021297709012075E-049
   1892.8882160409689        5.1575947602335792E-049
   1895.5281870090221        4.0899097516663107E-049
   1898.1681579770752        3.2423146589750197E-049
   1900.8081289451284        2.5696354830267416E-049
   1903.4480999131813        2.0359298383791502E-049
   1906.0880708812344        1.6126087802484691E-049
   1908.7280418492876        1.2769390218629275E-049
   1911.3680128173407        1.0108488545786948E-049
   1914.0079837853939        7.9997647132663405E-050
   1916.6479547534470        6.3291170901619934E-050
   1919.2879257215000        5.0059207822804205E-050
   1921.9278966895531        3.9582182881874886E-050
   1924.5678676576063        3.1288910091418259E-050
   1927.2078386256594        2.4726124721528887E-050
   1929.8478095937126        1.9534243710786896E-050
   1932.4877805617657        1.5428086808006004E-050
   1935.1277515298186        1.2181547748034068E-050
   1937.7677224978718        9.6154097475895284E-051
   1940.4076934659249        7.5876632089100607E-051
   1943.0476644339781        5.9858140543598918E-051
   1945.6876354020312        4.7207752358677605E-051
   1948.3276063700844        3.7220169894186049E-051
   1950.9675773381375        2.9337175903391961E-051
   1953.6075483061904        2.3117091099928691E-051
   1956.2475192742436        1.8210546954304886E-051
   1958.8874902422967        1.4341273609025097E-051
   1961.5274612103499        1.1290869269495125E-051
   1964.1674321784030        8.8867295273197324E-052
   1966.8074031464562        6.9924838452480999E-052
   1969.4473741145091        5.5004206892811305E-052
   1972.0873450825623        4.3254895601962390E-052
   1974.7273160506154        3.4005530570585465E-052
   1977.3672870186685        2.6726295654044517E-052
   1980.0072579867217        2.0999207617814034E-052
   1982.6472289547748        1.6494606994749449E-052
   1985.2871999228278        1.2952570454724937E-052
   1987.9271708908809        1.0168218737311993E-052
   1990.5671418589341        7.9801071535345020E-053
   1993.2071128269872        6.2610546077828833E-053
   1995.8470837950404        4.9109010806093019E-053
   1998.4870547630935        3.8507897479324418E-053
   2001.1270257311467        3.0186541159632298E-053
   2003.7669966991996        2.3656572727070939E-053
   2006.4069676672527        1.8533832099363951E-053
   2009.0469386353059        1.4516220241383521E-053
   2011.6869096033590        1.1366239398969576E-053
   2014.3268805714122        8.8972332315013945E-054
   2016.9668515394653        6.9625459998834213E-054
   2019.6068225075182        5.4469840755265409E-054
   2022.2467934755714        4.2600927997786717E-054
   2024.8867644436245        3.3308642988757987E-054
   2027.5267354116777        2.6035729191675523E-054
   2030.1667063797308        2.0344989849178101E-054
   2032.8066773477840        1.5893521558086252E-054
   2035.4466483158371        1.2412455916865605E-054
   2038.0866192838901        9.6910364892992298E-055
   2040.7265902519432        7.5641070141788113E-055
   2043.3665612199964        5.9022829595308462E-055
   2046.0065321880495        4.6042332154207830E-055
   2048.6465031561024        3.5906206732417235E-055
   2051.2864741241556        2.7993465526134928E-055
   2053.9264450922087        2.1818190621882629E-055
   2056.5664160602619        1.7000266247557065E-055
   2059.2063870283150        1.3242428609349350E-055
   2061.8463579963682        1.0312274941553925E-055
   2064.4863289644213        8.0281643119615407E-056
   2067.1262999324745        6.2481715873788019E-056
   2069.7662709005276        4.8614359542455313E-056
   2072.4062418685808        3.7813869019704979E-056
   2075.0462128366339        2.9404418038203192E-056
   2077.6861838046871        2.2858566272119486E-056
   2080.3261547727398        1.7764799570853597E-056
   2082.9661257407929        1.3802144270472134E-056
   2085.6060967088461        1.0720319756132746E-056
   2088.2460676768992        8.3242256016241569E-057
   2090.8860386449524        6.4618202113371825E-057
   2093.5260096130055        5.0146522887035045E-057
   2096.1659805810586        3.8904667254738555E-057
   2098.8059515491118        3.0174321376126531E-057
   2101.4459225171649        2.3396357230007994E-057
   2104.0858934852181        1.8135682416620055E-057
   2106.7258644532712        1.4053823214802636E-057
   2109.3658354213244        1.0887545833307550E-057
   2112.0058063893775        8.4321909415593834E-058
   2114.6457773574302        6.5286861916182028E-058
   2117.2857483254834        5.0534279979289061E-058
   2119.9257192935365        3.9104010067092634E-058
   2122.5656902615897        3.0250421880924417E-058
   2125.2056612296428        2.3394647270062552E-058
   2127.8456321976960        1.8087414584298941E-058
   2130.4856031657491        1.3980136468475512E-058
   2133.1255741338023        1.0802424867012526E-058
   2135.7655451018554        8.3446096139439296E-059
   2138.4055160699086        6.4441511634483291E-059
   2141.0454870379617        4.9750831162616854E-059
   2143.6854580060149        3.8398113500212965E-059
   2146.3254289740676        2.9627455961093842E-059
   2148.9653999421207        2.2853554674501737E-059
   2151.6053709101739        1.7623334546261917E-059
   2154.2453418782270        1.3586179139507128E-059
   2156.8853128462802        1.0470839765406611E-059
   2159.5252838143333        8.0675305120233797E-060
   2162.1652547823865        6.2140485994735082E-060
   2164.8052257504396        4.7850182701719860E-060
   2167.4451967184928        3.6835577338614458E-060
   2170.0851676865459        2.8348252201520810E-060
   2172.7251386545990        2.1810218701590503E-060
   2175.3651096226522        1.6775237559775047E-060
   2178.0050805907053        1.2898887755874989E-060
   2180.6450515587580        9.9154122189407238E-061
   2183.2850225268112        7.6198111958309197E-061
   2185.9249934948643        5.8539980421662901E-061
   2188.5649644629175        4.4960989555896042E-061
   2191.2049354309706        3.4521851128566692E-061
   2193.8449063990238        2.6498861517830661E-061
   2196.4848773670769        2.0334583509707324E-061
   2199.1248483351301        1.5599772818838089E-061
   2201.7648193031832        1.1963994142143212E-061
   2204.4047902712364        9.1729501984522393E-062
   2207.0447612392895        7.0309952660898851E-062
   2209.6847322073427        5.3876515707594940E-062
   2212.3247031753958        4.1272152834455787E-062
   2214.9646741434485        3.1607465370680834E-062
   2217.6046451115017        2.4198984669908793E-062
   2220.2446160795548        1.8521644491671228E-062
   2222.8845870476080        1.4172186848884079E-062
   2225.5245580156611        1.0840994422350517E-062
   2228.1645289837143        8.2904155240115994E-063
   2230.8044999517674        6.3380899984127249E-063
   2233.4444709198206        4.8441259998418729E-063
   2236.0844418878737        3.7012411861542957E-063
   2238.7244128559269        2.8271852564731648E-063
   2241.3643838239800        2.1589176379950429E-063
   2244.0043547920332        1.6481350959459062E-063
   2246.6443257600863        1.2578372921425314E-063
   2249.2842967281390        9.5969018103107004E-064
   2251.9242676961921        7.3200249653380654E-064
   2254.5642386642453        5.5817322378391580E-064
   2257.2042096322984        4.2550078121401491E-064
   2259.8441806003516        3.2426990957676116E-064
   2262.4841515684047        2.4705171046377565E-064
   2265.1241225364579        1.8816723602406013E-064
   2267.7640935045110        1.4327653570679926E-064
   2270.4040644725642        1.0906391031356520E-064
   2273.0440354406173        8.2996921310836655E-065
   2275.6840064086705        6.3141926341483398E-065
   2278.3239773767236        4.8022923762885642E-065
   2280.9639483447763        3.6513569740602875E-065
   2283.6039193128295        2.7754596370871762E-065
   2286.2438902808826        2.1090674248721625E-065
   2288.8838612489358        1.6022155336807311E-065
   2291.5238322169889        1.2168199961563528E-065
   2294.1638031850421        9.2386106316240379E-066
   2296.8037741530952        7.0123230549577425E-066
   2299.4437451211484        5.3209857204073447E-066
   2302.0837160892015        4.0364278793590040E-066
   2304.7236870572547        3.0610979521313573E-066
   2307.3636580253078        2.3207704307060874E-066
   2310.0036289933610        1.7589847083559186E-066
   2312.6435999614141        1.3328057921480561E-066
   2315.2835709294668        1.0095936372443099E-066
   2317.9235418975200        7.6454185196917817E-067
   2320.5635128655731        5.7880310138035190E-067
   2323.2034838336263        4.3806177721463659E-067
   2325.8434548016794        3.3144753839946895E-067
   2328.4834257697325        2.5070855921064356E-067
   2331.1233967377857        1.8958258912489070E-067
   2333.7633677058388        1.4331863563698987E-067
   2336.4033386738920        1.0831330456476001E-067
   2339.0433096419451        8.1834394418236825E-068
   2341.6832806099983        6.1810871331083293E-068
   2344.3232515780514        4.6673329672047154E-068
   2346.9632225461046        3.5232838185122975E-068
   2349.6031935141573        2.6588963011745169E-068
   2352.2431644822104        2.0059961559415973E-068
   2354.8831354502636        1.5129818527706586E-068
   2357.5231064183167        1.1408072366433286E-068
   2360.1630773863699        8.5993523052052908E-069
   2362.8030483544230        6.4802855344469608E-069
   2365.4430193224762        4.8819965532649119E-069
   2368.0829902905293        3.6768483731594470E-069
   2370.7229612585825        2.7684003715181035E-069
   2373.3629322266356        2.0838046506347952E-069
   2376.0029031946888        1.5680504556292622E-069
   2378.6428741627419        1.1796087598222927E-069
   2381.2828451307951        8.8713736375176579E-070
   2383.9228160988478        6.6698901103815106E-070
   2386.5627870669009        5.0132736650810466E-070
   2389.2027580349541        3.7670299431698951E-070
   2391.8427290030072        2.8297733877289614E-070
   2394.4826999710604        2.1250990131793408E-070
   2397.1226709391135        1.5954441546689689E-070
   2399.7626419071667        1.1974543629488197E-070
   2402.4026128752198        8.9848588768776580E-071
   2405.0425838432730        6.7396675663731317E-071
   2407.6825548113261        5.0540626002576028E-071
   2410.3225257793792        3.7889396167967594E-071
   2412.9624967474324        2.8396817955837284E-071
   2415.6024677154855        2.1276324060660835E-071
   2418.2424386835382        1.5936701621653116E-071
   2420.8824096515914        1.1933702654550846E-071
   2423.5223806196445        8.9336083598757290E-072
   2426.1623515876977        6.6858023328522710E-072
   2428.8023225557508        5.0021312311985106E-072
   2431.4422935238040        3.7413777233578744E-072
   2434.0822644918571        2.7975828489604790E-072
   2436.7222354599103        2.0912660324985521E-072
   2439.3622064279634        1.5628256700224013E-072
   2442.0021773960166        1.1675801813598188E-072
   2444.6421483640697        8.7204283695061579E-073
   2447.2821193321229        6.5112421900940358E-073
   2449.9220903001760        4.8603193514751229E-073
   2452.5620612682287        3.6269426476898508E-073
   2455.2020322362819        2.7057738576590640E-073
   2457.8420032043350        2.0179817329908496E-073
   2460.4819741723882        1.5045890290266765E-073
   2463.1219451404413        1.1214850196572421E-073
   2465.7619161084945        8.3568765910645295E-074
   2468.4018870765476        6.2254310405861148E-074
   2471.0418580446008        4.6362814319262836E-074
   2473.6818290126539        3.4517956769606877E-074
   2476.3217999807071        2.5691845179410936E-074
   2478.9617709487602        1.9117030717002934E-074
   2481.6017419168134        1.4220684642305736E-074
   2484.2417128848660        1.0575368252960074E-074
   2486.8816838529192        7.8622241038850624E-075
   2489.5216548209723        5.8434625386809472E-075
   2492.1616257890255        4.3418022125082923E-075
   2494.8015967570786        3.2251114933843795E-075
   2497.4415677251318        2.3949384485729482E-075
   2500.0815386931849        1.7779473882051894E-075
   2502.7215096612381        1.3195273023817212E-075
   2505.3614806292912        9.7902274535403886E-076
   2508.0014515973444        7.2617636343912299E-076
   2510.6414225653975        5.3847601281810499E-076
   2513.2813935334507        3.9917702831824506E-076
   2515.9213645015038        2.9582825080277261E-076
   2518.5613354695565        2.1917381967320497E-076
   2521.2013064376097        1.6233517486247667E-076
   2523.8412774056628        1.2020195074571359E-076
   2526.4812483737160        8.8978550060851245E-077
   2529.1212193417691        6.5846706744361537E-077
   2531.7611903098223        4.8714440572415965E-077
   2534.4011612778754        3.6029339949735602E-077
   2537.0411322459286        2.6639729972750099E-077
   2539.6811032139817        1.9691475377351913E-077
   2542.3210741820349        1.4551294185709072E-077
   2544.9610451500880        1.0749788290469116E-077
   2547.6010161181412        7.9391339114000074E-078
   2550.2409870861943        5.8616687117315430E-078
   2552.8809580542470        4.3265760061115577E-078
   2555.5209290223002        3.1925839901412179E-078
   2558.1608999903533        2.3551319889615754E-078
   2560.8008709584064        1.7368531363433202E-078
   2563.4408419264596        1.2805185347652363E-078
   2566.0808128945127        9.4380780986781019E-079
   2568.7207838625659        6.9543443354658796E-079
   2571.3607548306190        5.1227568182644369E-079
   2574.0007257986722        3.7724736550808205E-079
   2576.6406967667253        2.7773052625245752E-079
   2579.2806677347785        2.0440708481300334E-079
   2581.9206387028316        1.5039839369752862E-079
   2584.5606096708848        1.1062808053736680E-079
   2587.2005806389375        8.1350922565055488E-080
   2589.8405516069906        5.9804589488315290E-080
   2592.4805225750438        4.3952286273815010E-080
   2595.1204935430969        3.2292625334630076E-080
   2597.7604645111501        2.3719206869546352E-080
   2600.4004354792032        1.7416941687508385E-080
   2603.0404064472564        1.2785524792427206E-080
   2605.6803774153095        9.3829660629429972E-081
   2608.3203483833627        6.8839333731381831E-081
   2610.9603193514158        5.0490316957402861E-081
   2613.6002903194690        3.7021538411357493E-081
   2616.2402612875221        2.7137869660321717E-081
   2618.8802322555748        1.9887123411780562E-081
   2621.5202032236280        1.4569448454065180E-081
   2624.1601741916811        1.0670608342177081E-081
   2626.8001451597343        7.8128623723495594E-082
   2629.4401161277874        5.7188156152387063E-082
   2632.0800870958406        4.1848215223561314E-082
   2634.7200580638937        3.0614185737797280E-082
   2637.3600290319469        2.2389449261162489E-082
