# Recoil energy (kev)        Event rate (events/gev)
   1.0000000000000000        158805.58831126709     
   2.0000000000000000        149002.71063845285     
   3.0000000000000000        139759.42023683141     
   4.0000000000000000        131046.31940203746     
   5.0000000000000000        122835.36710359518     
   6.0000000000000000        115099.86407101320     
   7.0000000000000000        107814.40552025253     
   8.0000000000000000        100954.82842484422     
   9.0000000000000000        94498.158450211209     
   10.000000000000000        88422.557983029750     
   11.000000000000000        82707.275736221913     
   12.000000000000000        77332.598098037808     
   13.000000000000000        72279.802273476453     
   14.000000000000000        67531.111214398028     
   15.000000000000000        63069.650310380370     
   16.000000000000000        58879.405800344975     
   17.000000000000000        54945.184858883018     
   18.000000000000000        51252.577308166743     
   19.000000000000000        47787.918904942140     
   20.000000000000000        44538.256151687950     
   21.000000000000000        41491.312581168073     
   22.000000000000000        38635.456464116040     
   23.000000000000000        35959.669890529018     
   24.000000000000000        33453.519175943235     
   25.000000000000000        31107.126545056752     
   26.000000000000000        28911.143046133042     
   27.000000000000000        26856.722650734064     
   28.000000000000000        24935.497494479772     
   29.000000000000000        23139.554215694319     
   30.000000000000000        21461.411349986993     
   31.000000000000000        19893.997739990897     
   32.000000000000000        18430.631920675805     
   33.000000000000000        17065.002441824156     
   34.000000000000000        15791.149090436127     
   35.000000000000000        14603.444976985933     
   36.000000000000000        13496.579450599300     
   37.000000000000000        12465.541809355320     
   38.000000000000000        11505.605773024527     
   39.000000000000000        10612.314686653335     
   40.000000000000000        9781.4674244774214     
   41.000000000000000        9009.1049646997562     
   42.000000000000000        8291.4976066998424     
   43.000000000000000        7625.1328032488809     
   44.000000000000000        7006.7035812906488     
   45.000000000000000        6433.0975258084554     
   46.000000000000000        5901.3863022356409     
   47.000000000000000        5408.8156937801987     
   48.000000000000000        4952.7961309224938     
   49.000000000000000        4530.8936912081745     
   50.000000000000000        4140.8215482991900     
   51.000000000000000        3780.4318500605395     
   52.000000000000000        3447.7080062510790     
   53.000000000000000        3140.7573671550326     
   54.000000000000000        2857.8042752334104     
   55.000000000000000        2597.1834725950825     
   56.000000000000000        2357.3338477844718     
   57.000000000000000        2136.7925060567309     
   58.000000000000000        1934.1891479636190     
   59.000000000000000        1748.2407417031372     
   60.000000000000000        1577.7464752946264     
   61.000000000000000        1421.5829752283460     
   62.000000000000000        1278.6997788054680     
   63.000000000000000        1148.1150479310409     
   64.000000000000000        1028.9115126495124     
   65.000000000000000        920.23263322004982     
   66.000000000000000        821.27897001810072     
   67.000000000000000        731.30475102035768     
   68.000000000000000        649.61462708347756     
   69.000000000000000        575.56060566264887     
   70.000000000000000        508.53915403531812     
   71.000000000000000        447.98846349813130     
   72.000000000000000        393.38586639223695     
   73.000000000000000        344.24539818380310     
   74.000000000000000        300.11549718359134     
   75.000000000000000        260.57683483188299     
   76.000000000000000        225.24026980380927     
   77.000000000000000        193.74491950529361     
   78.000000000000000        165.75634283203459     
   79.000000000000000        140.96482835363855     
   80.000000000000000        119.08378236251851     
   81.000000000000000        99.848211492991155     
   82.000000000000000        83.013294870547554     
   83.000000000000000        68.353040994868209     
   84.000000000000000        55.659024793312554     
   85.000000000000000        44.739200504592311     
   86.000000000000000        35.416786265610888     
   87.000000000000000        27.529216478333730     
   88.000000000000000        20.927158228402604     
   89.000000000000000        15.473588213369414     
   90.000000000000000        11.042926816253290     
   91.000000000000000        7.5202261299128015     
   92.000000000000000        4.8004088997999510     
   93.000000000000000        2.7875555073485834     
   94.000000000000000        1.3942362638073134     
   95.000000000000000       0.54088642507094842     
   96.000000000000000       0.15522147225608762     
   97.000000000000000       0.17169033068363690     
   98.000000000000000       0.53096432182325237     
   99.000000000000000        1.1794597588805260     
   100.00000000000000        2.0688922073039957     
   101.00000000000000        3.1558605367902302     
   102.00000000000000        4.4014589915987381     
   103.00000000000000        5.7709156013663128     
   104.00000000000000        7.2332553453485842     
   105.00000000000000        8.7609865693084412     
   106.00000000000000        10.329809236322479     
   107.00000000000000        11.918343670756835     
   108.00000000000000        13.507878528777749     
   109.00000000000000        15.082136799152087     
   110.00000000000000        16.627058704956678     
   111.00000000000000        18.130600440287136     
   112.00000000000000        19.582547736307117     
   113.00000000000000        20.974343308146345     
   114.00000000000000        22.298927288381634     
   115.00000000000000        23.550589804271215     
   116.00000000000000        24.724834904655527     
   117.00000000000000        25.818255088656578     
   118.00000000000000        26.828415732082451     
   119.00000000000000        27.753748748916660     
   120.00000000000000        28.593454864533399     
   121.00000000000000        29.347413914462059     
   122.00000000000000        30.016102617686620     
   123.00000000000000        30.600519306754421     
   124.00000000000000        31.102115128430718     
   125.00000000000000        31.522731258395996     
   126.00000000000000        31.864541701600508     
   127.00000000000000        32.130001276457229     
   128.00000000000000        32.321798406155217     
   129.00000000000000        32.442812364057623     
   130.00000000000000        32.496074642524150     
   131.00000000000000        32.484734135586706     
   132.00000000000000        32.412025845816984     
   133.00000000000000        32.281242844481739     
   134.00000000000000        32.095711231774850     
   135.00000000000000        31.858767860571490     
   136.00000000000000        31.573740602848275     
   137.00000000000000        31.243930952683140     
   138.00000000000000        30.872598773659817     
   139.00000000000000        30.462949011574068     
   140.00000000000000        30.018120205643815     
   141.00000000000000        29.541174642984203     
   142.00000000000000        29.035090011970080     
   143.00000000000000        28.502752420312206     
   144.00000000000000        27.946950653241242     
   145.00000000000000        27.370371556192701     
   146.00000000000000        26.775596434792675     
   147.00000000000000        26.165098372864925     
   148.00000000000000        25.541240376562204     
   149.00000000000000        24.906274259666382     
   150.00000000000000        24.262340191585000     
   151.00000000000000        23.611466835642045     
   152.00000000000000        22.955572010931935     
   153.00000000000000        22.296463816310908     
   154.00000000000000        21.635842160049272     
   155.00000000000000        20.975300643289973     
   156.00000000000000        20.316328749767560     
   157.00000000000000        19.660314298265138     
   158.00000000000000        19.008546118019801     
   159.00000000000000        18.362216910781349     
   160.00000000000000        17.722426266461945     
   161.00000000000000        17.090183802330568     
   162.00000000000000        16.466412398500747     
   163.00000000000000        15.851951505059260     
   164.00000000000000        15.247560498586154     
   165.00000000000000        14.653922068048876     
   166.00000000000000        14.071645612115658     
   167.00000000000000        13.501270631840868     
   168.00000000000000        12.943270104436129     
   169.00000000000000        12.398053825467422     
   170.00000000000000        11.865971708315683     
   171.00000000000000        11.347317031115402     
   172.00000000000000        10.842329622655440     
   173.00000000000000        10.351198979885275     
   174.00000000000000        9.8740673107390329     
   175.00000000000000        9.4110324969625410     
   176.00000000000000        8.9621509725199893     
   177.00000000000000        8.5274405139683651     
   178.00000000000000        8.1068829399280737     
   179.00000000000000        7.7004267174469705     
   180.00000000000000        7.3079894736647519     
   181.00000000000000        6.9294604117323821     
   182.00000000000000        6.5647026304363765     
   183.00000000000000        6.2135553474229344     
   184.00000000000000        5.8758360263119664     
   185.00000000000000        5.5513424083490532     
   186.00000000000000        5.2398544495548833     
   187.00000000000000        4.9411361646114615     
   188.00000000000000        4.6549373789668920     
   189.00000000000000        4.3809953908551291     
   190.00000000000000        4.1190365451085311     
   191.00000000000000        3.8687777208011123     
   192.00000000000000        3.6299277348927173     
   193.00000000000000        3.4021886641552377     
   194.00000000000000        3.1852570877554758     
   195.00000000000000        2.9788252529389454     
   196.00000000000000        2.7825821663178556     
   197.00000000000000        2.5962146133061581     
   198.00000000000000        2.4194081082716141     
   199.00000000000000        2.2518477779897319     
   200.00000000000000        2.0932191809886778     
   201.00000000000000        1.9432090653666987     
   202.00000000000000        1.8015060676489763     
   203.00000000000000        1.6678013552264341     
   204.00000000000000        1.5417892148901624     
   205.00000000000000        1.4231675899358482     
   206.00000000000000        1.3116385682728844     
   207.00000000000000        1.2069088239236891     
   208.00000000000000        1.1086900142491656     
   209.00000000000000        1.0166991351803290     
   210.00000000000000       0.93065883667962290     
   211.00000000000000       0.85029770059424425     
   212.00000000000000       0.77535048300293252     
   213.00000000000000       0.70555832309298228     
   214.00000000000000       0.64066892054011715     
   215.00000000000000       0.58043668329801423     
   216.00000000000000       0.52462284763798739     
   217.00000000000000       0.47299557221330568     
   218.00000000000000       0.42533000785575209     
   219.00000000000000       0.38140834474645852     
   220.00000000000000       0.34101983853708345     
   221.00000000000000       0.30396081693241978     
   222.00000000000000       0.27003466818155020     
   223.00000000000000       0.23905181286127430     
   224.00000000000000       0.21082966027336977     
   225.00000000000000       0.18519255071645724     
   226.00000000000000       0.16197168483344043     
   227.00000000000000       0.14100504117727899     
   228.00000000000000       0.12213728308092671     
   229.00000000000000       0.10521965586201307     
   230.00000000000000        9.0109875338885967E-002
   231.00000000000000        7.6672008582511122E-002
   232.00000000000000        6.4776347778025239E-002
   233.00000000000000        5.4299278020656233E-002
   234.00000000000000        4.5123139823486834E-002
   235.00000000000000        3.7136087068628532E-002
   236.00000000000000        3.0231941089344846E-002
   237.00000000000000        2.4310041528182121E-002
   238.00000000000000        1.9275094575261786E-002
   239.00000000000000        1.5037019151672234E-002
   240.00000000000000        1.1510791565215308E-002
   241.00000000000000        8.6162891296437134E-003
   242.00000000000000        6.2781332039802554E-003
   243.00000000000000        4.4255320754372426E-003
   244.00000000000000        2.9921240778695013E-003
   245.00000000000000        1.9158213075770824E-003
   246.00000000000000        1.1386542695376626E-003
   247.00000000000000        6.0661775981021870E-004
   248.00000000000000        2.6951826385341384E-004
   249.00000000000000        8.0823125791185826E-005
   250.00000000000000        0.0000000000000000     
   251.00000000000000        0.0000000000000000     
   252.00000000000000        0.0000000000000000     
   253.00000000000000        0.0000000000000000     
   254.00000000000000        0.0000000000000000     
   255.00000000000000        0.0000000000000000     
   256.00000000000000        0.0000000000000000     
   257.00000000000000        0.0000000000000000     
   258.00000000000000        0.0000000000000000     
   259.00000000000000        0.0000000000000000     
   260.00000000000000        0.0000000000000000     
   261.00000000000000        0.0000000000000000     
   262.00000000000000        0.0000000000000000     
   263.00000000000000        0.0000000000000000     
   264.00000000000000        0.0000000000000000     
   265.00000000000000        0.0000000000000000     
   266.00000000000000        0.0000000000000000     
   267.00000000000000        0.0000000000000000     
   268.00000000000000        0.0000000000000000     
   269.00000000000000        0.0000000000000000     
   270.00000000000000        0.0000000000000000     
   271.00000000000000        0.0000000000000000     
   272.00000000000000        0.0000000000000000     
   273.00000000000000        0.0000000000000000     
   274.00000000000000        0.0000000000000000     
   275.00000000000000        0.0000000000000000     
   276.00000000000000        0.0000000000000000     
   277.00000000000000        0.0000000000000000     
   278.00000000000000        0.0000000000000000     
   279.00000000000000        0.0000000000000000     
   280.00000000000000        0.0000000000000000     
   281.00000000000000        0.0000000000000000     
   282.00000000000000        0.0000000000000000     
   283.00000000000000        0.0000000000000000     
   284.00000000000000        0.0000000000000000     
   285.00000000000000        0.0000000000000000     
   286.00000000000000        0.0000000000000000     
   287.00000000000000        0.0000000000000000     
   288.00000000000000        0.0000000000000000     
   289.00000000000000        0.0000000000000000     
   290.00000000000000        0.0000000000000000     
   291.00000000000000        0.0000000000000000     
   292.00000000000000        0.0000000000000000     
   293.00000000000000        0.0000000000000000     
   294.00000000000000        0.0000000000000000     
   295.00000000000000        0.0000000000000000     
   296.00000000000000        0.0000000000000000     
   297.00000000000000        0.0000000000000000     
   298.00000000000000        0.0000000000000000     
   299.00000000000000        0.0000000000000000     
   300.00000000000000        0.0000000000000000     
   301.00000000000000        0.0000000000000000     
   302.00000000000000        0.0000000000000000     
   303.00000000000000        0.0000000000000000     
   304.00000000000000        0.0000000000000000     
   305.00000000000000        0.0000000000000000     
   306.00000000000000        0.0000000000000000     
   307.00000000000000        0.0000000000000000     
   308.00000000000000        0.0000000000000000     
   309.00000000000000        0.0000000000000000     
   310.00000000000000        0.0000000000000000     
   311.00000000000000        0.0000000000000000     
   312.00000000000000        0.0000000000000000     
   313.00000000000000        0.0000000000000000     
   314.00000000000000        0.0000000000000000     
   315.00000000000000        0.0000000000000000     
   316.00000000000000        0.0000000000000000     
   317.00000000000000        0.0000000000000000     
   318.00000000000000        0.0000000000000000     
   319.00000000000000        0.0000000000000000     
   320.00000000000000        0.0000000000000000     
   321.00000000000000        0.0000000000000000     
   322.00000000000000        0.0000000000000000     
   323.00000000000000        0.0000000000000000     
   324.00000000000000        0.0000000000000000     
   325.00000000000000        0.0000000000000000     
   326.00000000000000        0.0000000000000000     
   327.00000000000000        0.0000000000000000     
   328.00000000000000        0.0000000000000000     
   329.00000000000000        0.0000000000000000     
   330.00000000000000        0.0000000000000000     
   331.00000000000000        0.0000000000000000     
   332.00000000000000        0.0000000000000000     
   333.00000000000000        0.0000000000000000     
   334.00000000000000        0.0000000000000000     
   335.00000000000000        0.0000000000000000     
   336.00000000000000        0.0000000000000000     
   337.00000000000000        0.0000000000000000     
   338.00000000000000        0.0000000000000000     
   339.00000000000000        0.0000000000000000     
   340.00000000000000        0.0000000000000000     
   341.00000000000000        0.0000000000000000     
   342.00000000000000        0.0000000000000000     
   343.00000000000000        0.0000000000000000     
   344.00000000000000        0.0000000000000000     
   345.00000000000000        0.0000000000000000     
   346.00000000000000        0.0000000000000000     
   347.00000000000000        0.0000000000000000     
   348.00000000000000        0.0000000000000000     
   349.00000000000000        0.0000000000000000     
   350.00000000000000        0.0000000000000000     
   351.00000000000000        0.0000000000000000     
   352.00000000000000        0.0000000000000000     
   353.00000000000000        0.0000000000000000     
   354.00000000000000        0.0000000000000000     
   355.00000000000000        0.0000000000000000     
   356.00000000000000        0.0000000000000000     
   357.00000000000000        0.0000000000000000     
   358.00000000000000        0.0000000000000000     
   359.00000000000000        0.0000000000000000     
   360.00000000000000        0.0000000000000000     
   361.00000000000000        0.0000000000000000     
   362.00000000000000        0.0000000000000000     
   363.00000000000000        0.0000000000000000     
   364.00000000000000        0.0000000000000000     
   365.00000000000000        0.0000000000000000     
   366.00000000000000        0.0000000000000000     
   367.00000000000000        0.0000000000000000     
   368.00000000000000        0.0000000000000000     
   369.00000000000000        0.0000000000000000     
   370.00000000000000        0.0000000000000000     
   371.00000000000000        0.0000000000000000     
   372.00000000000000        0.0000000000000000     
   373.00000000000000        0.0000000000000000     
   374.00000000000000        0.0000000000000000     
   375.00000000000000        0.0000000000000000     
   376.00000000000000        0.0000000000000000     
   377.00000000000000        0.0000000000000000     
   378.00000000000000        0.0000000000000000     
   379.00000000000000        0.0000000000000000     
   380.00000000000000        0.0000000000000000     
   381.00000000000000        0.0000000000000000     
   382.00000000000000        0.0000000000000000     
   383.00000000000000        0.0000000000000000     
   384.00000000000000        0.0000000000000000     
   385.00000000000000        0.0000000000000000     
   386.00000000000000        0.0000000000000000     
   387.00000000000000        0.0000000000000000     
   388.00000000000000        0.0000000000000000     
   389.00000000000000        0.0000000000000000     
   390.00000000000000        0.0000000000000000     
   391.00000000000000        0.0000000000000000     
   392.00000000000000        0.0000000000000000     
   393.00000000000000        0.0000000000000000     
   394.00000000000000        0.0000000000000000     
   395.00000000000000        0.0000000000000000     
   396.00000000000000        0.0000000000000000     
   397.00000000000000        0.0000000000000000     
   398.00000000000000        0.0000000000000000     
   399.00000000000000        0.0000000000000000     
   400.00000000000000        0.0000000000000000     
   401.00000000000000        0.0000000000000000     
   402.00000000000000        0.0000000000000000     
   403.00000000000000        0.0000000000000000     
   404.00000000000000        0.0000000000000000     
   405.00000000000000        0.0000000000000000     
   406.00000000000000        0.0000000000000000     
   407.00000000000000        0.0000000000000000     
   408.00000000000000        0.0000000000000000     
   409.00000000000000        0.0000000000000000     
   410.00000000000000        0.0000000000000000     
   411.00000000000000        0.0000000000000000     
   412.00000000000000        0.0000000000000000     
   413.00000000000000        0.0000000000000000     
   414.00000000000000        0.0000000000000000     
   415.00000000000000        0.0000000000000000     
   416.00000000000000        0.0000000000000000     
   417.00000000000000        0.0000000000000000     
   418.00000000000000        0.0000000000000000     
   419.00000000000000        0.0000000000000000     
   420.00000000000000        0.0000000000000000     
   421.00000000000000        0.0000000000000000     
   422.00000000000000        0.0000000000000000     
   423.00000000000000        0.0000000000000000     
   424.00000000000000        0.0000000000000000     
   425.00000000000000        0.0000000000000000     
   426.00000000000000        0.0000000000000000     
   427.00000000000000        0.0000000000000000     
   428.00000000000000        0.0000000000000000     
   429.00000000000000        0.0000000000000000     
   430.00000000000000        0.0000000000000000     
   431.00000000000000        0.0000000000000000     
   432.00000000000000        0.0000000000000000     
   433.00000000000000        0.0000000000000000     
   434.00000000000000        0.0000000000000000     
   435.00000000000000        0.0000000000000000     
   436.00000000000000        0.0000000000000000     
   437.00000000000000        0.0000000000000000     
   438.00000000000000        0.0000000000000000     
   439.00000000000000        0.0000000000000000     
   440.00000000000000        0.0000000000000000     
   441.00000000000000        0.0000000000000000     
   442.00000000000000        0.0000000000000000     
   443.00000000000000        0.0000000000000000     
   444.00000000000000        0.0000000000000000     
   445.00000000000000        0.0000000000000000     
   446.00000000000000        0.0000000000000000     
   447.00000000000000        0.0000000000000000     
   448.00000000000000        0.0000000000000000     
   449.00000000000000        0.0000000000000000     
   450.00000000000000        0.0000000000000000     
   451.00000000000000        0.0000000000000000     
   452.00000000000000        0.0000000000000000     
   453.00000000000000        0.0000000000000000     
   454.00000000000000        0.0000000000000000     
   455.00000000000000        0.0000000000000000     
   456.00000000000000        0.0000000000000000     
   457.00000000000000        0.0000000000000000     
   458.00000000000000        0.0000000000000000     
   459.00000000000000        0.0000000000000000     
   460.00000000000000        0.0000000000000000     
   461.00000000000000        0.0000000000000000     
   462.00000000000000        0.0000000000000000     
   463.00000000000000        0.0000000000000000     
   464.00000000000000        0.0000000000000000     
   465.00000000000000        0.0000000000000000     
   466.00000000000000        0.0000000000000000     
   467.00000000000000        0.0000000000000000     
   468.00000000000000        0.0000000000000000     
   469.00000000000000        0.0000000000000000     
   470.00000000000000        0.0000000000000000     
   471.00000000000000        0.0000000000000000     
   472.00000000000000        0.0000000000000000     
   473.00000000000000        0.0000000000000000     
   474.00000000000000        0.0000000000000000     
   475.00000000000000        0.0000000000000000     
   476.00000000000000        0.0000000000000000     
   477.00000000000000        0.0000000000000000     
   478.00000000000000        0.0000000000000000     
   479.00000000000000        0.0000000000000000     
   480.00000000000000        0.0000000000000000     
   481.00000000000000        0.0000000000000000     
   482.00000000000000        0.0000000000000000     
   483.00000000000000        0.0000000000000000     
   484.00000000000000        0.0000000000000000     
   485.00000000000000        0.0000000000000000     
   486.00000000000000        0.0000000000000000     
   487.00000000000000        0.0000000000000000     
   488.00000000000000        0.0000000000000000     
   489.00000000000000        0.0000000000000000     
   490.00000000000000        0.0000000000000000     
   491.00000000000000        0.0000000000000000     
   492.00000000000000        0.0000000000000000     
   493.00000000000000        0.0000000000000000     
   494.00000000000000        0.0000000000000000     
   495.00000000000000        0.0000000000000000     
   496.00000000000000        0.0000000000000000     
   497.00000000000000        0.0000000000000000     
   498.00000000000000        0.0000000000000000     
   499.00000000000000        0.0000000000000000     
   500.00000000000000        0.0000000000000000     
   501.00000000000000        0.0000000000000000     
   502.00000000000000        0.0000000000000000     
   503.00000000000000        0.0000000000000000     
   504.00000000000000        0.0000000000000000     
   505.00000000000000        0.0000000000000000     
   506.00000000000000        0.0000000000000000     
   507.00000000000000        0.0000000000000000     
   508.00000000000000        0.0000000000000000     
   509.00000000000000        0.0000000000000000     
   510.00000000000000        0.0000000000000000     
   511.00000000000000        0.0000000000000000     
   512.00000000000000        0.0000000000000000     
   513.00000000000000        0.0000000000000000     
   514.00000000000000        0.0000000000000000     
   515.00000000000000        0.0000000000000000     
   516.00000000000000        0.0000000000000000     
   517.00000000000000        0.0000000000000000     
   518.00000000000000        0.0000000000000000     
   519.00000000000000        0.0000000000000000     
   520.00000000000000        0.0000000000000000     
   521.00000000000000        0.0000000000000000     
   522.00000000000000        0.0000000000000000     
   523.00000000000000        0.0000000000000000     
   524.00000000000000        0.0000000000000000     
   525.00000000000000        0.0000000000000000     
   526.00000000000000        0.0000000000000000     
   527.00000000000000        0.0000000000000000     
   528.00000000000000        0.0000000000000000     
   529.00000000000000        0.0000000000000000     
   530.00000000000000        0.0000000000000000     
   531.00000000000000        0.0000000000000000     
   532.00000000000000        0.0000000000000000     
   533.00000000000000        0.0000000000000000     
   534.00000000000000        0.0000000000000000     
   535.00000000000000        0.0000000000000000     
   536.00000000000000        0.0000000000000000     
   537.00000000000000        0.0000000000000000     
   538.00000000000000        0.0000000000000000     
   539.00000000000000        0.0000000000000000     
   540.00000000000000        0.0000000000000000     
   541.00000000000000        0.0000000000000000     
   542.00000000000000        0.0000000000000000     
   543.00000000000000        0.0000000000000000     
   544.00000000000000        0.0000000000000000     
   545.00000000000000        0.0000000000000000     
   546.00000000000000        0.0000000000000000     
   547.00000000000000        0.0000000000000000     
   548.00000000000000        0.0000000000000000     
   549.00000000000000        0.0000000000000000     
   550.00000000000000        0.0000000000000000     
   551.00000000000000        0.0000000000000000     
   552.00000000000000        0.0000000000000000     
   553.00000000000000        0.0000000000000000     
   554.00000000000000        0.0000000000000000     
   555.00000000000000        0.0000000000000000     
   556.00000000000000        0.0000000000000000     
   557.00000000000000        0.0000000000000000     
   558.00000000000000        0.0000000000000000     
   559.00000000000000        0.0000000000000000     
   560.00000000000000        0.0000000000000000     
   561.00000000000000        0.0000000000000000     
   562.00000000000000        0.0000000000000000     
   563.00000000000000        0.0000000000000000     
   564.00000000000000        0.0000000000000000     
   565.00000000000000        0.0000000000000000     
   566.00000000000000        0.0000000000000000     
   567.00000000000000        0.0000000000000000     
   568.00000000000000        0.0000000000000000     
   569.00000000000000        0.0000000000000000     
   570.00000000000000        0.0000000000000000     
   571.00000000000000        0.0000000000000000     
   572.00000000000000        0.0000000000000000     
   573.00000000000000        0.0000000000000000     
   574.00000000000000        0.0000000000000000     
   575.00000000000000        0.0000000000000000     
   576.00000000000000        0.0000000000000000     
   577.00000000000000        0.0000000000000000     
   578.00000000000000        0.0000000000000000     
   579.00000000000000        0.0000000000000000     
   580.00000000000000        0.0000000000000000     
   581.00000000000000        0.0000000000000000     
   582.00000000000000        0.0000000000000000     
   583.00000000000000        0.0000000000000000     
   584.00000000000000        0.0000000000000000     
   585.00000000000000        0.0000000000000000     
   586.00000000000000        0.0000000000000000     
   587.00000000000000        0.0000000000000000     
   588.00000000000000        0.0000000000000000     
   589.00000000000000        0.0000000000000000     
   590.00000000000000        0.0000000000000000     
   591.00000000000000        0.0000000000000000     
   592.00000000000000        0.0000000000000000     
   593.00000000000000        0.0000000000000000     
   594.00000000000000        0.0000000000000000     
   595.00000000000000        0.0000000000000000     
   596.00000000000000        0.0000000000000000     
   597.00000000000000        0.0000000000000000     
   598.00000000000000        0.0000000000000000     
   599.00000000000000        0.0000000000000000     
   600.00000000000000        0.0000000000000000     
   601.00000000000000        0.0000000000000000     
   602.00000000000000        0.0000000000000000     
   603.00000000000000        0.0000000000000000     
   604.00000000000000        0.0000000000000000     
   605.00000000000000        0.0000000000000000     
   606.00000000000000        0.0000000000000000     
   607.00000000000000        0.0000000000000000     
   608.00000000000000        0.0000000000000000     
   609.00000000000000        0.0000000000000000     
   610.00000000000000        0.0000000000000000     
   611.00000000000000        0.0000000000000000     
   612.00000000000000        0.0000000000000000     
   613.00000000000000        0.0000000000000000     
   614.00000000000000        0.0000000000000000     
   615.00000000000000        0.0000000000000000     
   616.00000000000000        0.0000000000000000     
   617.00000000000000        0.0000000000000000     
   618.00000000000000        0.0000000000000000     
   619.00000000000000        0.0000000000000000     
   620.00000000000000        0.0000000000000000     
   621.00000000000000        0.0000000000000000     
   622.00000000000000        0.0000000000000000     
   623.00000000000000        0.0000000000000000     
   624.00000000000000        0.0000000000000000     
   625.00000000000000        0.0000000000000000     
   626.00000000000000        0.0000000000000000     
   627.00000000000000        0.0000000000000000     
   628.00000000000000        0.0000000000000000     
   629.00000000000000        0.0000000000000000     
   630.00000000000000        0.0000000000000000     
   631.00000000000000        0.0000000000000000     
   632.00000000000000        0.0000000000000000     
   633.00000000000000        0.0000000000000000     
   634.00000000000000        0.0000000000000000     
   635.00000000000000        0.0000000000000000     
   636.00000000000000        0.0000000000000000     
   637.00000000000000        0.0000000000000000     
   638.00000000000000        0.0000000000000000     
   639.00000000000000        0.0000000000000000     
   640.00000000000000        0.0000000000000000     
   641.00000000000000        0.0000000000000000     
   642.00000000000000        0.0000000000000000     
   643.00000000000000        0.0000000000000000     
   644.00000000000000        0.0000000000000000     
   645.00000000000000        0.0000000000000000     
   646.00000000000000        0.0000000000000000     
   647.00000000000000        0.0000000000000000     
   648.00000000000000        0.0000000000000000     
   649.00000000000000        0.0000000000000000     
   650.00000000000000        0.0000000000000000     
   651.00000000000000        0.0000000000000000     
   652.00000000000000        0.0000000000000000     
   653.00000000000000        0.0000000000000000     
   654.00000000000000        0.0000000000000000     
   655.00000000000000        0.0000000000000000     
   656.00000000000000        0.0000000000000000     
   657.00000000000000        0.0000000000000000     
   658.00000000000000        0.0000000000000000     
   659.00000000000000        0.0000000000000000     
   660.00000000000000        0.0000000000000000     
   661.00000000000000        0.0000000000000000     
   662.00000000000000        0.0000000000000000     
   663.00000000000000        0.0000000000000000     
   664.00000000000000        0.0000000000000000     
   665.00000000000000        0.0000000000000000     
   666.00000000000000        0.0000000000000000     
   667.00000000000000        0.0000000000000000     
   668.00000000000000        0.0000000000000000     
   669.00000000000000        0.0000000000000000     
   670.00000000000000        0.0000000000000000     
   671.00000000000000        0.0000000000000000     
   672.00000000000000        0.0000000000000000     
   673.00000000000000        0.0000000000000000     
   674.00000000000000        0.0000000000000000     
   675.00000000000000        0.0000000000000000     
   676.00000000000000        0.0000000000000000     
   677.00000000000000        0.0000000000000000     
   678.00000000000000        0.0000000000000000     
   679.00000000000000        0.0000000000000000     
   680.00000000000000        0.0000000000000000     
   681.00000000000000        0.0000000000000000     
   682.00000000000000        0.0000000000000000     
   683.00000000000000        0.0000000000000000     
   684.00000000000000        0.0000000000000000     
   685.00000000000000        0.0000000000000000     
   686.00000000000000        0.0000000000000000     
   687.00000000000000        0.0000000000000000     
   688.00000000000000        0.0000000000000000     
   689.00000000000000        0.0000000000000000     
   690.00000000000000        0.0000000000000000     
   691.00000000000000        0.0000000000000000     
   692.00000000000000        0.0000000000000000     
   693.00000000000000        0.0000000000000000     
   694.00000000000000        0.0000000000000000     
   695.00000000000000        0.0000000000000000     
   696.00000000000000        0.0000000000000000     
   697.00000000000000        0.0000000000000000     
   698.00000000000000        0.0000000000000000     
   699.00000000000000        0.0000000000000000     
   700.00000000000000        0.0000000000000000     
   701.00000000000000        0.0000000000000000     
   702.00000000000000        0.0000000000000000     
   703.00000000000000        0.0000000000000000     
   704.00000000000000        0.0000000000000000     
   705.00000000000000        0.0000000000000000     
   706.00000000000000        0.0000000000000000     
   707.00000000000000        0.0000000000000000     
   708.00000000000000        0.0000000000000000     
   709.00000000000000        0.0000000000000000     
   710.00000000000000        0.0000000000000000     
   711.00000000000000        0.0000000000000000     
   712.00000000000000        0.0000000000000000     
   713.00000000000000        0.0000000000000000     
   714.00000000000000        0.0000000000000000     
   715.00000000000000        0.0000000000000000     
   716.00000000000000        0.0000000000000000     
   717.00000000000000        0.0000000000000000     
   718.00000000000000        0.0000000000000000     
   719.00000000000000        0.0000000000000000     
   720.00000000000000        0.0000000000000000     
   721.00000000000000        0.0000000000000000     
   722.00000000000000        0.0000000000000000     
   723.00000000000000        0.0000000000000000     
   724.00000000000000        0.0000000000000000     
   725.00000000000000        0.0000000000000000     
   726.00000000000000        0.0000000000000000     
   727.00000000000000        0.0000000000000000     
   728.00000000000000        0.0000000000000000     
   729.00000000000000        0.0000000000000000     
   730.00000000000000        0.0000000000000000     
   731.00000000000000        0.0000000000000000     
   732.00000000000000        0.0000000000000000     
   733.00000000000000        0.0000000000000000     
   734.00000000000000        0.0000000000000000     
   735.00000000000000        0.0000000000000000     
   736.00000000000000        0.0000000000000000     
   737.00000000000000        0.0000000000000000     
   738.00000000000000        0.0000000000000000     
   739.00000000000000        0.0000000000000000     
   740.00000000000000        0.0000000000000000     
   741.00000000000000        0.0000000000000000     
   742.00000000000000        0.0000000000000000     
   743.00000000000000        0.0000000000000000     
   744.00000000000000        0.0000000000000000     
   745.00000000000000        0.0000000000000000     
   746.00000000000000        0.0000000000000000     
   747.00000000000000        0.0000000000000000     
   748.00000000000000        0.0000000000000000     
   749.00000000000000        0.0000000000000000     
   750.00000000000000        0.0000000000000000     
   751.00000000000000        0.0000000000000000     
   752.00000000000000        0.0000000000000000     
   753.00000000000000        0.0000000000000000     
   754.00000000000000        0.0000000000000000     
   755.00000000000000        0.0000000000000000     
   756.00000000000000        0.0000000000000000     
   757.00000000000000        0.0000000000000000     
   758.00000000000000        0.0000000000000000     
   759.00000000000000        0.0000000000000000     
   760.00000000000000        0.0000000000000000     
   761.00000000000000        0.0000000000000000     
   762.00000000000000        0.0000000000000000     
   763.00000000000000        0.0000000000000000     
   764.00000000000000        0.0000000000000000     
   765.00000000000000        0.0000000000000000     
   766.00000000000000        0.0000000000000000     
   767.00000000000000        0.0000000000000000     
   768.00000000000000        0.0000000000000000     
   769.00000000000000        0.0000000000000000     
   770.00000000000000        0.0000000000000000     
   771.00000000000000        0.0000000000000000     
   772.00000000000000        0.0000000000000000     
   773.00000000000000        0.0000000000000000     
   774.00000000000000        0.0000000000000000     
   775.00000000000000        0.0000000000000000     
   776.00000000000000        0.0000000000000000     
   777.00000000000000        0.0000000000000000     
   778.00000000000000        0.0000000000000000     
   779.00000000000000        0.0000000000000000     
   780.00000000000000        0.0000000000000000     
   781.00000000000000        0.0000000000000000     
   782.00000000000000        0.0000000000000000     
   783.00000000000000        0.0000000000000000     
   784.00000000000000        0.0000000000000000     
   785.00000000000000        0.0000000000000000     
   786.00000000000000        0.0000000000000000     
   787.00000000000000        0.0000000000000000     
   788.00000000000000        0.0000000000000000     
   789.00000000000000        0.0000000000000000     
   790.00000000000000        0.0000000000000000     
   791.00000000000000        0.0000000000000000     
   792.00000000000000        0.0000000000000000     
   793.00000000000000        0.0000000000000000     
   794.00000000000000        0.0000000000000000     
   795.00000000000000        0.0000000000000000     
   796.00000000000000        0.0000000000000000     
   797.00000000000000        0.0000000000000000     
   798.00000000000000        0.0000000000000000     
   799.00000000000000        0.0000000000000000     
   800.00000000000000        0.0000000000000000     
   801.00000000000000        0.0000000000000000     
   802.00000000000000        0.0000000000000000     
   803.00000000000000        0.0000000000000000     
   804.00000000000000        0.0000000000000000     
   805.00000000000000        0.0000000000000000     
   806.00000000000000        0.0000000000000000     
   807.00000000000000        0.0000000000000000     
   808.00000000000000        0.0000000000000000     
   809.00000000000000        0.0000000000000000     
   810.00000000000000        0.0000000000000000     
   811.00000000000000        0.0000000000000000     
   812.00000000000000        0.0000000000000000     
   813.00000000000000        0.0000000000000000     
   814.00000000000000        0.0000000000000000     
   815.00000000000000        0.0000000000000000     
   816.00000000000000        0.0000000000000000     
   817.00000000000000        0.0000000000000000     
   818.00000000000000        0.0000000000000000     
   819.00000000000000        0.0000000000000000     
   820.00000000000000        0.0000000000000000     
   821.00000000000000        0.0000000000000000     
   822.00000000000000        0.0000000000000000     
   823.00000000000000        0.0000000000000000     
   824.00000000000000        0.0000000000000000     
   825.00000000000000        0.0000000000000000     
   826.00000000000000        0.0000000000000000     
   827.00000000000000        0.0000000000000000     
   828.00000000000000        0.0000000000000000     
   829.00000000000000        0.0000000000000000     
   830.00000000000000        0.0000000000000000     
   831.00000000000000        0.0000000000000000     
   832.00000000000000        0.0000000000000000     
   833.00000000000000        0.0000000000000000     
   834.00000000000000        0.0000000000000000     
   835.00000000000000        0.0000000000000000     
   836.00000000000000        0.0000000000000000     
   837.00000000000000        0.0000000000000000     
   838.00000000000000        0.0000000000000000     
   839.00000000000000        0.0000000000000000     
   840.00000000000000        0.0000000000000000     
   841.00000000000000        0.0000000000000000     
   842.00000000000000        0.0000000000000000     
   843.00000000000000        0.0000000000000000     
   844.00000000000000        0.0000000000000000     
   845.00000000000000        0.0000000000000000     
   846.00000000000000        0.0000000000000000     
   847.00000000000000        0.0000000000000000     
   848.00000000000000        0.0000000000000000     
   849.00000000000000        0.0000000000000000     
   850.00000000000000        0.0000000000000000     
   851.00000000000000        0.0000000000000000     
   852.00000000000000        0.0000000000000000     
   853.00000000000000        0.0000000000000000     
   854.00000000000000        0.0000000000000000     
   855.00000000000000        0.0000000000000000     
   856.00000000000000        0.0000000000000000     
   857.00000000000000        0.0000000000000000     
   858.00000000000000        0.0000000000000000     
   859.00000000000000        0.0000000000000000     
   860.00000000000000        0.0000000000000000     
   861.00000000000000        0.0000000000000000     
   862.00000000000000        0.0000000000000000     
   863.00000000000000        0.0000000000000000     
   864.00000000000000        0.0000000000000000     
   865.00000000000000        0.0000000000000000     
   866.00000000000000        0.0000000000000000     
   867.00000000000000        0.0000000000000000     
   868.00000000000000        0.0000000000000000     
   869.00000000000000        0.0000000000000000     
   870.00000000000000        0.0000000000000000     
   871.00000000000000        0.0000000000000000     
   872.00000000000000        0.0000000000000000     
   873.00000000000000        0.0000000000000000     
   874.00000000000000        0.0000000000000000     
   875.00000000000000        0.0000000000000000     
   876.00000000000000        0.0000000000000000     
   877.00000000000000        0.0000000000000000     
   878.00000000000000        0.0000000000000000     
   879.00000000000000        0.0000000000000000     
   880.00000000000000        0.0000000000000000     
   881.00000000000000        0.0000000000000000     
   882.00000000000000        0.0000000000000000     
   883.00000000000000        0.0000000000000000     
   884.00000000000000        0.0000000000000000     
   885.00000000000000        0.0000000000000000     
   886.00000000000000        0.0000000000000000     
   887.00000000000000        0.0000000000000000     
   888.00000000000000        0.0000000000000000     
   889.00000000000000        0.0000000000000000     
   890.00000000000000        0.0000000000000000     
   891.00000000000000        0.0000000000000000     
   892.00000000000000        0.0000000000000000     
   893.00000000000000        0.0000000000000000     
   894.00000000000000        0.0000000000000000     
   895.00000000000000        0.0000000000000000     
   896.00000000000000        0.0000000000000000     
   897.00000000000000        0.0000000000000000     
   898.00000000000000        0.0000000000000000     
   899.00000000000000        0.0000000000000000     
   900.00000000000000        0.0000000000000000     
   901.00000000000000        0.0000000000000000     
   902.00000000000000        0.0000000000000000     
   903.00000000000000        0.0000000000000000     
   904.00000000000000        0.0000000000000000     
   905.00000000000000        0.0000000000000000     
   906.00000000000000        0.0000000000000000     
   907.00000000000000        0.0000000000000000     
   908.00000000000000        0.0000000000000000     
   909.00000000000000        0.0000000000000000     
   910.00000000000000        0.0000000000000000     
   911.00000000000000        0.0000000000000000     
   912.00000000000000        0.0000000000000000     
   913.00000000000000        0.0000000000000000     
   914.00000000000000        0.0000000000000000     
   915.00000000000000        0.0000000000000000     
   916.00000000000000        0.0000000000000000     
   917.00000000000000        0.0000000000000000     
   918.00000000000000        0.0000000000000000     
   919.00000000000000        0.0000000000000000     
   920.00000000000000        0.0000000000000000     
   921.00000000000000        0.0000000000000000     
   922.00000000000000        0.0000000000000000     
   923.00000000000000        0.0000000000000000     
   924.00000000000000        0.0000000000000000     
   925.00000000000000        0.0000000000000000     
   926.00000000000000        0.0000000000000000     
   927.00000000000000        0.0000000000000000     
   928.00000000000000        0.0000000000000000     
   929.00000000000000        0.0000000000000000     
   930.00000000000000        0.0000000000000000     
   931.00000000000000        0.0000000000000000     
   932.00000000000000        0.0000000000000000     
   933.00000000000000        0.0000000000000000     
   934.00000000000000        0.0000000000000000     
   935.00000000000000        0.0000000000000000     
   936.00000000000000        0.0000000000000000     
   937.00000000000000        0.0000000000000000     
   938.00000000000000        0.0000000000000000     
   939.00000000000000        0.0000000000000000     
   940.00000000000000        0.0000000000000000     
   941.00000000000000        0.0000000000000000     
   942.00000000000000        0.0000000000000000     
   943.00000000000000        0.0000000000000000     
   944.00000000000000        0.0000000000000000     
   945.00000000000000        0.0000000000000000     
   946.00000000000000        0.0000000000000000     
   947.00000000000000        0.0000000000000000     
   948.00000000000000        0.0000000000000000     
   949.00000000000000        0.0000000000000000     
   950.00000000000000        0.0000000000000000     
   951.00000000000000        0.0000000000000000     
   952.00000000000000        0.0000000000000000     
   953.00000000000000        0.0000000000000000     
   954.00000000000000        0.0000000000000000     
   955.00000000000000        0.0000000000000000     
   956.00000000000000        0.0000000000000000     
   957.00000000000000        0.0000000000000000     
   958.00000000000000        0.0000000000000000     
   959.00000000000000        0.0000000000000000     
   960.00000000000000        0.0000000000000000     
   961.00000000000000        0.0000000000000000     
   962.00000000000000        0.0000000000000000     
   963.00000000000000        0.0000000000000000     
   964.00000000000000        0.0000000000000000     
   965.00000000000000        0.0000000000000000     
   966.00000000000000        0.0000000000000000     
   967.00000000000000        0.0000000000000000     
   968.00000000000000        0.0000000000000000     
   969.00000000000000        0.0000000000000000     
   970.00000000000000        0.0000000000000000     
   971.00000000000000        0.0000000000000000     
   972.00000000000000        0.0000000000000000     
   973.00000000000000        0.0000000000000000     
   974.00000000000000        0.0000000000000000     
   975.00000000000000        0.0000000000000000     
   976.00000000000000        0.0000000000000000     
   977.00000000000000        0.0000000000000000     
   978.00000000000000        0.0000000000000000     
   979.00000000000000        0.0000000000000000     
   980.00000000000000        0.0000000000000000     
   981.00000000000000        0.0000000000000000     
   982.00000000000000        0.0000000000000000     
   983.00000000000000        0.0000000000000000     
   984.00000000000000        0.0000000000000000     
   985.00000000000000        0.0000000000000000     
   986.00000000000000        0.0000000000000000     
   987.00000000000000        0.0000000000000000     
   988.00000000000000        0.0000000000000000     
   989.00000000000000        0.0000000000000000     
   990.00000000000000        0.0000000000000000     
   991.00000000000000        0.0000000000000000     
   992.00000000000000        0.0000000000000000     
   993.00000000000000        0.0000000000000000     
   994.00000000000000        0.0000000000000000     
   995.00000000000000        0.0000000000000000     
   996.00000000000000        0.0000000000000000     
   997.00000000000000        0.0000000000000000     
   998.00000000000000        0.0000000000000000     
   999.00000000000000        0.0000000000000000     
   1000.0000000000000        0.0000000000000000     
