# Recoil energy (kev)        Event rate (events/gev)
   1.0000000000000000        216.32479212643935     
   2.0000000000000000        825.03152853458710     
   3.0000000000000000        1769.6517772488564     
   4.0000000000000000        2998.6755350565813     
   5.0000000000000000        4465.2128821974093     
   6.0000000000000000        6126.6751367407696     
   7.0000000000000000        7944.4745220902814     
   8.0000000000000000        9883.7414057000624     
   9.0000000000000000        11913.058209916529     
   10.000000000000000        14004.209136936044     
   11.000000000000000        16131.944889258657     
   12.000000000000000        18273.761604781928     
   13.000000000000000        20409.693261876666     
   14.000000000000000        22522.116844477874     
   15.000000000000000        24595.569590462710     
   16.000000000000000        26616.577678429298     
   17.000000000000000        28573.495738488458     
   18.000000000000000        30456.356601883279     
   19.000000000000000        32256.730732211854     
   20.000000000000000        33967.594807789690     
   21.000000000000000        35583.208950299864     
   22.000000000000000        37099.002119384124     
   23.000000000000000        38511.465216267141     
   24.000000000000000        39818.051461925810     
   25.000000000000000        41017.083636749041     
   26.000000000000000        42107.667789128835     
   27.000000000000000        43089.613040002747     
   28.000000000000000        43963.357129088043     
   29.000000000000000        44729.897366423065     
   30.000000000000000        45390.726669906726     
   31.000000000000000        45947.774385834979     
   32.000000000000000        46403.351604997690     
   33.000000000000000        46760.100701756885     
   34.000000000000000        47020.948837706208     
   35.000000000000000        47189.065185033083     
   36.000000000000000        47267.821637608111     
   37.000000000000000        47260.756790122963     
   38.000000000000000        47171.542977325451     
   39.000000000000000        47003.956176572508     
   40.000000000000000        46761.848587571490     
   41.000000000000000        46449.123713319292     
   42.000000000000000        46069.713775906981     
   43.000000000000000        45627.559310053657     
   44.000000000000000        45126.590785980443     
   45.000000000000000        44570.712121564706     
   46.000000000000000        43963.785951634309     
   47.000000000000000        43309.620529790518     
   48.000000000000000        42611.958145311888     
   49.000000000000000        41874.464944492800     
   50.000000000000000        41100.722052236481     
   51.000000000000000        40294.217895863971     
   52.000000000000000        39458.341638925471     
   53.000000000000000        38596.377638341117     
   54.000000000000000        37711.500843442227     
   55.000000000000000        36806.773060467218     
   56.000000000000000        35885.140010789321     
   57.000000000000000        34949.429115625797     
   58.000000000000000        34002.347944222136     
   59.000000000000000        33046.483266519877     
   60.000000000000000        32084.300655119638     
   61.000000000000000        31118.144584949245     
   62.000000000000000        30150.238982453851     
   63.000000000000000        29182.688179340574     
   64.000000000000000        28217.478228956599     
   65.000000000000000        27256.478546253318     
   66.000000000000000        26301.443835003338     
   67.000000000000000        25354.016268502022     
   68.000000000000000        24415.727892401141     
   69.000000000000000        23488.003220602874     
   70.000000000000000        22572.161997291838     
   71.000000000000000        21669.422100206328     
   72.000000000000000        20780.902562156120     
   73.000000000000000        19907.626689586850     
   74.000000000000000        19050.525258678521     
   75.000000000000000        18210.439771048299     
   76.000000000000000        17388.125752618824     
   77.000000000000000        16584.256080607654     
   78.000000000000000        15799.424324905565     
   79.000000000000000        15034.148091338358     
   80.000000000000000        14288.872355457279     
   81.000000000000000        13563.972776579201     
   82.000000000000000        12859.758982804049     
   83.000000000000000        12176.477818677024     
   84.000000000000000        11514.316548040411     
   85.000000000000000        10873.406005437988     
   86.000000000000000        10253.823690197140     
   87.000000000000000        9655.5967980227742     
   88.000000000000000        9078.7051855966165     
   89.000000000000000        8523.0842642866119     
   90.000000000000000        7988.6278196393987     
   91.000000000000000        7475.1907538533505     
   92.000000000000000        6982.5917489157373     
   93.000000000000000        6510.6158485354981     
   94.000000000000000        6059.0169574170450     
   95.000000000000000        5627.5202567995684     
   96.000000000000000        5215.8245355360559     
   97.000000000000000        4823.6044363057163     
   98.000000000000000        4450.5126168455481     
   99.000000000000000        4096.1818263538626     
   100.00000000000000        3760.2268974600543     
   101.00000000000000        3442.2466543753371     
   102.00000000000000        3141.8257380369173     
   103.00000000000000        2858.5363492372021     
   104.00000000000000        2591.9399108893567     
   105.00000000000000        2341.5886507230148     
   106.00000000000000        2107.0271058308058     
   107.00000000000000        1887.7935505976461     
   108.00000000000000        1683.4213496418190     
   109.00000000000000        1493.4402374815388     
   110.00000000000000        1317.3775267127257     
   111.00000000000000        1154.7592465444620     
   112.00000000000000        1005.1112135894468     
   113.00000000000000        867.96003684702475     
   114.00000000000000        742.83405884894432     
   115.00000000000000        629.26423496121447     
   116.00000000000000        526.78495285161728     
   117.00000000000000        434.93479414192700     
   118.00000000000000        353.25724026619247     
   119.00000000000000        281.30132455393340     
   120.00000000000000        218.62223254832784     
   121.00000000000000        164.78185255661290     
   122.00000000000000        119.34927841219644     
   123.00000000000000        81.901266406475131     
   124.00000000000000        52.022648323382370     
   125.00000000000000        29.306702481273788     
   126.00000000000000        13.355484655698183     
   127.00000000000000        3.7801207229879870     
   128.00000000000000       0.20106282865718719     
   129.00000000000000        2.2483108468212953     
   130.00000000000000        9.5616008573709586     
   131.00000000000000        21.790562326679524     
   132.00000000000000        38.594845635503475     
   133.00000000000000        59.644221554620650     
   134.00000000000000        84.618654224770026     
   135.00000000000000        113.20834915298140     
   136.00000000000000        145.11377769227587     
   137.00000000000000        180.04567942650044     
   138.00000000000000        217.72504383654112     
   139.00000000000000        257.88307257862368     
   140.00000000000000        300.26112366012092     
   141.00000000000000        344.61063875290017     
   142.00000000000000        390.69305483947210     
   143.00000000000000        438.27970134260755     
   144.00000000000000        487.15168384501078     
   145.00000000000000        537.09975546218743     
   146.00000000000000        587.92417688856517     
   147.00000000000000        639.43456609500186     
   148.00000000000000        691.44973861385802     
   149.00000000000000        743.79753930745835     
   150.00000000000000        796.31466647554362     
   151.00000000000000        848.84648911832846     
   152.00000000000000        901.24685813352562     
   153.00000000000000        953.37791218836117     
   154.00000000000000        1005.1098789711763     
   155.00000000000000        1056.3208724917181     
   156.00000000000000        1106.8966870648221     
   157.00000000000000        1156.7305885784424     
   158.00000000000000        1205.7231036145217     
   159.00000000000000        1253.7818069596231     
   160.00000000000000        1300.8211080114238     
   161.00000000000000        1346.7620365577054     
   162.00000000000000        1391.5320283757362     
   163.00000000000000        1435.0647110720863     
   164.00000000000000        1477.2996905564100     
   165.00000000000000        1518.1823385166263     
   166.00000000000000        1557.6635812383947     
   167.00000000000000        1595.6996900875524     
   168.00000000000000        1632.2520739512731     
   169.00000000000000        1667.2870739117338     
   170.00000000000000        1700.7757604045698     
   171.00000000000000        1732.6937330942910     
   172.00000000000000        1763.0209236792289     
   173.00000000000000        1791.7414018198924     
   174.00000000000000        1818.8431843667915     
   175.00000000000000        1844.3180480468577     
   176.00000000000000        1868.1613457511135     
   177.00000000000000        1890.3718265509397     
   178.00000000000000        1910.9514595554097     
   179.00000000000000        1929.9052617082448     
   180.00000000000000        1947.2411296094228     
   181.00000000000000        1962.9696754340850     
   182.00000000000000        1977.1040670092013     
   183.00000000000000        1989.6598720971194     
   184.00000000000000        2000.6549069245652     
   185.00000000000000        2010.1090889854149     
   186.00000000000000        2018.0442941359420     
   187.00000000000000        2024.4842179925215     
   188.00000000000000        2029.4542416331772     
   189.00000000000000        2032.9813015963794     
   190.00000000000000        2035.0937641633366     
   191.00000000000000        2035.8213039028844     
   192.00000000000000        2035.1947864518340     
   193.00000000000000        2033.2461554973938     
   194.00000000000000        2030.0083239230764     
   195.00000000000000        2025.5150690739886     
   196.00000000000000        2019.8009320928481     
   197.00000000000000        2012.9011212737823     
   198.00000000000000        2004.8514193767783     
   199.00000000000000        1995.6880948420551     
   200.00000000000000        1985.4478168404366     
   201.00000000000000        1974.1675740926937     
   202.00000000000000        1961.8845973880073     
   203.00000000000000        1948.6362857297056     
   204.00000000000000        1934.4601360337774     
   205.00000000000000        1919.3936763041856     
   206.00000000000000        1903.4744022072427     
   207.00000000000000        1886.7397169658200     
   208.00000000000000        1869.2268744933449     
   209.00000000000000        1850.9729256861071     
   210.00000000000000        1832.0146677920554     
   211.00000000000000        1812.3885967735227     
   212.00000000000000        1792.1308625808933     
   213.00000000000000        1771.2772272542645     
   214.00000000000000        1749.8630257696432     
   215.00000000000000        1727.9231295468592     
   216.00000000000000        1705.4919125361212     
   217.00000000000000        1682.6032198008086     
   218.00000000000000        1659.2903385144459     
   219.00000000000000        1635.5859712904276     
   220.00000000000000        1611.5222117637336     
   221.00000000000000        1587.1305223446436     
   222.00000000000000        1562.4417140655219     
   223.00000000000000        1537.4859284424199     
   224.00000000000000        1512.2926212744187     
   225.00000000000000        1486.8905483049775     
   226.00000000000000        1461.3077526701775     
   227.00000000000000        1435.5715540605813     
   228.00000000000000        1409.7085395242884     
   229.00000000000000        1383.7445558402460     
   230.00000000000000        1357.7047033923113     
   231.00000000000000        1331.6133314758099     
   232.00000000000000        1305.4940349699036     
   233.00000000000000        1279.3696523103990     
   234.00000000000000        1253.2622646994141     
   235.00000000000000        1227.1931964893249     
   236.00000000000000        1201.1830166805119     
   237.00000000000000        1175.2515414734451     
   238.00000000000000        1149.4178378176714     
   239.00000000000000        1123.7002279012727     
   240.00000000000000        1098.1162945264732     
   241.00000000000000        1072.6828873182292     
   242.00000000000000        1047.4161297142957     
   243.00000000000000        1022.3314266869500     
   244.00000000000000        997.44347314778804     
   245.00000000000000        972.76626298896247     
   246.00000000000000        948.31309871519056     
   247.00000000000000        924.09660162296461     
   248.00000000000000        900.12872248444228     
   249.00000000000000        876.42075269509644     
   250.00000000000000        852.98333584580723     
   251.00000000000000        829.82647968127367     
   252.00000000000000        806.95956840819122     
   253.00000000000000        784.39137531799997     
   254.00000000000000        762.13007569040303     
   255.00000000000000        740.18325994508200     
   256.00000000000000        718.55794701057710     
   257.00000000000000        697.26059788036594     
   258.00000000000000        676.29712932765028     
   259.00000000000000        655.67292775140857     
   260.00000000000000        635.39286312771435     
   261.00000000000000        615.46130304131930     
   262.00000000000000        595.88212677376794     
   263.00000000000000        576.65873942546568     
   264.00000000000000        557.79408605012679     
   265.00000000000000        539.29066578127765     
   266.00000000000000        521.15054593136006     
   267.00000000000000        503.37537604517962     
   268.00000000000000        485.96640189031200     
   269.00000000000000        468.92447936814312     
   270.00000000000000        452.25008833011537     
   271.00000000000000        435.94334628465822     
   272.00000000000000        420.00402198123766     
   273.00000000000000        404.43154885875197     
   274.00000000000000        389.22503834631260     
   275.00000000000000        374.38329300544035     
   276.00000000000000        359.90481950317496     
   277.00000000000000        345.78784140666238     
   278.00000000000000        332.03031179030239     
   279.00000000000000        318.62992564738175     
   280.00000000000000        305.58413209863591     
   281.00000000000000        292.89014639103448     
   282.00000000000000        280.54496168054339     
   283.00000000000000        268.54536059329126     
   284.00000000000000        256.88792656017068     
   285.00000000000000        245.56905492041901     
   286.00000000000000        234.58496379027457     
   287.00000000000000        223.93170469329766     
   288.00000000000000        213.60517294950785     
   289.00000000000000        203.60111782082694     
   290.00000000000000        193.91515241091733     
   291.00000000000000        184.54276331780233     
   292.00000000000000        175.47932003815970     
   293.00000000000000        166.72008412248493     
   294.00000000000000        158.26021808078806     
   295.00000000000000        150.09479403872058     
   296.00000000000000        142.21880214449146     
   297.00000000000000        134.62715872710692     
   298.00000000000000        127.31471420692733     
   299.00000000000000        120.27626075964584     
   300.00000000000000        113.50653973520282     
   301.00000000000000        107.00024883333052     
   302.00000000000000        100.75204903764582     
   303.00000000000000        94.756571310499609     
   304.00000000000000        89.008423050894692     
   305.00000000000000        83.502194318110966     
   306.00000000000000        78.232463823707874     
   307.00000000000000        73.193804694869982     
   308.00000000000000        68.380790012138974     
   309.00000000000000        63.787998124744377     
   310.00000000000000        59.410017746886510     
   311.00000000000000        55.241452838423569     
   312.00000000000000        51.276927273542185     
   313.00000000000000        47.511089301090330     
   314.00000000000000        43.938615800318836     
   315.00000000000000        40.554216335909459     
   316.00000000000000        37.352637016163285     
   317.00000000000000        34.328664158369584     
   318.00000000000000        31.477127765369271     
   319.00000000000000        28.792904817393801     
   320.00000000000000        26.270922383311184     
   321.00000000000000        23.906160555425163     
   322.00000000000000        21.693655212009233     
   323.00000000000000        19.628500611766594     
   324.00000000000000        17.705851824437829     
   325.00000000000000        15.920927001754826     
   326.00000000000000        14.269009492974979     
   327.00000000000000        12.745449809192381     
   328.00000000000000        11.345667440636106     
   329.00000000000000        10.065152531140962     
   330.00000000000000        8.8994674139566445     
   331.00000000000000        7.8442480130395520     
   332.00000000000000        6.8952051139472541     
   333.00000000000000        6.0481255084156702     
   334.00000000000000        5.2988730166726690     
   335.00000000000000        4.6433893914986344     
   336.00000000000000        4.0776951080040202     
   337.00000000000000        3.5978900430510006     
   338.00000000000000        3.2001540481958606     
   339.00000000000000        2.8807474199831447     
   340.00000000000000        2.6360112713677251     
   341.00000000000000        2.4623678079881373     
   342.00000000000000        2.3563205129580034     
   343.00000000000000        2.3144542437843261     
   344.00000000000000        2.3334352449626721     
   345.00000000000000        2.4100110797374077     
   346.00000000000000        2.5410104844530355     
   347.00000000000000        2.7233431488600188     
   348.00000000000000        2.9539994256716002     
   349.00000000000000        3.2300499726066496     
   350.00000000000000        3.5486453300825298     
   351.00000000000000        3.9070154376588184     
   352.00000000000000        4.3024690922628039     
   353.00000000000000        4.7323933511627478     
   354.00000000000000        5.1942528825829726     
   355.00000000000000        5.6855892667866099     
   356.00000000000000        6.2040202503895632     
   357.00000000000000        6.7472389565914508     
   358.00000000000000        7.3130130539458307     
   359.00000000000000        7.8991838862234136     
   360.00000000000000        8.5036655658537104     
   361.00000000000000        9.1244440333589676     
   362.00000000000000        9.7595760851312559     
   363.00000000000000        10.407188371836725     
   364.00000000000000        11.065476369653947     
   365.00000000000000        11.732703326504966     
   366.00000000000000        12.407199185355987     
   367.00000000000000        13.087359486603944     
   368.00000000000000        13.771644251508526     
   369.00000000000000        14.458576848555269     
   370.00000000000000        15.146742844573415     
   371.00000000000000        15.834788842382789     
   372.00000000000000        16.521421306662734     
   373.00000000000000        17.205405379693691     
   374.00000000000000        17.885563688550274     
   375.00000000000000        18.560775145271510     
   376.00000000000000        19.229973741480102     
   377.00000000000000        19.892147338855505     
   378.00000000000000        20.546336456816501     
   379.00000000000000        21.191633058719336     
   380.00000000000000        21.827179337811700     
   381.00000000000000        22.452166504135857     
   382.00000000000000        23.065833573532426     
   383.00000000000000        23.667466159828425     
   384.00000000000000        24.256395271251431     
   385.00000000000000        24.831996112070225     
   386.00000000000000        25.393686890409452     
   387.00000000000000        25.940927633126282     
   388.00000000000000        26.473219008623420     
   389.00000000000000        26.990101158392932     
   390.00000000000000        27.491152538074854     
   391.00000000000000        27.975988768741146     
   392.00000000000000        28.444261499106510     
   393.00000000000000        28.895657279301307     
   394.00000000000000        29.329896446819408     
   395.00000000000000        29.746732025209202     
   396.00000000000000        30.145948636043702     
   397.00000000000000        30.527361424662516     
   398.00000000000000        30.890815000152696     
   399.00000000000000        31.236182390000479     
   400.00000000000000        31.563364009809181     
   401.00000000000000        31.872286648445318     
   402.00000000000000        32.162902468956638     
   403.00000000000000        32.435188025563754     
   404.00000000000000        32.689143297001529     
   405.00000000000000        32.924790736468360     
   406.00000000000000        33.142174338393431     
   407.00000000000000        33.341358722238049     
   408.00000000000000        33.522428233483986     
   409.00000000000000        33.685486061978771     
   410.00000000000000        33.830653377745378     
   411.00000000000000        33.958068484378735     
   412.00000000000000        34.067885990091924     
   413.00000000000000        34.160275996498818     
   414.00000000000000        34.235423305149787     
   415.00000000000000        34.293526641871956     
   416.00000000000000        34.334797898890173     
   417.00000000000000        34.359461394755435     
   418.00000000000000        34.367753152006856     
   419.00000000000000        34.359920192569980     
   420.00000000000000        34.336219850799949     
   421.00000000000000        34.296919104111666     
   422.00000000000000        34.242293921111759     
   423.00000000000000        34.172628627119657     
   424.00000000000000        34.088215286988053     
   425.00000000000000        33.989353105074450     
   426.00000000000000        33.876347842252009     
   427.00000000000000        33.749511249797251     
   428.00000000000000        33.609160520010647     
   429.00000000000000        33.455617753401903     
   430.00000000000000        33.289209442268564     
   431.00000000000000        33.110265970483582     
   432.00000000000000        32.919121129307435     
   433.00000000000000        32.716111649025713     
   434.00000000000000        32.501576746213004     
   435.00000000000000        32.275857686408266     
   436.00000000000000        32.039297361994436     
   437.00000000000000        31.792239885055576     
   438.00000000000000        31.535030194991155     
   439.00000000000000        31.268013680658541     
   440.00000000000000        30.991535816807186     
   441.00000000000000        30.705941814568096     
   442.00000000000000        30.411576285762987     
   443.00000000000000        30.108782920784936     
   444.00000000000000        29.797904179804096     
   445.00000000000000        29.479280997060570     
   446.00000000000000        29.153252497978585     
   447.00000000000000        28.820155728865952     
   448.00000000000000        28.480325398937520     
   449.00000000000000        28.134093634412110     
   450.00000000000000        27.781789744425932     
   451.00000000000000        27.423739998514410     
   452.00000000000000        27.060267415397313     
   453.00000000000000        26.691691562825163     
   454.00000000000000        26.318328368218410     
   455.00000000000000        25.940489939858018     
   456.00000000000000        25.558484398366346     
   457.00000000000000        25.172615718230020     
   458.00000000000000        24.783183579110574     
   459.00000000000000        24.390483226695824     
   460.00000000000000        23.994805342843513     
   461.00000000000000        23.596435924767469     
   462.00000000000000        23.195656173026546     
   463.00000000000000        22.792742388068444     
   464.00000000000000        22.387965875089815     
   465.00000000000000        21.981592856978118     
   466.00000000000000        21.573884395089163     
   467.00000000000000        21.165096317638589     
   468.00000000000000        20.755479155466531     
   469.00000000000000        20.345278084953588     
   470.00000000000000        19.934732877857883     
   471.00000000000000        19.524077857854373     
   472.00000000000000        19.113541863555142     
   473.00000000000000        18.703348217791341     
   474.00000000000000        18.293714702949103     
   475.00000000000000        17.884853542142316     
   476.00000000000000        17.476971386021550     
   477.00000000000000        17.070269305009646     
   478.00000000000000        16.664942786767384     
   479.00000000000000        16.261181738689135     
   480.00000000000000        15.859170495237796     
   481.00000000000000        15.459087829925439     
   482.00000000000000        15.061106971755450     
   483.00000000000000        14.665395625941029     
   484.00000000000000        14.272115998721151     
   485.00000000000000        13.881424826098126     
   486.00000000000000        13.493473406321344     
   487.00000000000000        13.108407635952464     
   488.00000000000000        12.726368049341438     
   489.00000000000000        12.347489861355719     
   490.00000000000000        11.971903013200542     
   491.00000000000000        11.599732221177129     
   492.00000000000000        11.231097028227664     
   493.00000000000000        10.866111858117742     
   494.00000000000000        10.504886072112539     
   495.00000000000000        10.147524028006174     
   496.00000000000000        9.7941251413661661     
   497.00000000000000        9.4447839488598007     
   498.00000000000000        9.0995901735299682     
   499.00000000000000        8.7586287918963475     
   500.00000000000000        8.4219801027554517     
   501.00000000000000        8.0897197975608890     
   502.00000000000000        7.7619190322649425     
   503.00000000000000        7.4386445005103337     
   504.00000000000000        7.1199585080589927     
   505.00000000000000        6.8059190483515808     
   506.00000000000000        6.4965798790940301     
   507.00000000000000        6.1919905997702482     
   508.00000000000000        5.8921967299807694     
   509.00000000000000        5.5972397885165943     
   510.00000000000000        5.3071573730718598     
   511.00000000000000        5.0219832405105524     
   512.00000000000000        4.7417473875984602     
   513.00000000000000        4.4664761321191140     
   514.00000000000000        4.1961921942920775     
   515.00000000000000        3.9309147784178800     
   516.00000000000000        3.6706596546739356     
   517.00000000000000        3.4154392409888081     
   518.00000000000000        3.1652626849283121     
   519.00000000000000        2.9201359455230800     
   520.00000000000000        2.6800618749770204     
   521.00000000000000        2.4450403001924448     
   522.00000000000000        2.2150681040548448     
   523.00000000000000        1.9901393064189146     
   524.00000000000000        1.7702451447431506     
   525.00000000000000        1.5553741543194854     
   526.00000000000000        1.3455122480498298     
   527.00000000000000        1.1406427957207683     
   528.00000000000000       0.94074670273223671     
   529.00000000000000       0.74580248823569717     
   530.00000000000000       0.55578636264249015     
   531.00000000000000       0.37067230446179922     
   532.00000000000000       0.19043213643203638     
   533.00000000000000        1.5035600910256191E-002
   534.00000000000000        0.0000000000000000     
   535.00000000000000        0.0000000000000000     
   536.00000000000000        0.0000000000000000     
   537.00000000000000        0.0000000000000000     
   538.00000000000000        0.0000000000000000     
   539.00000000000000        0.0000000000000000     
   540.00000000000000        0.0000000000000000     
   541.00000000000000        0.0000000000000000     
   542.00000000000000        0.0000000000000000     
   543.00000000000000        0.0000000000000000     
   544.00000000000000        0.0000000000000000     
   545.00000000000000        0.0000000000000000     
   546.00000000000000        0.0000000000000000     
   547.00000000000000        0.0000000000000000     
   548.00000000000000        0.0000000000000000     
   549.00000000000000        0.0000000000000000     
   550.00000000000000        0.0000000000000000     
   551.00000000000000        0.0000000000000000     
   552.00000000000000        0.0000000000000000     
   553.00000000000000        0.0000000000000000     
   554.00000000000000        0.0000000000000000     
   555.00000000000000        0.0000000000000000     
   556.00000000000000        0.0000000000000000     
   557.00000000000000        0.0000000000000000     
   558.00000000000000        0.0000000000000000     
   559.00000000000000        0.0000000000000000     
   560.00000000000000        0.0000000000000000     
   561.00000000000000        0.0000000000000000     
   562.00000000000000        0.0000000000000000     
   563.00000000000000        0.0000000000000000     
   564.00000000000000        0.0000000000000000     
   565.00000000000000        0.0000000000000000     
   566.00000000000000        0.0000000000000000     
   567.00000000000000        0.0000000000000000     
   568.00000000000000        0.0000000000000000     
   569.00000000000000        0.0000000000000000     
   570.00000000000000        0.0000000000000000     
   571.00000000000000        0.0000000000000000     
   572.00000000000000        0.0000000000000000     
   573.00000000000000        0.0000000000000000     
   574.00000000000000        0.0000000000000000     
   575.00000000000000        0.0000000000000000     
   576.00000000000000        0.0000000000000000     
   577.00000000000000        0.0000000000000000     
   578.00000000000000        0.0000000000000000     
   579.00000000000000        0.0000000000000000     
   580.00000000000000        0.0000000000000000     
   581.00000000000000        0.0000000000000000     
   582.00000000000000        0.0000000000000000     
   583.00000000000000        0.0000000000000000     
   584.00000000000000        0.0000000000000000     
   585.00000000000000        0.0000000000000000     
   586.00000000000000        0.0000000000000000     
   587.00000000000000        0.0000000000000000     
   588.00000000000000        0.0000000000000000     
   589.00000000000000        0.0000000000000000     
   590.00000000000000        0.0000000000000000     
   591.00000000000000        0.0000000000000000     
   592.00000000000000        0.0000000000000000     
   593.00000000000000        0.0000000000000000     
   594.00000000000000        0.0000000000000000     
   595.00000000000000        0.0000000000000000     
   596.00000000000000        0.0000000000000000     
   597.00000000000000        0.0000000000000000     
   598.00000000000000        0.0000000000000000     
   599.00000000000000        0.0000000000000000     
   600.00000000000000        0.0000000000000000     
   601.00000000000000        0.0000000000000000     
   602.00000000000000        0.0000000000000000     
   603.00000000000000        0.0000000000000000     
   604.00000000000000        0.0000000000000000     
   605.00000000000000        0.0000000000000000     
   606.00000000000000        0.0000000000000000     
   607.00000000000000        0.0000000000000000     
   608.00000000000000        0.0000000000000000     
   609.00000000000000        0.0000000000000000     
   610.00000000000000        0.0000000000000000     
   611.00000000000000        0.0000000000000000     
   612.00000000000000        0.0000000000000000     
   613.00000000000000        0.0000000000000000     
   614.00000000000000        0.0000000000000000     
   615.00000000000000        0.0000000000000000     
   616.00000000000000        0.0000000000000000     
   617.00000000000000        0.0000000000000000     
   618.00000000000000        0.0000000000000000     
   619.00000000000000        0.0000000000000000     
   620.00000000000000        0.0000000000000000     
   621.00000000000000        0.0000000000000000     
   622.00000000000000        0.0000000000000000     
   623.00000000000000        0.0000000000000000     
   624.00000000000000        0.0000000000000000     
   625.00000000000000        0.0000000000000000     
   626.00000000000000        0.0000000000000000     
   627.00000000000000        0.0000000000000000     
   628.00000000000000        0.0000000000000000     
   629.00000000000000        0.0000000000000000     
   630.00000000000000        0.0000000000000000     
   631.00000000000000        0.0000000000000000     
   632.00000000000000        0.0000000000000000     
   633.00000000000000        0.0000000000000000     
   634.00000000000000        0.0000000000000000     
   635.00000000000000        0.0000000000000000     
   636.00000000000000        0.0000000000000000     
   637.00000000000000        0.0000000000000000     
   638.00000000000000        0.0000000000000000     
   639.00000000000000        0.0000000000000000     
   640.00000000000000        0.0000000000000000     
   641.00000000000000        0.0000000000000000     
   642.00000000000000        0.0000000000000000     
   643.00000000000000        0.0000000000000000     
   644.00000000000000        0.0000000000000000     
   645.00000000000000        0.0000000000000000     
   646.00000000000000        0.0000000000000000     
   647.00000000000000        0.0000000000000000     
   648.00000000000000        0.0000000000000000     
   649.00000000000000        0.0000000000000000     
   650.00000000000000        0.0000000000000000     
   651.00000000000000        0.0000000000000000     
   652.00000000000000        0.0000000000000000     
   653.00000000000000        0.0000000000000000     
   654.00000000000000        0.0000000000000000     
   655.00000000000000        0.0000000000000000     
   656.00000000000000        0.0000000000000000     
   657.00000000000000        0.0000000000000000     
   658.00000000000000        0.0000000000000000     
   659.00000000000000        0.0000000000000000     
   660.00000000000000        0.0000000000000000     
   661.00000000000000        0.0000000000000000     
   662.00000000000000        0.0000000000000000     
   663.00000000000000        0.0000000000000000     
   664.00000000000000        0.0000000000000000     
   665.00000000000000        0.0000000000000000     
   666.00000000000000        0.0000000000000000     
   667.00000000000000        0.0000000000000000     
   668.00000000000000        0.0000000000000000     
   669.00000000000000        0.0000000000000000     
   670.00000000000000        0.0000000000000000     
   671.00000000000000        0.0000000000000000     
   672.00000000000000        0.0000000000000000     
   673.00000000000000        0.0000000000000000     
   674.00000000000000        0.0000000000000000     
   675.00000000000000        0.0000000000000000     
   676.00000000000000        0.0000000000000000     
   677.00000000000000        0.0000000000000000     
   678.00000000000000        0.0000000000000000     
   679.00000000000000        0.0000000000000000     
   680.00000000000000        0.0000000000000000     
   681.00000000000000        0.0000000000000000     
   682.00000000000000        0.0000000000000000     
   683.00000000000000        0.0000000000000000     
   684.00000000000000        0.0000000000000000     
   685.00000000000000        0.0000000000000000     
   686.00000000000000        0.0000000000000000     
   687.00000000000000        0.0000000000000000     
   688.00000000000000        0.0000000000000000     
   689.00000000000000        0.0000000000000000     
   690.00000000000000        0.0000000000000000     
   691.00000000000000        0.0000000000000000     
   692.00000000000000        0.0000000000000000     
   693.00000000000000        0.0000000000000000     
   694.00000000000000        0.0000000000000000     
   695.00000000000000        0.0000000000000000     
   696.00000000000000        0.0000000000000000     
   697.00000000000000        0.0000000000000000     
   698.00000000000000        0.0000000000000000     
   699.00000000000000        0.0000000000000000     
   700.00000000000000        0.0000000000000000     
   701.00000000000000        0.0000000000000000     
   702.00000000000000        0.0000000000000000     
   703.00000000000000        0.0000000000000000     
   704.00000000000000        0.0000000000000000     
   705.00000000000000        0.0000000000000000     
   706.00000000000000        0.0000000000000000     
   707.00000000000000        0.0000000000000000     
   708.00000000000000        0.0000000000000000     
   709.00000000000000        0.0000000000000000     
   710.00000000000000        0.0000000000000000     
   711.00000000000000        0.0000000000000000     
   712.00000000000000        0.0000000000000000     
   713.00000000000000        0.0000000000000000     
   714.00000000000000        0.0000000000000000     
   715.00000000000000        0.0000000000000000     
   716.00000000000000        0.0000000000000000     
   717.00000000000000        0.0000000000000000     
   718.00000000000000        0.0000000000000000     
   719.00000000000000        0.0000000000000000     
   720.00000000000000        0.0000000000000000     
   721.00000000000000        0.0000000000000000     
   722.00000000000000        0.0000000000000000     
   723.00000000000000        0.0000000000000000     
   724.00000000000000        0.0000000000000000     
   725.00000000000000        0.0000000000000000     
   726.00000000000000        0.0000000000000000     
   727.00000000000000        0.0000000000000000     
   728.00000000000000        0.0000000000000000     
   729.00000000000000        0.0000000000000000     
   730.00000000000000        0.0000000000000000     
   731.00000000000000        0.0000000000000000     
   732.00000000000000        0.0000000000000000     
   733.00000000000000        0.0000000000000000     
   734.00000000000000        0.0000000000000000     
   735.00000000000000        0.0000000000000000     
   736.00000000000000        0.0000000000000000     
   737.00000000000000        0.0000000000000000     
   738.00000000000000        0.0000000000000000     
   739.00000000000000        0.0000000000000000     
   740.00000000000000        0.0000000000000000     
   741.00000000000000        0.0000000000000000     
   742.00000000000000        0.0000000000000000     
   743.00000000000000        0.0000000000000000     
   744.00000000000000        0.0000000000000000     
   745.00000000000000        0.0000000000000000     
   746.00000000000000        0.0000000000000000     
   747.00000000000000        0.0000000000000000     
   748.00000000000000        0.0000000000000000     
   749.00000000000000        0.0000000000000000     
   750.00000000000000        0.0000000000000000     
   751.00000000000000        0.0000000000000000     
   752.00000000000000        0.0000000000000000     
   753.00000000000000        0.0000000000000000     
   754.00000000000000        0.0000000000000000     
   755.00000000000000        0.0000000000000000     
   756.00000000000000        0.0000000000000000     
   757.00000000000000        0.0000000000000000     
   758.00000000000000        0.0000000000000000     
   759.00000000000000        0.0000000000000000     
   760.00000000000000        0.0000000000000000     
   761.00000000000000        0.0000000000000000     
   762.00000000000000        0.0000000000000000     
   763.00000000000000        0.0000000000000000     
   764.00000000000000        0.0000000000000000     
   765.00000000000000        0.0000000000000000     
   766.00000000000000        0.0000000000000000     
   767.00000000000000        0.0000000000000000     
   768.00000000000000        0.0000000000000000     
   769.00000000000000        0.0000000000000000     
   770.00000000000000        0.0000000000000000     
   771.00000000000000        0.0000000000000000     
   772.00000000000000        0.0000000000000000     
   773.00000000000000        0.0000000000000000     
   774.00000000000000        0.0000000000000000     
   775.00000000000000        0.0000000000000000     
   776.00000000000000        0.0000000000000000     
   777.00000000000000        0.0000000000000000     
   778.00000000000000        0.0000000000000000     
   779.00000000000000        0.0000000000000000     
   780.00000000000000        0.0000000000000000     
   781.00000000000000        0.0000000000000000     
   782.00000000000000        0.0000000000000000     
   783.00000000000000        0.0000000000000000     
   784.00000000000000        0.0000000000000000     
   785.00000000000000        0.0000000000000000     
   786.00000000000000        0.0000000000000000     
   787.00000000000000        0.0000000000000000     
   788.00000000000000        0.0000000000000000     
   789.00000000000000        0.0000000000000000     
   790.00000000000000        0.0000000000000000     
   791.00000000000000        0.0000000000000000     
   792.00000000000000        0.0000000000000000     
   793.00000000000000        0.0000000000000000     
   794.00000000000000        0.0000000000000000     
   795.00000000000000        0.0000000000000000     
   796.00000000000000        0.0000000000000000     
   797.00000000000000        0.0000000000000000     
   798.00000000000000        0.0000000000000000     
   799.00000000000000        0.0000000000000000     
   800.00000000000000        0.0000000000000000     
   801.00000000000000        0.0000000000000000     
   802.00000000000000        0.0000000000000000     
   803.00000000000000        0.0000000000000000     
   804.00000000000000        0.0000000000000000     
   805.00000000000000        0.0000000000000000     
   806.00000000000000        0.0000000000000000     
   807.00000000000000        0.0000000000000000     
   808.00000000000000        0.0000000000000000     
   809.00000000000000        0.0000000000000000     
   810.00000000000000        0.0000000000000000     
   811.00000000000000        0.0000000000000000     
   812.00000000000000        0.0000000000000000     
   813.00000000000000        0.0000000000000000     
   814.00000000000000        0.0000000000000000     
   815.00000000000000        0.0000000000000000     
   816.00000000000000        0.0000000000000000     
   817.00000000000000        0.0000000000000000     
   818.00000000000000        0.0000000000000000     
   819.00000000000000        0.0000000000000000     
   820.00000000000000        0.0000000000000000     
   821.00000000000000        0.0000000000000000     
   822.00000000000000        0.0000000000000000     
   823.00000000000000        0.0000000000000000     
   824.00000000000000        0.0000000000000000     
   825.00000000000000        0.0000000000000000     
   826.00000000000000        0.0000000000000000     
   827.00000000000000        0.0000000000000000     
   828.00000000000000        0.0000000000000000     
   829.00000000000000        0.0000000000000000     
   830.00000000000000        0.0000000000000000     
   831.00000000000000        0.0000000000000000     
   832.00000000000000        0.0000000000000000     
   833.00000000000000        0.0000000000000000     
   834.00000000000000        0.0000000000000000     
   835.00000000000000        0.0000000000000000     
   836.00000000000000        0.0000000000000000     
   837.00000000000000        0.0000000000000000     
   838.00000000000000        0.0000000000000000     
   839.00000000000000        0.0000000000000000     
   840.00000000000000        0.0000000000000000     
   841.00000000000000        0.0000000000000000     
   842.00000000000000        0.0000000000000000     
   843.00000000000000        0.0000000000000000     
   844.00000000000000        0.0000000000000000     
   845.00000000000000        0.0000000000000000     
   846.00000000000000        0.0000000000000000     
   847.00000000000000        0.0000000000000000     
   848.00000000000000        0.0000000000000000     
   849.00000000000000        0.0000000000000000     
   850.00000000000000        0.0000000000000000     
   851.00000000000000        0.0000000000000000     
   852.00000000000000        0.0000000000000000     
   853.00000000000000        0.0000000000000000     
   854.00000000000000        0.0000000000000000     
   855.00000000000000        0.0000000000000000     
   856.00000000000000        0.0000000000000000     
   857.00000000000000        0.0000000000000000     
   858.00000000000000        0.0000000000000000     
   859.00000000000000        0.0000000000000000     
   860.00000000000000        0.0000000000000000     
   861.00000000000000        0.0000000000000000     
   862.00000000000000        0.0000000000000000     
   863.00000000000000        0.0000000000000000     
   864.00000000000000        0.0000000000000000     
   865.00000000000000        0.0000000000000000     
   866.00000000000000        0.0000000000000000     
   867.00000000000000        0.0000000000000000     
   868.00000000000000        0.0000000000000000     
   869.00000000000000        0.0000000000000000     
   870.00000000000000        0.0000000000000000     
   871.00000000000000        0.0000000000000000     
   872.00000000000000        0.0000000000000000     
   873.00000000000000        0.0000000000000000     
   874.00000000000000        0.0000000000000000     
   875.00000000000000        0.0000000000000000     
   876.00000000000000        0.0000000000000000     
   877.00000000000000        0.0000000000000000     
   878.00000000000000        0.0000000000000000     
   879.00000000000000        0.0000000000000000     
   880.00000000000000        0.0000000000000000     
   881.00000000000000        0.0000000000000000     
   882.00000000000000        0.0000000000000000     
   883.00000000000000        0.0000000000000000     
   884.00000000000000        0.0000000000000000     
   885.00000000000000        0.0000000000000000     
   886.00000000000000        0.0000000000000000     
   887.00000000000000        0.0000000000000000     
   888.00000000000000        0.0000000000000000     
   889.00000000000000        0.0000000000000000     
   890.00000000000000        0.0000000000000000     
   891.00000000000000        0.0000000000000000     
   892.00000000000000        0.0000000000000000     
   893.00000000000000        0.0000000000000000     
   894.00000000000000        0.0000000000000000     
   895.00000000000000        0.0000000000000000     
   896.00000000000000        0.0000000000000000     
   897.00000000000000        0.0000000000000000     
   898.00000000000000        0.0000000000000000     
   899.00000000000000        0.0000000000000000     
   900.00000000000000        0.0000000000000000     
   901.00000000000000        0.0000000000000000     
   902.00000000000000        0.0000000000000000     
   903.00000000000000        0.0000000000000000     
   904.00000000000000        0.0000000000000000     
   905.00000000000000        0.0000000000000000     
   906.00000000000000        0.0000000000000000     
   907.00000000000000        0.0000000000000000     
   908.00000000000000        0.0000000000000000     
   909.00000000000000        0.0000000000000000     
   910.00000000000000        0.0000000000000000     
   911.00000000000000        0.0000000000000000     
   912.00000000000000        0.0000000000000000     
   913.00000000000000        0.0000000000000000     
   914.00000000000000        0.0000000000000000     
   915.00000000000000        0.0000000000000000     
   916.00000000000000        0.0000000000000000     
   917.00000000000000        0.0000000000000000     
   918.00000000000000        0.0000000000000000     
   919.00000000000000        0.0000000000000000     
   920.00000000000000        0.0000000000000000     
   921.00000000000000        0.0000000000000000     
   922.00000000000000        0.0000000000000000     
   923.00000000000000        0.0000000000000000     
   924.00000000000000        0.0000000000000000     
   925.00000000000000        0.0000000000000000     
   926.00000000000000        0.0000000000000000     
   927.00000000000000        0.0000000000000000     
   928.00000000000000        0.0000000000000000     
   929.00000000000000        0.0000000000000000     
   930.00000000000000        0.0000000000000000     
   931.00000000000000        0.0000000000000000     
   932.00000000000000        0.0000000000000000     
   933.00000000000000        0.0000000000000000     
   934.00000000000000        0.0000000000000000     
   935.00000000000000        0.0000000000000000     
   936.00000000000000        0.0000000000000000     
   937.00000000000000        0.0000000000000000     
   938.00000000000000        0.0000000000000000     
   939.00000000000000        0.0000000000000000     
   940.00000000000000        0.0000000000000000     
   941.00000000000000        0.0000000000000000     
   942.00000000000000        0.0000000000000000     
   943.00000000000000        0.0000000000000000     
   944.00000000000000        0.0000000000000000     
   945.00000000000000        0.0000000000000000     
   946.00000000000000        0.0000000000000000     
   947.00000000000000        0.0000000000000000     
   948.00000000000000        0.0000000000000000     
   949.00000000000000        0.0000000000000000     
   950.00000000000000        0.0000000000000000     
   951.00000000000000        0.0000000000000000     
   952.00000000000000        0.0000000000000000     
   953.00000000000000        0.0000000000000000     
   954.00000000000000        0.0000000000000000     
   955.00000000000000        0.0000000000000000     
   956.00000000000000        0.0000000000000000     
   957.00000000000000        0.0000000000000000     
   958.00000000000000        0.0000000000000000     
   959.00000000000000        0.0000000000000000     
   960.00000000000000        0.0000000000000000     
   961.00000000000000        0.0000000000000000     
   962.00000000000000        0.0000000000000000     
   963.00000000000000        0.0000000000000000     
   964.00000000000000        0.0000000000000000     
   965.00000000000000        0.0000000000000000     
   966.00000000000000        0.0000000000000000     
   967.00000000000000        0.0000000000000000     
   968.00000000000000        0.0000000000000000     
   969.00000000000000        0.0000000000000000     
   970.00000000000000        0.0000000000000000     
   971.00000000000000        0.0000000000000000     
   972.00000000000000        0.0000000000000000     
   973.00000000000000        0.0000000000000000     
   974.00000000000000        0.0000000000000000     
   975.00000000000000        0.0000000000000000     
   976.00000000000000        0.0000000000000000     
   977.00000000000000        0.0000000000000000     
   978.00000000000000        0.0000000000000000     
   979.00000000000000        0.0000000000000000     
   980.00000000000000        0.0000000000000000     
   981.00000000000000        0.0000000000000000     
   982.00000000000000        0.0000000000000000     
   983.00000000000000        0.0000000000000000     
   984.00000000000000        0.0000000000000000     
   985.00000000000000        0.0000000000000000     
   986.00000000000000        0.0000000000000000     
   987.00000000000000        0.0000000000000000     
   988.00000000000000        0.0000000000000000     
   989.00000000000000        0.0000000000000000     
   990.00000000000000        0.0000000000000000     
   991.00000000000000        0.0000000000000000     
   992.00000000000000        0.0000000000000000     
   993.00000000000000        0.0000000000000000     
   994.00000000000000        0.0000000000000000     
   995.00000000000000        0.0000000000000000     
   996.00000000000000        0.0000000000000000     
   997.00000000000000        0.0000000000000000     
   998.00000000000000        0.0000000000000000     
   999.00000000000000        0.0000000000000000     
   1000.0000000000000        0.0000000000000000     
