# Recoil energy (kev)        Event rate (events/gev)
   1.0000000000000000        483932.08274995734     
   2.0000000000000000        455193.88357151498     
   3.0000000000000000        428036.73660934996     
   4.0000000000000000        402380.25396342360     
   5.0000000000000000        378147.79269028775     
   6.0000000000000000        355266.29848608299     
   7.0000000000000000        333666.15487867018     
   8.0000000000000000        313281.03779734467     
   9.0000000000000000        294047.77538714884     
   10.000000000000000        275906.21293385478     
   11.000000000000000        258799.08276518059     
   12.000000000000000        242671.87899367948     
   13.000000000000000        227472.73696698589     
   14.000000000000000        213152.31729166405     
   15.000000000000000        199663.69429775694     
   16.000000000000000        186962.24881225254     
   17.000000000000000        175005.56511102937     
   18.000000000000000        163753.33192040346     
   19.000000000000000        153167.24734113654     
   20.000000000000000        143210.92756967735     
   21.000000000000000        133849.81929344157     
   22.000000000000000        125051.11563912051     
   23.000000000000000        116783.67555527057     
   24.000000000000000        109017.94651281403     
   25.000000000000000        101725.89040951482     
   26.000000000000000        94880.912567004096     
   27.000000000000000        88457.793711479695     
   28.000000000000000        82432.624831802081     
   29.000000000000000        76782.744811325538     
   30.000000000000000        71486.680732449691     
   31.000000000000000        66524.090755522047     
   32.000000000000000        61875.709476381737     
   33.000000000000000        57523.295669477666     
   34.000000000000000        53449.582326138734     
   35.000000000000000        49638.228900192233     
   36.000000000000000        46073.775675726582     
   37.000000000000000        42741.600174371037     
   38.000000000000000        39627.875522006485     
   39.000000000000000        36719.530697330280     
   40.000000000000000        34004.212587172115     
   41.000000000000000        31470.249775888522     
   42.000000000000000        29106.617998552389     
   43.000000000000000        26902.907189999682     
   44.000000000000000        24849.290064092820     
   45.000000000000000        22936.492159810525     
   46.000000000000000        21155.763292974880     
   47.000000000000000        19498.850354576036     
   48.000000000000000        17957.971398756479     
   49.000000000000000        16525.790965562301     
   50.000000000000000        15195.396585566625     
   51.000000000000000        13960.276415414171     
   52.000000000000000        12814.297955225435     
   53.000000000000000        11751.687800641404     
   54.000000000000000        10767.012384074096     
   55.000000000000000        9855.1596614658483     
   56.000000000000000        9011.3217025439571     
   57.000000000000000        8230.9781441910145     
   58.000000000000000        7509.8804681347137     
   59.000000000000000        6844.0370656954583     
   60.000000000000000        6229.6990538148711     
   61.000000000000000        5663.3468080258372     
   62.000000000000000        5141.6771794151291     
   63.000000000000000        4661.5913639732016     
   64.000000000000000        4220.1833940247207     
   65.000000000000000        3814.7292226874197     
   66.000000000000000        3442.6763735174814     
   67.000000000000000        3101.6341286682427     
   68.000000000000000        2789.3642300156835     
   69.000000000000000        2503.7720687904048     
   70.000000000000000        2242.8983403031016     
   71.000000000000000        2004.9111413589042     
   72.000000000000000        1788.0984889272363     
   73.000000000000000        1590.8612395686187     
   74.000000000000000        1411.7063900196868     
   75.000000000000000        1249.2407402025124     
   76.000000000000000        1102.1649007567423     
   77.000000000000000        969.26762799244170     
   78.000000000000000        849.42046992999724     
   79.000000000000000        741.57270783150466     
   80.000000000000000        644.74657833671154     
   81.000000000000000        558.03276199680113     
   82.000000000000000        480.58612465214838     
   83.000000000000000        411.62169872624139     
   84.000000000000000        350.41089210854625     
   85.000000000000000        296.27791287468813     
   86.000000000000000        248.59639864407296     
   87.000000000000000        206.78623990366694     
   88.000000000000000        170.31058713294144     
   89.000000000000000        138.67303204978228     
   90.000000000000000        111.41495376122931     
   91.000000000000000        88.113021047047368     
   92.000000000000000        68.376842428946006     
   93.000000000000000        51.846756084681125     
   94.000000000000000        38.191752054804461     
   95.000000000000000        27.107519561236955     
   96.000000000000000        18.314612611781609     
   97.000000000000000        11.556727403797394     
   98.000000000000000        6.5990853641184968     
   99.000000000000000        3.2269159715732987     
   100.00000000000000        1.2440338036513874     
   101.00000000000000       0.47150453061912528     
   102.00000000000000       0.74639484916903909     
   103.00000000000000        1.9206016040844538     
   104.00000000000000        3.8597555908833399     
   105.00000000000000        6.4421957654814346     
   106.00000000000000        9.5580098090553722     
   107.00000000000000        13.108137207939599     
   108.00000000000000        17.003531210019979     
   109.00000000000000        21.164376211084466     
   110.00000000000000        25.519357307405642     
   111.00000000000000        30.004978924818328     
   112.00000000000000        34.564929600135343     
   113.00000000000000        39.149490148252376     
   114.00000000000000        43.714982598086550     
   115.00000000000000        48.223257422951257     
   116.00000000000000        52.641216726337142     
   117.00000000000000        56.940371172757544     
   118.00000000000000        61.096428575543037     
   119.00000000000000        65.088912169580837     
   120.00000000000000        68.900806707231354     
   121.00000000000000        72.518230620322143     
   122.00000000000000        75.930132590424677     
   123.00000000000000        79.128010963861087     
   124.00000000000000        82.105654537257777     
   125.00000000000000        84.858903324219497     
   126.00000000000000        87.385427994043567     
   127.00000000000000        89.684526749519947     
   128.00000000000000        91.756938483020349     
   129.00000000000000        93.604671118386747     
   130.00000000000000        95.230844110840280     
   131.00000000000000        96.639544138363135     
   132.00000000000000        97.835693075970525     
   133.00000000000000        98.824927399101540     
   134.00000000000000        99.613488214230415     
   135.00000000000000        100.20812116380273     
   136.00000000000000        100.61598549895382     
   137.00000000000000        100.84457165723087     
   138.00000000000000        100.90162672391226     
   139.00000000000000        100.79508719454452     
   140.00000000000000        100.53301849319125     
   141.00000000000000        100.12356073565981     
   142.00000000000000        99.574880259781906     
   143.00000000000000        98.895126475765679     
   144.00000000000000        98.092393618778928     
   145.00000000000000        97.174687013437989     
   146.00000000000000        96.149893485710678     
   147.00000000000000        95.025755582169822     
   148.00000000000000        93.809849279420604     
   149.00000000000000        92.509564888141412     
   150.00000000000000        91.132090876463025     
   151.00000000000000        89.684400356497804     
   152.00000000000000        88.173239995754869     
   153.00000000000000        86.605121132030305     
   154.00000000000000        84.986312886169628     
   155.00000000000000        83.322837081943575     
   156.00000000000000        81.620464796195321     
   157.00000000000000        79.884714375483910     
   158.00000000000000        78.120850767657402     
   159.00000000000000        76.333886028274918     
   160.00000000000000        74.528580872499901     
   161.00000000000000        72.709447153141184     
   162.00000000000000        70.880751154889666     
   163.00000000000000        69.046517603588384     
   164.00000000000000        67.210534297552883     
   165.00000000000000        65.376357275616641     
   166.00000000000000        63.547316443714365     
   167.00000000000000        61.726521588469879     
   168.00000000000000        59.916868712449734     
   169.00000000000000        58.121046631524685     
   170.00000000000000        56.341543780149692     
   171.00000000000000        54.580655175358004     
   172.00000000000000        52.840489494919723     
   173.00000000000000        51.122976229402049     
   174.00000000000000        49.429872871875219     
   175.00000000000000        47.762772112698997     
   176.00000000000000        46.123109010253479     
   177.00000000000000        44.512168111638061     
   178.00000000000000        42.931090500296037     
   179.00000000000000        41.380880750211716     
   180.00000000000000        39.862413768820424     
   181.00000000000000        38.376441513056420     
   182.00000000000000        36.923599565072429     
   183.00000000000000        35.504413556092480     
   184.00000000000000        34.119305428628699     
   185.00000000000000        32.768599528919232     
   186.00000000000000        31.452528522914388     
   187.00000000000000        30.171239130496058     
   188.00000000000000        28.924797673833350     
   189.00000000000000        27.713195436902588     
   190.00000000000000        26.536353834195559     
   191.00000000000000        25.394129387561481     
   192.00000000000000        24.286318510945058     
   193.00000000000000        23.212662103514678     
   194.00000000000000        22.172849952342794     
   195.00000000000000        21.166524946377528     
   196.00000000000000        20.193287103969126     
   197.00000000000000        19.252697416675144     
   198.00000000000000        18.344281512464779     
   199.00000000000000        17.467533141793623     
   200.00000000000000        16.621917490326602     
   201.00000000000000        15.806874322336865     
   202.00000000000000        15.021820959029805     
   203.00000000000000        14.266155096218659     
   204.00000000000000        13.539257465928390     
   205.00000000000000        12.840494346612008     
   206.00000000000000        12.169219926758595     
   207.00000000000000        11.524778526727252     
   208.00000000000000        10.906506683684155     
   209.00000000000000        10.313735104532583     
   210.00000000000000        9.7457904917289220     
   211.00000000000000        9.2019972468542814     
   212.00000000000000        8.6816790567823219     
   213.00000000000000        8.1841603672331527     
   214.00000000000000        7.7087677484450570     
   215.00000000000000        7.2548311576272555     
   216.00000000000000        6.8216851027753753     
   217.00000000000000        6.4086697123473142     
   218.00000000000000        6.0151317151993515     
   219.00000000000000        5.6404253350858538     
   220.00000000000000        5.2839131039188683     
   221.00000000000000        4.9449665978742887     
   222.00000000000000        4.6229671003206230     
   223.00000000000000        4.3173061954292367     
   224.00000000000000        4.0273862962080313     
   225.00000000000000        3.7526211105827012     
   226.00000000000000        3.4924360490288575     
   227.00000000000000        3.2462685771392623     
   228.00000000000000        3.0135685163893577     
   229.00000000000000        2.7937982962463863     
   230.00000000000000        2.5864331606463753     
   231.00000000000000        2.3909613317478131     
   232.00000000000000        2.2068841337534040     
   233.00000000000000        2.0337160794762186     
   234.00000000000000        1.8709849222153847     
   235.00000000000000        1.7182316753942666     
   236.00000000000000        1.5750106023059296     
   237.00000000000000        1.4408891782053210     
   238.00000000000000        1.3154480268827280     
   239.00000000000000        1.1982808337528612     
   240.00000000000000        1.0889942373953141     
   241.00000000000000       0.98720770138597802     
   242.00000000000000       0.89255336816672870     
   243.00000000000000       0.80467589661028538     
   244.00000000000000       0.72323228484965674     
   245.00000000000000       0.64789167985768570     
   246.00000000000000       0.57833517518030586     
   247.00000000000000       0.51425559814813993     
   248.00000000000000       0.45535728781619456     
   249.00000000000000       0.40135586480707930     
   250.00000000000000       0.35197799416368930     
   251.00000000000000       0.30696114224962584     
   252.00000000000000       0.26605332867068437     
   253.00000000000000       0.22901287412847471     
   254.00000000000000       0.19560814505783036     
   255.00000000000000       0.16561729584273105     
   256.00000000000000       0.13882800935056522     
   257.00000000000000       0.11503723647291555     
   258.00000000000000        9.4050935311160003E-002
   259.00000000000000        7.5683810597613060E-002
   260.00000000000000        5.9759053898319738E-002
   261.00000000000000        4.6108085100078286E-002
   262.00000000000000        3.4570295643940423E-002
   263.00000000000000        2.4992793928412447E-002
   264.00000000000000        1.7230153268898533E-002
   265.00000000000000        1.1144162765162188E-002
   266.00000000000000        6.6035813954592737E-003
   267.00000000000000        3.4838956249871982E-003
   268.00000000000000        1.6670807867092481E-003
   269.00000000000000        1.0413664649112626E-003
   270.00000000000000        1.5010060856234565E-003
   271.00000000000000        2.9460508934296224E-003
   272.00000000000000        5.2821284709982392E-003
   273.00000000000000        8.4202259359416921E-003
   274.00000000000000        1.2276477929221477E-002
   275.00000000000000        1.6771959490210209E-002
   276.00000000000000        2.1832483895735302E-002
   277.00000000000000        2.7388405523732572E-002
   278.00000000000000        3.3374427786624236E-002
   279.00000000000000        3.9729416165147829E-002
   280.00000000000000        4.6396216359960461E-002
   281.00000000000000        5.3321477565852489E-002
   282.00000000000000        6.0455480862104442E-002
   283.00000000000000        6.7751972701717816E-002
   284.00000000000000        7.5168003472735695E-002
   285.00000000000000        8.2663771095737859E-002
   286.00000000000000        9.0202469613595126E-002
   287.00000000000000        9.7750142721993546E-002
   288.00000000000000       0.10527554218250142     
   289.00000000000000       0.11274999105386896     
   290.00000000000000       0.12014725167175254     
   291.00000000000000       0.12744339830188375     
   292.00000000000000       0.13461669438774143     
   293.00000000000000       0.14164747430941696     
   294.00000000000000       0.14851802956729226     
   295.00000000000000       0.15521249930097342     
   296.00000000000000       0.16171676505159963     
   297.00000000000000       0.16801834967317764     
   298.00000000000000       0.17410632029716752     
   299.00000000000000       0.17997119525285998     
   300.00000000000000       0.18560485484503353     
   301.00000000000000       0.19100045588964704     
   302.00000000000000       0.19615234990763838     
   303.00000000000000       0.20105600487679162     
   304.00000000000000       0.20570793044137103     
   305.00000000000000       0.21010560647963902     
   306.00000000000000       0.21424741492959784     
   307.00000000000000       0.21813257477382114     
   308.00000000000000       0.22176108008521225     
   309.00000000000000       0.22513364103606431     
   310.00000000000000       0.22825162777422467     
   311.00000000000000       0.23111701707093499     
   312.00000000000000       0.23373234164654358     
   313.00000000000000       0.23610064208140508     
   314.00000000000000       0.23822542122095611     
   315.00000000000000       0.24011060098534251     
   316.00000000000000       0.24176048149571475     
   317.00000000000000       0.24317970243106374     
   318.00000000000000       0.24437320653098346     
   319.00000000000000       0.24534620516182445     
   320.00000000000000       0.24610414586538565     
   321.00000000000000       0.24665268181112524     
   322.00000000000000       0.24699764307499955     
   323.00000000000000       0.24714500966961159     
   324.00000000000000       0.24710088625261387     
   325.00000000000000       0.24687147844206120     
   326.00000000000000       0.24646307066937376     
   327.00000000000000       0.24588200550266023     
   328.00000000000000       0.24513466437482206     
   329.00000000000000       0.24422744965312773     
   330.00000000000000       0.24316676798857004     
   331.00000000000000       0.24195901488543176     
   332.00000000000000       0.24061056043324003     
   333.00000000000000       0.23912773614530886     
   334.00000000000000       0.23751682284970754     
   335.00000000000000       0.23578403958052507     
   336.00000000000000       0.23393553341897505     
   337.00000000000000       0.23197737023564860     
   338.00000000000000       0.22991552628703552     
   339.00000000000000       0.22775588062105231     
   340.00000000000000       0.22550420824803313     
   341.00000000000000       0.22316617403526920     
   342.00000000000000       0.22074732728477378     
   343.00000000000000       0.21825309695552875     
   344.00000000000000       0.21568878749295847     
   345.00000000000000       0.21305957522995314     
   346.00000000000000       0.21037050532510615     
   347.00000000000000       0.20762648920537691     
   348.00000000000000       0.20483230248158776     
   349.00000000000000       0.20199258330679029     
   350.00000000000000       0.19911183114848449     
   351.00000000000000       0.19619440594726634     
   352.00000000000000       0.19324452763551572     
   353.00000000000000       0.19026627599098217     
   354.00000000000000       0.18726359080128760     
   355.00000000000000       0.18424027231653464     
   356.00000000000000       0.18119998196813805     
   357.00000000000000       0.17814624333325962     
   358.00000000000000       0.17508244332507447     
   359.00000000000000       0.17201183359010117     
   360.00000000000000       0.16893753209489867     
   361.00000000000000       0.16586252488513370     
   362.00000000000000       0.16278966800110756     
   363.00000000000000       0.15972168953454124     
   364.00000000000000       0.15666119181227880     
   365.00000000000000       0.15361065369337451     
   366.00000000000000       0.15057243296673886     
   367.00000000000000       0.14754876883726289     
   368.00000000000000       0.14454178448907534     
   369.00000000000000       0.14155348971517237     
   370.00000000000000       0.13858578360335963     
   371.00000000000000       0.13564045726907314     
   372.00000000000000       0.13271919662617568     
   373.00000000000000       0.12982358518742751     
   374.00000000000000       0.12695510688687428     
   375.00000000000000       0.12411514891689027     
   376.00000000000000       0.12130500457309162     
   377.00000000000000       0.11852587610087738     
   378.00000000000000       0.11577887753769503     
   379.00000000000000       0.11306503754565028     
   380.00000000000000       0.11038530222944487     
   381.00000000000000       0.10774053793499221     
   382.00000000000000       0.10513153402449124     
   383.00000000000000       0.10255900562403487     
   384.00000000000000       0.10002359634016623     
   385.00000000000000        9.7525880942159957E-002
   386.00000000000000        9.5066368007031485E-002
   387.00000000000000        9.2645502524635118E-002
   388.00000000000000        9.0263668460419777E-002
   389.00000000000000        8.7921191273687610E-002
   390.00000000000000        8.5618340389483266E-002
   391.00000000000000        8.3355331622354714E-002
   392.00000000000000        8.1132329550589105E-002
   393.00000000000000        7.8949449839596231E-002
   394.00000000000000        7.6806761513377064E-002
   395.00000000000000        7.4704289173172941E-002
   396.00000000000000        7.2642015162545426E-002
   397.00000000000000        7.0619881678311680E-002
   398.00000000000000        6.8637792826894570E-002
   399.00000000000000        6.6695616625779788E-002
   400.00000000000000        6.4793186949919701E-002
   401.00000000000000        6.2930305423012742E-002
   402.00000000000000        6.1106743253722784E-002
   403.00000000000000        5.9322243016998087E-002
   404.00000000000000        5.7576520380726033E-002
   405.00000000000000        5.5869265778083564E-002
   406.00000000000000        5.4200146025984788E-002
   407.00000000000000        5.2568805890132755E-002
   408.00000000000000        5.0974869597229945E-002
   409.00000000000000        4.9417942294968070E-002
   410.00000000000000        4.7897611460495301E-002
   411.00000000000000        4.6413448258066300E-002
   412.00000000000000        4.4965008846672032E-002
   413.00000000000000        4.3551835638464112E-002
   414.00000000000000        4.2173458508824271E-002
   415.00000000000000        4.0829395958972239E-002
   416.00000000000000        3.9519156232029576E-002
   417.00000000000000        3.8242238383480613E-002
   418.00000000000000        3.6998133306993503E-002
   419.00000000000000        3.5786324716585390E-002
   420.00000000000000        3.4606290086129157E-002
   421.00000000000000        3.3457501547204248E-002
   422.00000000000000        3.2339426746323056E-002
   423.00000000000000        3.1251529662543839E-002
   424.00000000000000        3.0193271386507015E-002
   425.00000000000000        2.9164110861931124E-002
   426.00000000000000        2.8163505590584774E-002
   427.00000000000000        2.7190912301782791E-002
   428.00000000000000        2.6245787587422256E-002
   429.00000000000000        2.5327588503578292E-002
   430.00000000000000        2.4435773139678048E-002
   431.00000000000000        2.3569801156261797E-002
   432.00000000000000        2.2729134292314396E-002
   433.00000000000000        2.1913236843169613E-002
   434.00000000000000        2.1121576109946263E-002
   435.00000000000000        2.0353622821485604E-002
   436.00000000000000        1.9608851529735963E-002
   437.00000000000000        1.8886740979512415E-002
   438.00000000000000        1.8186774453557167E-002
   439.00000000000000        1.7508440093792026E-002
   440.00000000000000        1.6851231199660279E-002
   441.00000000000000        1.6214646504412285E-002
   442.00000000000000        1.5598190430200633E-002
   443.00000000000000        1.5001373322803007E-002
   444.00000000000000        1.4423711666801646E-002
   445.00000000000000        1.3864728282006184E-002
   446.00000000000000        1.3323952501902797E-002
   447.00000000000000        1.2800920334889459E-002
   448.00000000000000        1.2295174609037094E-002
   449.00000000000000        1.1806265101098551E-002
   450.00000000000000        1.1333748650470970E-002
   451.00000000000000        1.0877189258792818E-002
   452.00000000000000        1.0436158175843776E-002
   453.00000000000000        1.0010233972393435E-002
   454.00000000000000        9.5990026006286411E-003
   455.00000000000000        9.2020574427656415E-003
   456.00000000000000        8.8189993484430809E-003
   457.00000000000000        8.4494366614668581E-003
   458.00000000000000        8.0929852364615418E-003
   459.00000000000000        7.7492684459679502E-003
   460.00000000000000        7.4179171785060914E-003
   461.00000000000000        7.0985698281054097E-003
   462.00000000000000        6.7908722757894190E-003
   463.00000000000000        6.4944778634848672E-003
   464.00000000000000        6.2090473608034536E-003
   465.00000000000000        5.9342489251397509E-003
   466.00000000000000        5.6697580554982167E-003
   467.00000000000000        5.4152575404612727E-003
   468.00000000000000        5.1704374006839391E-003
   469.00000000000000        4.9349948262905480E-003
   470.00000000000000        4.7086341095367128E-003
   471.00000000000000        4.4910665730790653E-003
   472.00000000000000        4.2820104941880604E-003
   473.00000000000000        4.0811910252199308E-003
   474.00000000000000        3.8883401106562855E-003
   475.00000000000000        3.7031964010004622E-003
   476.00000000000000        3.5255051638139277E-003
   477.00000000000000        3.3550181921585239E-003
   478.00000000000000        3.1914937107007765E-003
   479.00000000000000        3.0346962797235650E-003
   480.00000000000000        2.8843966972774446E-003
   481.00000000000000        2.7403718996938256E-003
   482.00000000000000        2.6024048606726369E-003
   483.00000000000000        2.4702844891449525E-003
   484.00000000000000        2.3438055261026528E-003
   485.00000000000000        2.2227684405771299E-003
   486.00000000000000        2.1069793249390411E-003
   487.00000000000000        1.9962497896835771E-003
   488.00000000000000        1.8903968578559444E-003
   489.00000000000000        1.7892428592630376E-003
   490.00000000000000        1.6926153246101872E-003
   491.00000000000000        1.6003468796943587E-003
   492.00000000000000        1.5122751397748675E-003
   493.00000000000000        1.4282426042396882E-003
   494.00000000000000        1.3480965516745895E-003
   495.00000000000000        1.2716889354374649E-003
   496.00000000000000        1.1988762798340958E-003
   497.00000000000000        1.1295195769836374E-003
   498.00000000000000        1.0634841844579946E-003
   499.00000000000000        1.0006397237718695E-003
   500.00000000000000        9.4085997979665163E-004
   501.00000000000000        8.8402280116360826E-004
   502.00000000000000        8.3001000171870390E-004
   503.00000000000000        7.7870726308648555E-004
   504.00000000000000        7.3000403839345229E-004
   505.00000000000000        6.8379345720059556E-004
   506.00000000000000        6.3997223168728507E-004
   507.00000000000000        5.9844056412620180E-004
   508.00000000000000        5.5910205568514466E-004
   509.00000000000000        5.2186361658719288E-004
   510.00000000000000        4.8663537765757976E-004
   511.00000000000000        4.5333060328241637E-004
   512.00000000000000        4.2186560580083436E-004
   513.00000000000000        3.9215966134940232E-004
   514.00000000000000        3.6413492717456630E-004
   515.00000000000000        3.3771636042638948E-004
   516.00000000000000        3.1283163844388892E-004
   517.00000000000000        2.8941108054038724E-004
   518.00000000000000        2.6738757129434522E-004
   519.00000000000000        2.4669648534943542E-004
   520.00000000000000        2.2727561372538937E-004
   521.00000000000000        2.0906509163902602E-004
   522.00000000000000        1.9200732783346657E-004
   523.00000000000000        1.7604693541132206E-004
   524.00000000000000        1.6113066416642891E-004
   525.00000000000000        1.4720733440690028E-004
   526.00000000000000        1.3422777226120179E-004
   527.00000000000000        1.2214474645712021E-004
   528.00000000000000        1.1091290656283180E-004
   529.00000000000000        1.0048872267767785E-004
   530.00000000000000        9.0830426559555238E-005
   531.00000000000000        8.1897954174433074E-005
   532.00000000000000        7.3652889653209939E-005
   533.00000000000000        6.6058410639474786E-005
   534.00000000000000        5.9079235011860817E-005
   535.00000000000000        5.2681568963227097E-005
   536.00000000000000        4.6833056418785825E-005
   537.00000000000000        4.1502729774413917E-005
   538.00000000000000        3.6660961936050310E-005
   539.00000000000000        3.2279419640525061E-005
   540.00000000000000        2.8331018037802477E-005
   541.00000000000000        2.4789876514174799E-005
   542.00000000000000        2.1631275735832147E-005
   543.00000000000000        1.8831615891691823E-005
   544.00000000000000        1.6368376114378554E-005
   545.00000000000000        1.4220075057946874E-005
   546.00000000000000        1.2366232610787086E-005
   547.00000000000000        1.0787332722094857E-005
   548.00000000000000        9.4647873201938555E-006
   549.00000000000000        8.3809013009056346E-006
   550.00000000000000        7.5188385642081300E-006
   551.00000000000000        6.8625890774122986E-006
   552.00000000000000        6.3969369431106788E-006
   553.00000000000000        6.1074294502426970E-006
   554.00000000000000        5.9803470866868227E-006
   555.00000000000000        6.0026744919154580E-006
   556.00000000000000        6.1620723283672305E-006
   557.00000000000000        6.4468500503446678E-006
   558.00000000000000        6.8459395494127178E-006
   559.00000000000000        7.3488696554539341E-006
   560.00000000000000        7.9457414727385811E-006
   561.00000000000000        8.6272045305672845E-006
   562.00000000000000        9.3844337282920534E-006
   563.00000000000000        1.0209107054738535E-005
   564.00000000000000        1.1093384062296574E-005
   565.00000000000000        1.2029885076237563E-005
   566.00000000000000        1.3011671120032880E-005
   567.00000000000000        1.4032224537770357E-005
   568.00000000000000        1.5085430295000578E-005
   569.00000000000000        1.6165557939702328E-005
   570.00000000000000        1.7267244205247948E-005
   571.00000000000000        1.8385476237652888E-005
   572.00000000000000        1.9515575429642160E-005
   573.00000000000000        2.0653181844350528E-005
   574.00000000000000        2.1794239211856258E-005
   575.00000000000000        2.2934980481988945E-005
   576.00000000000000        2.4071913917209215E-005
   577.00000000000000        2.5201809709644946E-005
   578.00000000000000        2.6321687106705311E-005
   579.00000000000000        2.7428802030024631E-005
   580.00000000000000        2.8520635172724907E-005
   581.00000000000000        2.9594880560451678E-005
   582.00000000000000        3.0649434561750853E-005
   583.00000000000000        3.1682385333890710E-005
   584.00000000000000        3.2692002690347800E-005
   585.00000000000000        3.3676728376630224E-005
   586.00000000000000        3.4635166741323131E-005
   587.00000000000000        3.5566075789628145E-005
   588.00000000000000        3.6468358606895518E-005
   589.00000000000000        3.7341055140004786E-005
   590.00000000000000        3.8183334324741282E-005
   591.00000000000000        3.8994486547560406E-005
   592.00000000000000        3.9773916430503776E-005
   593.00000000000000        4.0521135928240486E-005
   594.00000000000000        4.1235757726550288E-005
   595.00000000000000        4.1917488931818113E-005
   596.00000000000000        4.2566125041369998E-005
   597.00000000000000        4.3181544184793004E-005
   598.00000000000000        4.3763701626622003E-005
   599.00000000000000        4.4312624521048400E-005
   600.00000000000000        4.4828406909551889E-005
   601.00000000000000        4.5311204952627759E-005
   602.00000000000000        4.5761232387041127E-005
   603.00000000000000        4.6178756200253319E-005
   604.00000000000000        4.6564092513916101E-005
   605.00000000000000        4.6917602668619746E-005
   606.00000000000000        4.7239689502201509E-005
   607.00000000000000        4.7530793814282503E-005
   608.00000000000000        4.7791391009807781E-005
   609.00000000000000        4.8021987914644587E-005
   610.00000000000000        4.8223119756515498E-005
   611.00000000000000        4.8395347304701681E-005
   612.00000000000000        4.8539254162189569E-005
   613.00000000000000        4.8655444204157243E-005
   614.00000000000000        4.8744539156824553E-005
   615.00000000000000        4.8807176310943108E-005
   616.00000000000000        4.8844006364378942E-005
   617.00000000000000        4.8855691388372151E-005
   618.00000000000000        4.8842902912320097E-005
   619.00000000000000        4.8806320122014922E-005
   620.00000000000000        4.8746628166510504E-005
   621.00000000000000        4.8664516568897758E-005
   622.00000000000000        4.8560677736485540E-005
   623.00000000000000        4.8435805565968349E-005
   624.00000000000000        4.8290594139404112E-005
   625.00000000000000        4.8125736506882626E-005
   626.00000000000000        4.7941923551970571E-005
   627.00000000000000        4.7739842936145104E-005
   628.00000000000000        4.7520178118548501E-005
   629.00000000000000        4.7283607447534454E-005
   630.00000000000000        4.7030803320625537E-005
   631.00000000000000        4.6762431409601595E-005
   632.00000000000000        4.6479149947572798E-005
   633.00000000000000        4.6181609074993305E-005
   634.00000000000000        4.5870450241726497E-005
   635.00000000000000        4.5546305662316449E-005
   636.00000000000000        4.5209797821812420E-005
   637.00000000000000        4.4861539029508281E-005
   638.00000000000000        4.4502131018139611E-005
   639.00000000000000        4.4132164586120486E-005
   640.00000000000000        4.3752219280537173E-005
   641.00000000000000        4.3362863118677681E-005
   642.00000000000000        4.2964652345988477E-005
   643.00000000000000        4.2558131228424938E-005
   644.00000000000000        4.2143831877243590E-005
   645.00000000000000        4.1722274104382182E-005
   646.00000000000000        4.1293965306611926E-005
   647.00000000000000        4.0859400376780987E-005
   648.00000000000000        4.0419061640485705E-005
   649.00000000000000        3.9973418816609484E-005
   650.00000000000000        3.9522929000226964E-005
   651.00000000000000        3.9068036666438378E-005
   652.00000000000000        3.8609173693759709E-005
   653.00000000000000        3.8146759405758421E-005
   654.00000000000000        3.7681200629692880E-005
   655.00000000000000        3.7212891770944824E-005
   656.00000000000000        3.6742214902120176E-005
   657.00000000000000        3.6269539865727089E-005
   658.00000000000000        3.5795224389390246E-005
   659.00000000000000        3.5319614212637265E-005
   660.00000000000000        3.4843043224290322E-005
   661.00000000000000        3.4365833609588469E-005
   662.00000000000000        3.3888296006197782E-005
   663.00000000000000        3.3410729668286303E-005
   664.00000000000000        3.2933422637909714E-005
   665.00000000000000        3.2456651922985975E-005
   666.00000000000000        3.1980683681154349E-005
   667.00000000000000        3.1505773408887786E-005
   668.00000000000000        3.1032166135221117E-005
   669.00000000000000        3.0560096619526201E-005
   670.00000000000000        3.0089789552775498E-005
   671.00000000000000        2.9621459761770572E-005
   672.00000000000000        2.9155312415851833E-005
   673.00000000000000        2.8691543235609572E-005
   674.00000000000000        2.8230338703188027E-005
   675.00000000000000        2.7771876273734067E-005
   676.00000000000000        2.7316324587640261E-005
   677.00000000000000        2.6863843683199807E-005
   678.00000000000000        2.6414585209332570E-005
   679.00000000000000        2.5968692638080757E-005
   680.00000000000000        2.5526301476561386E-005
   681.00000000000000        2.5087539478102604E-005
   682.00000000000000        2.4652526852312415E-005
   683.00000000000000        2.4221376473831250E-005
   684.00000000000000        2.3794194089549594E-005
   685.00000000000000        2.3371078524083957E-005
   686.00000000000000        2.2952121883320144E-005
   687.00000000000000        2.2537409755848065E-005
   688.00000000000000        2.2127021412129584E-005
   689.00000000000000        2.1721030001242638E-005
   690.00000000000000        2.1319502745078685E-005
   691.00000000000000        2.0922501129863366E-005
   692.00000000000000        2.0530081094886714E-005
   693.00000000000000        2.0142293218352740E-005
   694.00000000000000        1.9759182900246538E-005
   695.00000000000000        1.9380790542151090E-005
   696.00000000000000        1.9007151723930535E-005
   697.00000000000000        1.8638297377232397E-005
   698.00000000000000        1.8274253955744985E-005
   699.00000000000000        1.7915043602167179E-005
   700.00000000000000        1.7560684311858109E-005
   701.00000000000000        1.7211190093130241E-005
   702.00000000000000        1.6866571124164008E-005
   703.00000000000000        1.6526833906526931E-005
   704.00000000000000        1.6191981415285446E-005
   705.00000000000000        1.5862013245702212E-005
   706.00000000000000        1.5536925756518741E-005
   707.00000000000000        1.5216712209827680E-005
   708.00000000000000        1.4901362907541905E-005
   709.00000000000000        1.4590865324472576E-005
   710.00000000000000        1.4285204238037056E-005
   711.00000000000000        1.3984361854610458E-005
   712.00000000000000        1.3688317932549025E-005
   713.00000000000000        1.3397049901912479E-005
   714.00000000000000        1.3110532980911678E-005
   715.00000000000000        1.2828740289117575E-005
   716.00000000000000        1.2551642957464937E-005
   717.00000000000000        1.2279210235088014E-005
   718.00000000000000        1.2011409593027661E-005
   719.00000000000000        1.1748206824852300E-005
   720.00000000000000        1.1489566144235013E-005
   721.00000000000000        1.1235450279529285E-005
   722.00000000000000        1.0985820565393724E-005
   723.00000000000000        1.0740637031509051E-005
   724.00000000000000        1.0499858488438811E-005
   725.00000000000000        1.0263442610678345E-005
   726.00000000000000        1.0031346016950253E-005
   727.00000000000000        9.8035243477867654E-006
   728.00000000000000        9.5799323404606618E-006
   729.00000000000000        9.3605239013093421E-006
   730.00000000000000        9.1452521755083868E-006
   731.00000000000000        8.9340696143446787E-006
   732.00000000000000        8.7269280400450133E-006
   733.00000000000000        8.5237787082097557E-006
   734.00000000000000        8.3245723679074545E-006
   735.00000000000000        8.1292593194807291E-006
   736.00000000000000        7.9377894701195983E-006
   737.00000000000000        7.7501123872514848E-006
   738.00000000000000        7.5661773498028504E-006
   739.00000000000000        7.3859333973830942E-006
   740.00000000000000        7.2093293774443432E-006
   741.00000000000000        7.0363139904666898E-006
   742.00000000000000        6.8668358332207265E-006
   743.00000000000000        6.7008434401587927E-006
   744.00000000000000        6.5382853229833752E-006
   745.00000000000000        6.3791100084434407E-006
   746.00000000000000        6.2232660744068441E-006
   747.00000000000000        6.0707021842572427E-006
   748.00000000000000        5.9213671196644258E-006
   749.00000000000000        5.7752098117721462E-006
   750.00000000000000        5.6321793708537393E-006
   751.00000000000000        5.4922251144767109E-006
   752.00000000000000        5.3552965942256796E-006
   753.00000000000000        5.2213436210241320E-006
   754.00000000000000        5.0903162890997173E-006
   755.00000000000000        4.9621649986377836E-006
   756.00000000000000        4.8368404771599759E-006
   757.00000000000000        4.7142937996751013E-006
   758.00000000000000        4.5944764076372300E-006
   759.00000000000000        4.4773401267539800E-006
   760.00000000000000        4.3628371836821917E-006
   761.00000000000000        4.2509202216487542E-006
   762.00000000000000        4.1415423150345398E-006
   763.00000000000000        4.0346569829569834E-006
   764.00000000000000        3.9302182018867617E-006
   765.00000000000000        3.8281804173343007E-006
   766.00000000000000        3.7284985546380191E-006
   767.00000000000000        3.6311280288896665E-006
   768.00000000000000        3.5360247540272041E-006
   769.00000000000000        3.4431451511276298E-006
   770.00000000000000        3.3524461559304963E-006
   771.00000000000000        3.2638852256216420E-006
   772.00000000000000        3.1774203449067132E-006
   773.00000000000000        3.0930100314026527E-006
   774.00000000000000        3.0106133403750532E-006
   775.00000000000000        2.9301898688482260E-006
   776.00000000000000        2.8516997591138948E-006
   777.00000000000000        2.7751037016649438E-006
   778.00000000000000        2.7003629375776902E-006
   779.00000000000000        2.6274392603678746E-006
   780.00000000000000        2.5562950173432618E-006
   781.00000000000000        2.4868931104754214E-006
   782.00000000000000        2.4191969968134593E-006
   783.00000000000000        2.3531706884599729E-006
   784.00000000000000        2.2887787521310788E-006
   785.00000000000000        2.2259863083198441E-006
   786.00000000000000        2.1647590300832530E-006
   787.00000000000000        2.1050631414707758E-006
   788.00000000000000        2.0468654156137904E-006
   789.00000000000000        1.9901331724927359E-006
   790.00000000000000        1.9348342763994920E-006
   791.00000000000000        1.8809371331116025E-006
   792.00000000000000        1.8284106867941996E-006
   793.00000000000000        1.7772244166450998E-006
   794.00000000000000        1.7273483332980707E-006
   795.00000000000000        1.6787529749986972E-006
   796.00000000000000        1.6314094035667221E-006
   797.00000000000000        1.5852892001585058E-006
   798.00000000000000        1.5403644608420523E-006
   799.00000000000000        1.4966077919977502E-006
   800.00000000000000        1.4539923055562807E-006
   801.00000000000000        1.4124916140857016E-006
   802.00000000000000        1.3720798257385610E-006
   803.00000000000000        1.3327315390698746E-006
   804.00000000000000        1.2944218377363966E-006
   805.00000000000000        1.2571262850869835E-006
   806.00000000000000        1.2208209186533679E-006
   807.00000000000000        1.1854822445510154E-006
   808.00000000000000        1.1510872317982435E-006
   809.00000000000000        1.1176133065625439E-006
   810.00000000000000        1.0850383463417415E-006
   811.00000000000000        1.0533406740880062E-006
   812.00000000000000        1.0224990522819211E-006
   813.00000000000000        9.9249267696395815E-007
   814.00000000000000        9.6330117172971684E-007
   815.00000000000000        9.3490458169583739E-007
   816.00000000000000        9.0728336744243325E-007
   817.00000000000000        8.8041839893811218E-007
   818.00000000000000        8.5429094945308122E-007
   819.00000000000000        8.2888268946589481E-007
   820.00000000000000        8.0417568056863825E-007
   821.00000000000000        7.8015236937574029E-007
   822.00000000000000        7.5679558144066779E-007
   823.00000000000000        7.3408851518515509E-007
   824.00000000000000        7.1201473584507800E-007
   825.00000000000000        6.9055816943663562E-007
   826.00000000000000        6.6970309674697435E-007
   827.00000000000000        6.4943414735245758E-007
   828.00000000000000        6.2973629366800483E-007
   829.00000000000000        6.1059484503063947E-007
   830.00000000000000        5.9199544182025303E-007
   831.00000000000000        5.7392404962021194E-007
   832.00000000000000        5.5636695342049581E-007
   833.00000000000000        5.3931075186591374E-007
   834.00000000000000        5.2274235155137682E-007
   835.00000000000000        5.0664896136675096E-007
   836.00000000000000        4.9101808689298099E-007
   837.00000000000000        4.7583752485139228E-007
   838.00000000000000        4.6109535760796659E-007
   839.00000000000000        4.4677994773412139E-007
   840.00000000000000        4.3287993262542273E-007
   841.00000000000000        4.1938421917955885E-007
   842.00000000000000        4.0628197853489308E-007
   843.00000000000000        3.9356264087058632E-007
   844.00000000000000        3.8121589026934905E-007
   845.00000000000000        3.6923165964373923E-007
   846.00000000000000        3.5760012572679927E-007
   847.00000000000000        3.4631170412772724E-007
   848.00000000000000        3.3535704445325091E-007
   849.00000000000000        3.2472702549516845E-007
   850.00000000000000        3.1441275048464577E-007
   851.00000000000000        3.0440554241351533E-007
   852.00000000000000        2.9469693942297313E-007
   853.00000000000000        2.8527869025986636E-007
   854.00000000000000        2.7614274980078458E-007
   855.00000000000000        2.6728127464404961E-007
   856.00000000000000        2.5868661876959668E-007
   857.00000000000000        2.5035132926685891E-007
   858.00000000000000        2.4226814213044767E-007
   859.00000000000000        2.3442997812362773E-007
   860.00000000000000        2.2682993870935488E-007
   861.00000000000000        2.1946130204869798E-007
   862.00000000000000        2.1231751906637682E-007
   863.00000000000000        2.0539220958311250E-007
   864.00000000000000        1.9867915851447039E-007
   865.00000000000000        1.9217231213580411E-007
   866.00000000000000        1.8586577441291245E-007
   867.00000000000000        1.7975380339795176E-007
   868.00000000000000        1.7383080769014604E-007
   869.00000000000000        1.6809134296077077E-007
   870.00000000000000        1.6253010854192438E-007
   871.00000000000000        1.5714194407848684E-007
   872.00000000000000        1.5192182624274970E-007
   873.00000000000000        1.4686486551104015E-007
   874.00000000000000        1.4196630300181776E-007
   875.00000000000000        1.3722150737452459E-007
   876.00000000000000        1.3262597178860079E-007
   877.00000000000000        1.2817531092194579E-007
   878.00000000000000        1.2386525804818301E-007
   879.00000000000000        1.1969166217202342E-007
   880.00000000000000        1.1565048522199456E-007
   881.00000000000000        1.1173779929986982E-007
   882.00000000000000        1.0794978398602316E-007
   883.00000000000000        1.0428272369999009E-007
   884.00000000000000        1.0073300511553198E-007
   885.00000000000000        9.7297114629370961E-008
   886.00000000000000        9.3971635882935764E-008
   887.00000000000000        9.0753247336302257E-008
   888.00000000000000        8.7638719893578395E-008
   889.00000000000000        8.4624914578988164E-008
   890.00000000000000        8.1708780262862067E-008
   891.00000000000000        7.8887351436799856E-008
   892.00000000000000        7.6157746037201043E-008
   893.00000000000000        7.3517163316422675E-008
   894.00000000000000        7.0962881760796222E-008
   895.00000000000000        6.8492257054721844E-008
   896.00000000000000        6.6102720090092565E-008
   897.00000000000000        6.3791775020289004E-008
   898.00000000000000        6.1556997357965205E-008
   899.00000000000000        5.9396032115911094E-008
   900.00000000000000        5.7306591990192345E-008
   901.00000000000000        5.5286455584872629E-008
   902.00000000000000        5.3333465677528279E-008
   903.00000000000000        5.1445527524870908E-008
   904.00000000000000        4.9620607207694850E-008
   905.00000000000000        4.7856730014465254E-008
   906.00000000000000        4.6151978862815423E-008
   907.00000000000000        4.4504492758230110E-008
   908.00000000000000        4.2912465289230974E-008
   909.00000000000000        4.1374143158341599E-008
   910.00000000000000        3.9887824748167351E-008
   911.00000000000000        3.8451858721880369E-008
   912.00000000000000        3.7064642657453527E-008
   913.00000000000000        3.5724621714961101E-008
   914.00000000000000        3.4430287336293289E-008
   915.00000000000000        3.3180175976625332E-008
   916.00000000000000        3.1972867867007551E-008
   917.00000000000000        3.0806985807421621E-008
   918.00000000000000        2.9681193989695935E-008
   919.00000000000000        2.8594196849644559E-008
   920.00000000000000        2.7544737947820943E-008
   921.00000000000000        2.6531598878296060E-008
   922.00000000000000        2.5553598204849471E-008
   923.00000000000000        2.4609590424000508E-008
   924.00000000000000        2.3698464954294851E-008
   925.00000000000000        2.2819145151289174E-008
   926.00000000000000        2.1970587347659220E-008
   927.00000000000000        2.1151779917897473E-008
   928.00000000000000        2.0361742367046578E-008
   929.00000000000000        1.9599524442942602E-008
   930.00000000000000        1.8864205271439370E-008
   931.00000000000000        1.8154892514103122E-008
   932.00000000000000        1.7470721547866682E-008
   933.00000000000000        1.6810854666147781E-008
   934.00000000000000        1.6174480300942558E-008
   935.00000000000000        1.5560812265408175E-008
   936.00000000000000        1.4969089016471606E-008
   937.00000000000000        1.4398572936990763E-008
   938.00000000000000        1.3848549637021012E-008
   939.00000000000000        1.3318327273733023E-008
   940.00000000000000        1.2807235889550069E-008
   941.00000000000000        1.2314626768066730E-008
   942.00000000000000        1.1839871807334537E-008
   943.00000000000000        1.1382362910093617E-008
   944.00000000000000        1.0941511390548935E-008
   945.00000000000000        1.0516747397288244E-008
   946.00000000000000        1.0107519351955022E-008
   947.00000000000000        9.7132934032928901E-009
   948.00000000000000        9.3335528961825854E-009
   949.00000000000000        8.9677978553108591E-009
   950.00000000000000        8.6155444831030687E-009
   951.00000000000000        8.2763246715733494E-009
   952.00000000000000        7.9496855277434250E-009
   953.00000000000000        7.6351889122924755E-009
   954.00000000000000        7.3324109911066853E-009
   955.00000000000000        7.0409417994047125E-009
   956.00000000000000        6.7603848181212062E-009
   957.00000000000000        6.4903565622384482E-009
   958.00000000000000        6.2304861807610128E-009
   959.00000000000000        5.9804150680376299E-009
   960.00000000000000        5.7397964861378758E-009
   961.00000000000000        5.5082951980016717E-009
   962.00000000000000        5.2855871110794549E-009
   963.00000000000000        5.0713589311962084E-009
   964.00000000000000        4.8653078263680427E-009
   965.00000000000000        4.6671411003165083E-009
   966.00000000000000        4.4765758754224620E-009
   967.00000000000000        4.2933387848736976E-009
   968.00000000000000        4.1171656737631574E-009
   969.00000000000000        3.9478013089010064E-009
   970.00000000000000        3.7849990971070890E-009
   971.00000000000000        3.6285208117616138E-009
   972.00000000000000        3.4781363273889888E-009
   973.00000000000000        3.3336233620622345E-009
   974.00000000000000        3.1947672274155436E-009
   975.00000000000000        3.0613605860606886E-009
   976.00000000000000        2.9332032162057499E-009
   977.00000000000000        2.8101017832807200E-009
   978.00000000000000        2.6918696183791653E-009
   979.00000000000000        2.5783265033282458E-009
   980.00000000000000        2.4692984622067892E-009
   981.00000000000000        2.3646175591327114E-009
   982.00000000000000        2.2641217021467615E-009
   983.00000000000000        2.1676544530241746E-009
   984.00000000000000        2.0750648428488916E-009
   985.00000000000000        1.9862071931903645E-009
   986.00000000000000        1.9009409427255691E-009
   987.00000000000000        1.8191304791540802E-009
   988.00000000000000        1.7406449762572124E-009
   989.00000000000000        1.6653582359558502E-009
   990.00000000000000        1.5931485352262161E-009
   991.00000000000000        1.5238984777348167E-009
   992.00000000000000        1.4574948500591130E-009
   993.00000000000000        1.3938284823623689E-009
   994.00000000000000        1.3327941133960386E-009
   995.00000000000000        1.2742902597045752E-009
   996.00000000000000        1.2182190889123870E-009
   997.00000000000000        1.1644862969748558E-009
   998.00000000000000        1.1130009892786454E-009
   999.00000000000000        1.0636755654798073E-009
   1000.0000000000000        1.0164256079708350E-009
