# -INPUT-
#
# 1
# 54
# 77
# xe131
# xe131gcn
# 1. 1000. 1.0
#
# -CONTROL-
#
# coefnonrel       1      n               0.00048
# wimpmass 150.0
# vearth 232.0
# maxwellv0 220.0
# dmdens 0.3
# intpoints 1000
# usemomentum 0
# useenergyfile 0
# ntscale  2500.0
#
#
# Recoil energy (kev)        Event rate (events/gev)
   1.0000000000000000        162735.34954909011     
   2.0000000000000000        152732.39485018951     
   3.0000000000000000        143298.45575218386     
   4.0000000000000000        134403.63092874922     
   5.0000000000000000        126019.45992059504     
   6.0000000000000000        118118.86070135860     
   7.0000000000000000        110676.06955517897     
   8.0000000000000000        103666.58320440010     
   9.0000000000000000        97067.103125911279     
   10.000000000000000        90855.481994717571     
   11.000000000000000        85010.672193567298     
   12.000000000000000        79512.676327822963     
   13.000000000000000        74342.499685259856     
   14.000000000000000        69482.104581074687     
   15.000000000000000        64914.366529091909     
   16.000000000000000        60623.032180949478     
   17.000000000000000        56592.678975919669     
   18.000000000000000        52808.676444959339     
   19.000000000000000        49257.149113586063     
   20.000000000000000        45924.940949230884     
   21.000000000000000        42799.581299810678     
   22.000000000000000        39869.252271399346     
   23.000000000000000        37122.757494039048     
   24.000000000000000        34549.492225917180     
   25.000000000000000        32139.414747342751     
   26.000000000000000        29883.018997175117     
   27.000000000000000        27771.308405581993     
   28.000000000000000        25795.770878242616     
   29.000000000000000        23948.354888341550     
   30.000000000000000        22221.446633932257     
   31.000000000000000        20607.848219476298     
   32.000000000000000        19100.756821583724     
   33.000000000000000        17693.744800185745     
   34.000000000000000        16380.740717569252     
   35.000000000000000        15156.011228882784     
   36.000000000000000        14014.143808886525     
   37.000000000000000        12950.030280868326     
   38.000000000000000        11958.851114773266     
   39.000000000000000        11036.060462701798     
   40.000000000000000        10177.371901017637     
   41.000000000000000        9378.7448493700504     
   42.000000000000000        8636.3716379753805     
   43.000000000000000        7946.6651955203251     
   44.000000000000000        7306.2473310428104     
   45.000000000000000        6711.9375841150904     
   46.000000000000000        6160.7426185984577     
   47.000000000000000        5649.8461361586988     
   48.000000000000000        5176.5992866267616     
   49.000000000000000        4738.5115531594929     
   50.000000000000000        4333.2420910006531     
   51.000000000000000        3958.5914994643872     
   52.000000000000000        3612.4940075589907     
   53.000000000000000        3293.0100544425259     
   54.000000000000000        2998.3192466496062     
   55.000000000000000        2726.7136747544091     
   56.000000000000000        2476.5915728362188     
   57.000000000000000        2246.4513047931987     
   58.000000000000000        2034.8856622060978     
   59.000000000000000        1840.5764590880221     
   60.000000000000000        1662.2894094690112     
   61.000000000000000        1498.8692743554382     
   62.000000000000000        1349.2352651749852     
   63.000000000000000        1212.3766913680793     
   64.000000000000000        1087.3488403173781     
   65.000000000000000        973.26907831796541     
   66.000000000000000        869.31316178319355     
   67.000000000000000        774.71174835524812     
   68.000000000000000        688.74709804562258     
   69.000000000000000        610.74995496939709     
   70.000000000000000        540.09660065933224     
   71.000000000000000        476.20607035126534     
   72.000000000000000        418.53752402205362     
   73.000000000000000        366.58776433559092     
   74.000000000000000        319.88889401191159     
   75.000000000000000        278.00610547923816     
   76.000000000000000        240.53559599991627     
   77.000000000000000        207.10260177858456     
   78.000000000000000        177.35954486530520     
   79.000000000000000        150.98428695817833     
   80.000000000000000        127.67848448946437     
   81.000000000000000        107.16603964705101     
   82.000000000000000        89.191642239501164     
   83.000000000000000        73.519397558368397     
   84.000000000000000        59.931535626374604     
   85.000000000000000        48.227197444739915     
   86.000000000000000        38.221294067878084     
   87.000000000000000        29.743434539142132     
   88.000000000000000        22.636918917696665     
   89.000000000000000        16.757792814246447     
   90.000000000000000        11.973960032611206     
   91.000000000000000        8.1643500853204021     
   92.000000000000000        5.2181375148143152     
   93.000000000000000        3.0340101078227293     
   94.000000000000000        1.5194832393028728     
   95.000000000000000       0.59025772427104450     
   96.000000000000000       0.16961869122433926     
   97.000000000000000       0.18787311989454986     
   98.000000000000000       0.58182380905917941     
   99.000000000000000        1.2942776573137917     
   100.00000000000000        2.2735862513233567     
   101.00000000000000        3.4732168623537625     
   102.00000000000000        4.8513520530667869     
   103.00000000000000        6.3705161928557557     
   104.00000000000000        7.9972272716214166     
   105.00000000000000        9.7016724890333936     
   106.00000000000000        11.457406179199072     
   107.00000000000000        13.241068709435789     
   108.00000000000000        15.032125066727430     
   109.00000000000000        16.812621916574013     
   110.00000000000000        18.566961986526206     
   111.00000000000000        20.281694690854433     
   112.00000000000000        21.945321973724209     
   113.00000000000000        23.548118406054886     
   114.00000000000000        25.081964626088080     
   115.00000000000000        26.540193265727638     
   116.00000000000000        27.917446554028665     
   117.00000000000000        29.209544835996567     
   118.00000000000000        30.413365289161021     
   119.00000000000000        31.526730162387516     
   120.00000000000000        32.548303901146824     
   121.00000000000000        33.477498561127696     
   122.00000000000000        34.314386947705628     
   123.00000000000000        35.059622952518609     
   124.00000000000000        35.714368590291627     
   125.00000000000000        36.280227269231830     
   126.00000000000000        36.759182856834578     
   127.00000000000000        37.153544129892104     
   128.00000000000000        37.465894222973944     
   129.00000000000000        37.699044713686405     
   130.00000000000000        37.855994005742879     
   131.00000000000000        37.939889692297449     
   132.00000000000000        37.953994602227041     
   133.00000000000000        37.901656251112833     
   134.00000000000000        37.786279436664792     
   135.00000000000000        37.611301735274552     
   136.00000000000000        37.380171672358877     
   137.00000000000000        37.096329354191603     
   138.00000000000000        36.763189363088230     
   139.00000000000000        36.384125731128549     
   140.00000000000000        35.962458820144036     
   141.00000000000000        35.501443947484155     
   142.00000000000000        35.004261608158330     
   143.00000000000000        34.474009154364076     
   144.00000000000000        33.913693803186959     
   145.00000000000000        33.326226852446503     
   146.00000000000000        32.714418993266584     
   147.00000000000000        32.080976616041568     
   148.00000000000000        31.428499014033445     
   149.00000000000000        30.759476395939583     
   150.00000000000000        30.076288625418449     
   151.00000000000000        29.381204611784202     
   152.00000000000000        28.676382281899773     
   153.00000000000000        27.963869068750828     
   154.00000000000000        27.245602857263819     
   155.00000000000000        26.523413332691415     
   156.00000000000000        25.799023681319365     
   157.00000000000000        25.074052597397507     
   158.00000000000000        24.350016554046103     
   159.00000000000000        23.628332299495284     
   160.00000000000000        22.910319543357222     
   161.00000000000000        22.197203800749936     
   162.00000000000000        21.490119364984569     
   163.00000000000000        20.790112382225068     
   164.00000000000000        20.098144004021034     
   165.00000000000000        19.415093595935808     
   166.00000000000000        18.741761982638220     
   167.00000000000000        18.078874711815526     
   168.00000000000000        17.427085321101785     
   169.00000000000000        16.786978593918043     
   170.00000000000000        16.159073791689291     
   171.00000000000000        15.543827851346695     
   172.00000000000000        14.941638538360024     
   173.00000000000000        14.352847546766316     
   174.00000000000000        13.777743538790089     
   175.00000000000000        13.216565117679048     
   176.00000000000000        12.669503728328683     
   177.00000000000000        12.136706481129172     
   178.00000000000000        11.618278895262339     
   179.00000000000000        11.114287558390266     
   180.00000000000000        10.624762700334806     
   181.00000000000000        10.149700678937664     
   182.00000000000000        9.6890663768289897     
   183.00000000000000        9.2427955083161990     
   184.00000000000000        8.8107968360398150     
   185.00000000000000        8.3929542974364892     
   186.00000000000000        7.9891290413962084     
   187.00000000000000        7.5991613758141172     
   188.00000000000000        7.2228726270108909     
   189.00000000000000        6.8600669122419360     
   190.00000000000000        6.5105328267242824     
   191.00000000000000        6.1740450467993471     
   192.00000000000000        5.8503658510076288     
   193.00000000000000        5.5392465609868831     
   194.00000000000000        5.2404289042240162     
   195.00000000000000        4.9536463007819460     
   196.00000000000000        4.6786250762039003     
   197.00000000000000        4.4150856028583272     
   198.00000000000000        4.1627433720329119     
   199.00000000000000        3.9213099991209197     
   200.00000000000000        3.6904941642643165     
   201.00000000000000        3.4700024908277411     
   202.00000000000000        3.2595403640780964     
   203.00000000000000        3.0588126924359145     
   204.00000000000000        2.8675246136497736     
   205.00000000000000        2.6853821482190856     
   206.00000000000000        2.5120928023644460     
   207.00000000000000        2.3473661228067284     
   208.00000000000000        2.1909142055792032     
   209.00000000000000        2.0424521610507118     
   210.00000000000000        1.9016985372928490     
   211.00000000000000        1.7683757038715797     
   212.00000000000000        1.6422101980929167     
   213.00000000000000        1.5229330356755983     
   214.00000000000000        1.4102799877678593     
   215.00000000000000        1.3039918261674877     
   216.00000000000000        1.2038145385448105     
   217.00000000000000        1.1094995154095375     
   218.00000000000000        1.0208037105011221     
   219.00000000000000       0.93748977622357166     
   220.00000000000000       0.85932617568455627     
   221.00000000000000       0.78608727283909774     
   222.00000000000000       0.71755340217924413     
   223.00000000000000       0.65351091935198602     
   224.00000000000000       0.59375223402986632     
   225.00000000000000       0.53807582630193218     
   226.00000000000000       0.48628624779644986     
   227.00000000000000       0.43819410869204656     
   228.00000000000000       0.39361605172002856     
   229.00000000000000       0.35237471420854122     
   230.00000000000000       0.31429867916751092     
   231.00000000000000       0.27922241636407258     
   232.00000000000000       0.24698621428949213     
   233.00000000000000       0.21743610387145135     
   234.00000000000000       0.19042377474053918     
   235.00000000000000       0.16580648481519730     
   236.00000000000000       0.14344696392703876     
   237.00000000000000       0.12321331216737007     
   238.00000000000000       0.10497889359590519     
   239.00000000000000        8.8622225914640543E-002
   240.00000000000000        7.4026866673098476E-002
   241.00000000000000        6.1081296535733062E-002
   242.00000000000000        4.9678800108590139E-002
   243.00000000000000        3.9717344789745215E-002
   244.00000000000000        3.1099458076896926E-002
   245.00000000000000        2.3732103735870851E-002
   246.00000000000000        1.7526557205246318E-002
   247.00000000000000        1.2398280585183025E-002
   248.00000000000000        8.2667975327565049E-003
   249.00000000000000        5.0555683612974987E-003
   250.00000000000000        2.6918656178769890E-003
   251.00000000000000        1.1066503907586451E-003
   252.00000000000000        2.3444957744814569E-004
   253.00000000000000        1.3234323894202436E-005
   254.00000000000000        3.8429982637768400E-004
   255.00000000000000        1.2921466696143144E-003
   256.00000000000000        2.6843638575747056E-003
   257.00000000000000        4.5115136774610560E-003
   258.00000000000000        6.7270185221170861E-003
   259.00000000000000        9.2870497819051486E-003
   260.00000000000000        1.2150418903607308E-002
   261.00000000000000        1.5278470701368766E-002
   262.00000000000000        1.8634978992804498E-002
   263.00000000000000        2.2186044622354077E-002
   264.00000000000000        2.5899995923607450E-002
   265.00000000000000        2.9747291662597791E-002
   266.00000000000000        3.3700426495128076E-002
   267.00000000000000        3.7733838962688025E-002
   268.00000000000000        4.1823822043830533E-002
   269.00000000000000        4.5948436270547219E-002
   270.00000000000000        5.0087425412591736E-002
   271.00000000000000        5.4222134726442155E-002
   272.00000000000000        5.8335431759944281E-002
   273.00000000000000        6.2411629698488652E-002
   274.00000000000000        6.6436413233737168E-002
   275.00000000000000        7.0396766931574567E-002
   276.00000000000000        7.4280906072035510E-002
   277.00000000000000        7.8078209930313322E-002
   278.00000000000000        8.1779157464695662E-002
   279.00000000000000        8.5375265374449782E-002
   280.00000000000000        8.8859028488017675E-002
   281.00000000000000        9.2223862439554258E-002
   282.00000000000000        9.5464048589941924E-002
   283.00000000000000        9.8574681146467280E-002
   284.00000000000000       0.10155161643401792     
   285.00000000000000       0.10439142426919078     
   286.00000000000000       0.10709134138776470     
   287.00000000000000       0.10964922687503040     
   288.00000000000000       0.11206351954775684     
   289.00000000000000       0.11433319723614126     
   290.00000000000000       0.11645773791368141     
   291.00000000000000       0.11843708262257491     
   292.00000000000000       0.12027160014245381     
   293.00000000000000       0.12196205334999211     
   294.00000000000000       0.12350956721733959     
   295.00000000000000       0.12491559839742311     
   296.00000000000000       0.12618190634472853     
   297.00000000000000       0.12731052592037936     
   298.00000000000000       0.12830374143113285     
   299.00000000000000       0.12916406205234246     
   300.00000000000000       0.12989419858568596     
   301.00000000000000       0.13049704150323382     
   302.00000000000000       0.13097564023013253     
   303.00000000000000       0.13133318361914728     
   304.00000000000000       0.13157298157103692     
   305.00000000000000       0.13169844775581804     
   306.00000000000000       0.13171308339080373     
   307.00000000000000       0.13162046203231331     
   308.00000000000000       0.13142421533901016     
   309.00000000000000       0.13112801976572094     
   310.00000000000000       0.13073558414777847     
   311.00000000000000       0.13025063813680507     
   312.00000000000000       0.12967692145006615     
   313.00000000000000       0.12901817389644774     
   314.00000000000000       0.12827812614328171     
   315.00000000000000       0.12746049118920127     
   316.00000000000000       0.12656895650932307     
   317.00000000000000       0.12560717684013292     
   318.00000000000000       0.12457876757238562     
   319.00000000000000       0.12348729872147660     
   320.00000000000000       0.12233628944571966     
   321.00000000000000       0.12112920308393860     
   322.00000000000000       0.11986944268488994     
   323.00000000000000       0.11856034700186173     
   324.00000000000000       0.11720518692691219     
   325.00000000000000       0.11580716234006233     
   326.00000000000000       0.11436939934972108     
   327.00000000000000       0.11289494790157593     
   328.00000000000000       0.11138677973397915     
   329.00000000000000       0.10984778665886513     
   330.00000000000000       0.10828077914796859     
   331.00000000000000       0.10668848520504544     
   332.00000000000000       0.10507354950554020     
   333.00000000000000       0.10343853278601227     
   334.00000000000000       0.10178591146631964     
   335.00000000000000       0.10011807748839366     
   336.00000000000000        9.8437338356123991E-002
   337.00000000000000        9.6745917361584097E-002
   338.00000000000000        9.5045953983537351E-002
   339.00000000000000        9.3339504444817645E-002
   340.00000000000000        9.1628542415818678E-002
   341.00000000000000        8.9914959851973231E-002
   342.00000000000000        8.8200567953688108E-002
   343.00000000000000        8.6487098237804816E-002
   344.00000000000000        8.4776203710189679E-002
   345.00000000000000        8.3069460129652814E-002
   346.00000000000000        8.1368367353865836E-002
   347.00000000000000        7.9674350758505874E-002
   348.00000000000000        7.7988762721276056E-002
   349.00000000000000        7.6312884163023731E-002
   350.00000000000000        7.4647926138503073E-002
   351.00000000000000        7.2995031469870769E-002
   352.00000000000000        7.1355276416362426E-002
   353.00000000000000        6.9729672374005625E-002
   354.00000000000000        6.8119167599611438E-002
   355.00000000000000        6.6524648953680141E-002
   356.00000000000000        6.4946943657139752E-002
   357.00000000000000        6.3386821057254308E-002
   358.00000000000000        6.1844994398308317E-002
   359.00000000000000        6.0322122592969901E-002
   360.00000000000000        5.8818811990598900E-002
   361.00000000000000        5.7335618138946394E-002
   362.00000000000000        5.5873047536049290E-002
   363.00000000000000        5.4431559369313633E-002
   364.00000000000000        5.3011567239056118E-002
   365.00000000000000        5.1613440863988162E-002
   366.00000000000000        5.0237507766348298E-002
   367.00000000000000        4.8884054934589881E-002
   368.00000000000000        4.7553330461745258E-002
   369.00000000000000        4.6245545157745899E-002
   370.00000000000000        4.4960874134168716E-002
   371.00000000000000        4.3699458360054205E-002
   372.00000000000000        4.2461406187578203E-002
   373.00000000000000        4.1246794846516048E-002
   374.00000000000000        4.0055671906584711E-002
   375.00000000000000        3.8888056706869338E-002
   376.00000000000000        3.7743941751660313E-002
   377.00000000000000        3.6623294072165719E-002
   378.00000000000000        3.5526056553637803E-002
   379.00000000000000        3.4452149227585410E-002
   380.00000000000000        3.3401470528825757E-002
   381.00000000000000        3.2373898517203396E-002
   382.00000000000000        3.1369292063922041E-002
   383.00000000000000        3.0387492002478741E-002
   384.00000000000000        2.9428322244269691E-002
   385.00000000000000        2.8491590859020956E-002
   386.00000000000000        2.7577091120228190E-002
   387.00000000000000        2.6684602515874591E-002
   388.00000000000000        2.5813891724728148E-002
   389.00000000000000        2.4964713558568941E-002
   390.00000000000000        2.4136811870764305E-002
   391.00000000000000        2.3329920431599527E-002
   392.00000000000000        2.2543763770870157E-002
   393.00000000000000        2.1778057988217494E-002
   394.00000000000000        2.1032511531753804E-002
   395.00000000000000        2.0306825945536032E-002
   396.00000000000000        1.9600696586470876E-002
   397.00000000000000        1.8913813311253878E-002
   398.00000000000000        1.8245861133967929E-002
   399.00000000000000        1.7596520854970665E-002
   400.00000000000000        1.6965469661726212E-002
   401.00000000000000        1.6352381702236064E-002
   402.00000000000000        1.5756928631739109E-002
   403.00000000000000        1.5178780133356488E-002
   404.00000000000000        1.4617604413354761E-002
   405.00000000000000        1.4073068671718156E-002
   406.00000000000000        1.3544839548705792E-002
   407.00000000000000        1.3032583548083315E-002
   408.00000000000000        1.2535967437708370E-002
   409.00000000000000        1.2054658628150607E-002
   410.00000000000000        1.1588325530026420E-002
   411.00000000000000        1.1136637890713811E-002
   412.00000000000000        1.0699267111118346E-002
   413.00000000000000        1.0275886543149726E-002
   414.00000000000000        9.8661717685580887E-003
   415.00000000000000        9.4698008597766514E-003
   416.00000000000000        9.0864546234057288E-003
   417.00000000000000        8.7158168269631294E-003
   418.00000000000000        8.3575744095168106E-003
   419.00000000000000        8.0114176768058647E-003
   420.00000000000000        7.6770404814445088E-003
   421.00000000000000        7.3541403887895330E-003
   422.00000000000000        7.0424188290473680E-003
   423.00000000000000        6.7415812361764464E-003
   424.00000000000000        6.4513371741330367E-003
   425.00000000000000        6.1714004509986235E-003
   426.00000000000000        5.9014892215054045E-003
   427.00000000000000        5.6413260784765320E-003
   428.00000000000000        5.3906381336733351E-003
   429.00000000000000        5.1491570885352864E-003
   430.00000000000000        4.9166192952839463E-003
   431.00000000000000        4.6927658088510163E-003
   432.00000000000000        4.4773424300718441E-003
   433.00000000000000        4.2700997405827291E-003
   434.00000000000000        4.0707931298370158E-003
   435.00000000000000        3.8791828146500550E-003
   436.00000000000000        3.6950338516676664E-003
   437.00000000000000        3.5181161431385921E-003
   438.00000000000000        3.3482044363630560E-003
   439.00000000000000        3.1850783171727772E-003
   440.00000000000000        3.0285221977907886E-003
   441.00000000000000        2.8783252994015853E-003
   442.00000000000000        2.7342816297572354E-003
   443.00000000000000        2.5961899561263279E-003
   444.00000000000000        2.4638537738886296E-003
   445.00000000000000        2.3370812710609254E-003
   446.00000000000000        2.2156852890321478E-003
   447.00000000000000        2.0994832797754459E-003
   448.00000000000000        1.9882972597917445E-003
   449.00000000000000        1.8819537610317483E-003
   450.00000000000000        1.7802837790325200E-003
   451.00000000000000        1.6831227184938508E-003
   452.00000000000000        1.5903103365121961E-003
   453.00000000000000        1.5016906836790556E-003
   454.00000000000000        1.4171120432426262E-003
   455.00000000000000        1.3364268685214205E-003
   456.00000000000000        1.2594917187519459E-003
   457.00000000000000        1.1861671935425549E-003
   458.00000000000000        1.1163178660979717E-003
   459.00000000000000        1.0498122153715986E-003
   460.00000000000000        9.8652255729452009E-004
   461.00000000000000        9.2632497522278769E-004
   462.00000000000000        8.6909924973779383E-004
   463.00000000000000        8.1472878792745659E-004
   464.00000000000000        7.6310055226842767E-004
   465.00000000000000        7.1410498922489657E-004
   466.00000000000000        6.6763595767079247E-004
   467.00000000000000        6.2359065723876031E-004
   468.00000000000000        5.8186955669132547E-004
   469.00000000000000        5.4237632240485456E-004
   470.00000000000000        5.0501774705213323E-004
   471.00000000000000        4.6970367856273164E-004
   472.00000000000000        4.3634694943661066E-004
   473.00000000000000        4.0486330648049402E-004
   474.00000000000000        3.7517134103305313E-004
   475.00000000000000        3.4719241973899624E-004
   476.00000000000000        3.2085061592939491E-004
   477.00000000000000        2.9607264166028630E-004
   478.00000000000000        2.7278778045817435E-004
   479.00000000000000        2.5092782081723164E-004
   480.00000000000000        2.3042699048926791E-004
   481.00000000000000        2.1122189160400633E-004
   482.00000000000000        1.9325143665418164E-004
   483.00000000000000        1.7645678537643716E-004
   484.00000000000000        1.6078128255622338E-004
   485.00000000000000        1.4617039678198123E-004
   486.00000000000000        1.3257166017099578E-004
   487.00000000000000        1.1993460908693744E-004
   488.00000000000000        1.0821072586646282E-004
   489.00000000000000        9.7353381569803031E-005
   490.00000000000000        8.7317779768220389E-005
   491.00000000000000        7.8060901379124560E-005
   492.00000000000000        6.9541450557169255E-005
   493.00000000000000        6.1719801648444739E-005
   494.00000000000000        5.4557947212454698E-005
   495.00000000000000        4.8019447115197529E-005
   496.00000000000000        4.2069378695041058E-005
   497.00000000000000        3.6674288001417916E-005
   498.00000000000000        3.1802142105111063E-005
   499.00000000000000        2.7422282477445012E-005
   500.00000000000000        2.3505379434587865E-005
   501.00000000000000        2.0023387641794160E-005
   502.00000000000000        1.6949502671494757E-005
   503.00000000000000        1.4258118608133838E-005
   504.00000000000000        1.1924786691460965E-005
   505.00000000000000        9.9261749894612905E-006
   506.00000000000000        8.2400290909929583E-006
   507.00000000000000        6.8451338075872414E-006
   508.00000000000000        5.7212758731685636E-006
   509.00000000000000        4.8492076297588489E-006
   510.00000000000000        4.2106116866966730E-006
   511.00000000000000        3.7880665403487645E-006
   512.00000000000000        3.5650131408149439E-006
   513.00000000000000        3.5257223916894713E-006
   514.00000000000000        3.6552635685573925E-006
   515.00000000000000        3.9394736415530944E-006
   516.00000000000000        4.3649274870088369E-006
   517.00000000000000        4.9189089729428963E-006
   518.00000000000000        5.5893829029203837E-006
   519.00000000000000        6.3649678026128994E-006
   520.00000000000000        7.2349095332196345E-006
   521.00000000000000        8.1890557157990422E-006
   522.00000000000000        9.2178309504256314E-006
   523.00000000000000        1.0312212814047003E-005
   524.00000000000000        1.1463708620842699E-005
   525.00000000000000        1.2664332928880985E-005
   526.00000000000000        1.3906585776837982E-005
   527.00000000000000        1.5183431634624253E-005
   528.00000000000000        1.6488279051737310E-005
   529.00000000000000        1.7814960987268005E-005
   530.00000000000000        1.9157715805540848E-005
   531.00000000000000        2.0511168921510108E-005
   532.00000000000000        2.1870315080025532E-005
   533.00000000000000        2.3230501253421731E-005
   534.00000000000000        2.4587410141753906E-005
   535.00000000000000        2.5937044260409729E-005
   536.00000000000000        2.7275710599800962E-005
   537.00000000000000        2.8600005842128821E-005
   538.00000000000000        2.9906802120336153E-005
   539.00000000000000        3.1193233304580087E-005
   540.00000000000000        3.2456681801738408E-005
   541.00000000000000        3.3694765853737537E-005
   542.00000000000000        3.4905327320549814E-005
   543.00000000000000        3.6086419934133236E-005
   544.00000000000000        3.7236298009642571E-005
   545.00000000000000        3.8353405600526259E-005
   546.00000000000000        3.9436366084411923E-005
   547.00000000000000        4.0483972166844922E-005
   548.00000000000000        4.1495176290169727E-005
   549.00000000000000        4.2469081435191330E-005
   550.00000000000000        4.3404932303407320E-005
   551.00000000000000        4.4302106867832472E-005
   552.00000000000000        4.5160108280782047E-005
   553.00000000000000        4.5978557127108945E-005
   554.00000000000000        4.6757184011749312E-005
   555.00000000000000        4.7495822470551434E-005
   556.00000000000000        4.8194402193756516E-005
   557.00000000000000        4.8852942551597135E-005
   558.00000000000000        4.9471546411841705E-005
   559.00000000000000        5.0050394239286829E-005
   560.00000000000000        5.0589738467471661E-005
   561.00000000000000        5.1089898133091273E-005
   562.00000000000000        5.1551253763901190E-005
   563.00000000000000        5.1974242511046557E-005
   564.00000000000000        5.2359353517030283E-005
   565.00000000000000        5.2707123510796922E-005
   566.00000000000000        5.3018132621548569E-005
   567.00000000000000        5.3293000403228001E-005
   568.00000000000000        5.3532382061741926E-005
   569.00000000000000        5.3736964877321990E-005
   570.00000000000000        5.3907464814488146E-005
   571.00000000000000        5.4044623312438942E-005
   572.00000000000000        5.4149204248831254E-005
   573.00000000000000        5.4221991070074872E-005
   574.00000000000000        5.4263784081584455E-005
   575.00000000000000        5.4275397891517455E-005
   576.00000000000000        5.4257659001788136E-005
   577.00000000000000        5.4211403540305738E-005
   578.00000000000000        5.4137475128584703E-005
   579.00000000000000        5.4036722879083628E-005
   580.00000000000000        5.3909999516718898E-005
   581.00000000000000        5.3758159619335432E-005
   582.00000000000000        5.3582057971874815E-005
   583.00000000000000        5.3382548029383130E-005
   584.00000000000000        5.3160480483956129E-005
   585.00000000000000        5.2916701931038135E-005
   586.00000000000000        5.2652053630531931E-005
   587.00000000000000        5.2367370358430232E-005
   588.00000000000000        5.2063479344736138E-005
   589.00000000000000        5.1741199293657028E-005
   590.00000000000000        5.1401339482170820E-005
   591.00000000000000        5.1044698933181718E-005
   592.00000000000000        5.0672065659664438E-005
   593.00000000000000        5.0284215976285970E-005
   594.00000000000000        4.9881913875142667E-005
   595.00000000000000        4.9465910462379210E-005
   596.00000000000000        4.9036943452547751E-005
   597.00000000000000        4.8595736717724191E-005
   598.00000000000000        4.8142999888485547E-005
   599.00000000000000        4.7679428003974800E-005
   600.00000000000000        4.7205701208377671E-005
   601.00000000000000        4.6722484491247900E-005
   602.00000000000000        4.6230427469235244E-005
   603.00000000000000        4.5730164206832191E-005
   604.00000000000000        4.5222313073875955E-005
   605.00000000000000        4.4707476637654994E-005
   606.00000000000000        4.4186241587492578E-005
   607.00000000000000        4.3659178689858107E-005
   608.00000000000000        4.3126842772060309E-005
   609.00000000000000        4.2589772732697377E-005
   610.00000000000000        4.2048491577130958E-005
   611.00000000000000        4.1503506476287903E-005
   612.00000000000000        4.0955308847192250E-005
   613.00000000000000        4.0404374453716916E-005
   614.00000000000000        3.9851163526066483E-005
   615.00000000000000        3.9296120897616853E-005
   616.00000000000000        3.8739676157784585E-005
   617.00000000000000        3.8182243819638919E-005
   618.00000000000000        3.7624223501076795E-005
   619.00000000000000        3.7066000118390588E-005
   620.00000000000000        3.6507944091147938E-005
   621.00000000000000        3.5950411557336123E-005
   622.00000000000000        3.5393744597797229E-005
   623.00000000000000        3.4838271468995172E-005
   624.00000000000000        3.4284306843252791E-005
   625.00000000000000        3.3732152055588716E-005
   626.00000000000000        3.3182095356375108E-005
   627.00000000000000        3.2634412169052320E-005
   628.00000000000000        3.2089365352190081E-005
   629.00000000000000        3.1547205465212221E-005
   630.00000000000000        3.1008171037156299E-005
   631.00000000000000        3.0472488837865819E-005
   632.00000000000000        2.9940374151047416E-005
   633.00000000000000        2.9412031048656046E-005
   634.00000000000000        2.8887652666123525E-005
   635.00000000000000        2.8367421477938001E-005
   636.00000000000000        2.7851509573160501E-005
   637.00000000000000        2.7340078930443228E-005
   638.00000000000000        2.6833281692183213E-005
   639.00000000000000        2.6331260437439615E-005
   640.00000000000000        2.5834148453290893E-005
   641.00000000000000        2.5342070004312486E-005
   642.00000000000000        2.4855140599892597E-005
   643.00000000000000        2.4373467259118999E-005
   644.00000000000000        2.3897148772987719E-005
   645.00000000000000        2.3426275963715115E-005
   646.00000000000000        2.2960931940931947E-005
   647.00000000000000        2.2501192354584284E-005
   648.00000000000000        2.2047125644358339E-005
   649.00000000000000        2.1598793285475394E-005
   650.00000000000000        2.1156250030715843E-005
   651.00000000000000        2.0719544148542536E-005
   652.00000000000000        2.0288717657212750E-005
   653.00000000000000        1.9863806554773262E-005
   654.00000000000000        1.9444841044858874E-005
   655.00000000000000        1.9031845758207522E-005
   656.00000000000000        1.8624839969834163E-005
   657.00000000000000        1.8223837811804909E-005
   658.00000000000000        1.7828848481564264E-005
   659.00000000000000        1.7439876445789117E-005
   660.00000000000000        1.7056921639727793E-005
   661.00000000000000        1.6679979662014482E-005
   662.00000000000000        1.6309041964949971E-005
   663.00000000000000        1.5944096040236184E-005
   664.00000000000000        1.5585125600173654E-005
   665.00000000000000        1.5232110754331302E-005
   666.00000000000000        1.4885028181698151E-005
   667.00000000000000        1.4543851298345904E-005
   668.00000000000000        1.4208550420620009E-005
   669.00000000000000        1.3879092923896673E-005
   670.00000000000000        1.3555443396937701E-005
   671.00000000000000        1.3237563791882397E-005
   672.00000000000000        1.2925413569922729E-005
   673.00000000000000        1.2618949842701439E-005
   674.00000000000000        1.2318127509495868E-005
   675.00000000000000        1.2022899390223363E-005
   676.00000000000000        1.1733216354340093E-005
   677.00000000000000        1.1449027445681544E-005
   678.00000000000000        1.1170280003305430E-005
   679.00000000000000        1.0896919778406031E-005
   680.00000000000000        1.0628891047356348E-005
   681.00000000000000        1.0366136720946317E-005
   682.00000000000000        1.0108598449886840E-005
   683.00000000000000        9.8562167266442334E-006
   684.00000000000000        9.6089309836751597E-006
   685.00000000000000        9.3666796881334073E-006
   686.00000000000000        9.1294004331179709E-006
   687.00000000000000        8.8970300255345435E-006
   688.00000000000000        8.6695045706425863E-006
   689.00000000000000        8.4467595533578201E-006
   690.00000000000000        8.2287299163860626E-006
   691.00000000000000        8.0153501352583404E-006
   692.00000000000000        7.8065542903391163E-006
   693.00000000000000        7.6022761358827866E-006
   694.00000000000000        7.4024491662068890E-006
   695.00000000000000        7.2070066790572264E-006
   696.00000000000000        7.0158818362317810E-006
   697.00000000000000        6.8290077215400179E-006
   698.00000000000000        6.6463173961628262E-006
   699.00000000000000        6.4677439514845399E-006
   700.00000000000000        6.2932205594674486E-006
   701.00000000000000        6.1226805206352005E-006
   702.00000000000000        5.9560573097335268E-006
   703.00000000000000        5.7932846191346726E-006
   704.00000000000000        5.6342964000520748E-006
   705.00000000000000        5.4790269016295052E-006
   706.00000000000000        5.3274107079690853E-006
   707.00000000000000        5.1793827731615097E-006
   708.00000000000000        5.0348784543803346E-006
   709.00000000000000        4.8938335431006536E-006
   710.00000000000000        4.7561842945046219E-006
   711.00000000000000        4.6218674551297044E-006
   712.00000000000000        4.4908202888195494E-006
   713.00000000000000        4.3629806010344732E-006
   714.00000000000000        4.2382867615761775E-006
   715.00000000000000        4.1166777257819727E-006
   716.00000000000000        3.9980930542420993E-006
   717.00000000000000        3.8824729310924306E-006
   718.00000000000000        3.7697581809334204E-006
   719.00000000000000        3.6598902844265529E-006
   720.00000000000000        3.5528113926163578E-006
   721.00000000000000        3.4484643400257103E-006
   722.00000000000000        3.3467926565723549E-006
   723.00000000000000        3.2477405783512132E-006
   724.00000000000000        3.1512530573279374E-006
   725.00000000000000        3.0572757699855508E-006
   726.00000000000000        2.9657551249695117E-006
   727.00000000000000        2.8766382697684142E-006
   728.00000000000000        2.7898730964745248E-006
   729.00000000000000        2.7054082466604752E-006
   730.00000000000000        2.6231931154114262E-006
   731.00000000000000        2.5431778545490895E-006
   732.00000000000000        2.4653133750845968E-006
   733.00000000000000        2.3895513489337374E-006
   734.00000000000000        2.3158442099298877E-006
   735.00000000000000        2.2441451541663068E-006
   736.00000000000000        2.1744081397013156E-006
   737.00000000000000        2.1065878856557368E-006
   738.00000000000000        2.0406398707339926E-006
   739.00000000000000        1.9765203311970277E-006
   740.00000000000000        1.9141862583162645E-006
   741.00000000000000        1.8535953953350791E-006
   742.00000000000000        1.7947062339645204E-006
   743.00000000000000        1.7374780104393028E-006
   744.00000000000000        1.6818707011582540E-006
   745.00000000000000        1.6278450179333480E-006
   746.00000000000000        1.5753624028704621E-006
   747.00000000000000        1.5243850229041995E-006
   748.00000000000000        1.4748757640083912E-006
   749.00000000000000        1.4267982251026918E-006
   750.00000000000000        1.3801167116758339E-006
   751.00000000000000        1.3347962291442831E-006
   752.00000000000000        1.2908024759656144E-006
   753.00000000000000        1.2481018365237466E-006
   754.00000000000000        1.2066613738035810E-006
   755.00000000000000        1.1664488218723126E-006
   756.00000000000000        1.1274325781816511E-006
   757.00000000000000        1.0895816957084216E-006
   758.00000000000000        1.0528658749463012E-006
   759.00000000000000        1.0172554557641157E-006
   760.00000000000000        9.8272140914370526E-007
   761.00000000000000        9.4923532881017409E-007
   762.00000000000000        9.1676942276737881E-007
   763.00000000000000        8.8529650475030172E-007
   764.00000000000000        8.5478998560557122E-007
   765.00000000000000        8.2522386461144483E-007
   766.00000000000000        7.9657272074704353E-007
   767.00000000000000        7.6881170392139031E-007
   768.00000000000000        7.4191652617117918E-007
   769.00000000000000        7.1586345283664005E-007
   770.00000000000000        6.9062929372401598E-007
   771.00000000000000        6.6619139426272250E-007
   772.00000000000000        6.4252762666508015E-007
   773.00000000000000        6.1961638109597284E-007
   774.00000000000000        5.9743655685938833E-007
   775.00000000000000        5.7596755360858566E-007
   776.00000000000000        5.5518926258601806E-007
   777.00000000000000        5.3508205789919154E-007
   778.00000000000000        5.1562678783780681E-007
   779.00000000000000        4.9680476623767997E-007
   780.00000000000000        4.7859776389639855E-007
   781.00000000000000        4.6098800004527724E-007
   782.00000000000000        4.4395813388227599E-007
   783.00000000000000        4.2749125616970440E-007
   784.00000000000000        4.1157088090085299E-007
   785.00000000000000        3.9618093703898406E-007
   786.00000000000000        3.8130576033220467E-007
   787.00000000000000        3.6693008520712429E-007
   788.00000000000000        3.5303903674449700E-007
   789.00000000000000        3.3961812273927128E-007
   790.00000000000000        3.2665322584763924E-007
   791.00000000000000        3.1413059582338242E-007
   792.00000000000000        3.0203684184552660E-007
   793.00000000000000        2.9035892493923791E-007
   794.00000000000000        2.7908415049163915E-007
   795.00000000000000        2.6820016086413330E-007
   796.00000000000000        2.5769492810258989E-007
   797.00000000000000        2.4755674674665380E-007
   798.00000000000000        2.3777422673916181E-007
   799.00000000000000        2.2833628643671790E-007
   800.00000000000000        2.1923214572211696E-007
   801.00000000000000        2.1045131921938151E-007
   802.00000000000000        2.0198360961186315E-007
   803.00000000000000        1.9381910106387173E-007
   804.00000000000000        1.8594815274616878E-007
   805.00000000000000        1.7836139246551844E-007
   806.00000000000000        1.7104971039828939E-007
   807.00000000000000        1.6400425292832953E-007
   808.00000000000000        1.5721641658880140E-007
   809.00000000000000        1.5067784210797884E-007
   810.00000000000000        1.4438040855863194E-007
   811.00000000000000        1.3831622761073175E-007
   812.00000000000000        1.3247763788702038E-007
   813.00000000000000        1.2685719942105086E-007
   814.00000000000000        1.2144768821702360E-007
   815.00000000000000        1.1624209091096429E-007
   816.00000000000000        1.1123359953245475E-007
   817.00000000000000        1.0641560636628822E-007
   818.00000000000000        1.0178169891321660E-007
   819.00000000000000        9.7325654949047487E-008
   820.00000000000000        9.3041437681151196E-008
   821.00000000000000        8.8923191001550996E-008
   822.00000000000000        8.4965234835599387E-008
   823.00000000000000        8.1162060585305353E-008
   824.00000000000000        7.7508326666313028E-008
   825.00000000000000        7.3998854137427548E-008
   826.00000000000000        7.0628622421724108E-008
   827.00000000000000        6.7392765118068486E-008
   828.00000000000000        6.4286565901972784E-008
   829.00000000000000        6.1305454514646165E-008
   830.00000000000000        5.8445002839108026E-008
   831.00000000000000        5.5700921062149780E-008
   832.00000000000000        5.3069053921002214E-008
   833.00000000000000        5.0545377033511606E-008
   834.00000000000000        4.8125993310577559E-008
   835.00000000000000        4.5807129449689407E-008
   836.00000000000000        4.3585132508306330E-008
   837.00000000000000        4.1456466555835455E-008
   838.00000000000000        3.9417709403017051E-008
   839.00000000000000        3.7465549407438165E-008
   840.00000000000000        3.5596782353954476E-008
   841.00000000000000        3.3808308408757268E-008
   842.00000000000000        3.2097129145878116E-008
   843.00000000000000        3.0460344644848763E-008
   844.00000000000000        2.8895150658308087E-008
   845.00000000000000        2.7398835848306008E-008
   846.00000000000000        2.5968779090081456E-008
   847.00000000000000        2.4602446842081908E-008
   848.00000000000000        2.3297390581008445E-008
   849.00000000000000        2.2051244300667697E-008
   850.00000000000000        2.0861722073438805E-008
   851.00000000000000        1.9726615673142954E-008
   852.00000000000000        1.8643792258133497E-008
   853.00000000000000        1.7611192113428408E-008
   854.00000000000000        1.6626826450713760E-008
   855.00000000000000        1.5688775265068479E-008
   856.00000000000000        1.4795185247242782E-008
   857.00000000000000        1.3944267750382764E-008
   858.00000000000000        1.3134296810051600E-008
   859.00000000000000        1.2363607216452789E-008
   860.00000000000000        1.1630592637747219E-008
   861.00000000000000        1.0933703793385080E-008
   862.00000000000000        1.0271446676375770E-008
   863.00000000000000        9.6423808234359113E-009
   864.00000000000000        9.0451176319758713E-009
   865.00000000000000        8.4783187228871253E-009
   866.00000000000000        7.9406943481189193E-009
   867.00000000000000        7.4310018420385043E-009
   868.00000000000000        6.9480441155883903E-009
   869.00000000000000        6.4906681922648448E-009
   870.00000000000000        6.0577637849635203E-009
   871.00000000000000        5.6482619127426101E-009
   872.00000000000000        5.2611335565809814E-009
   873.00000000000000        4.8953883532091877E-009
   874.00000000000000        4.5500733261237985E-009
   875.00000000000000        4.2242716528920179E-009
   876.00000000000000        3.9171014678845031E-009
   877.00000000000000        3.6277146995769789E-009
   878.00000000000000        3.3552959415843179E-009
   879.00000000000000        3.0990613566038525E-009
   880.00000000000000        2.8582576124531409E-009
   881.00000000000000        2.6321608494159071E-009
   882.00000000000000        2.4200756781072523E-009
   883.00000000000000        2.2213342070992395E-009
   884.00000000000000        2.0352950995555963E-009
   885.00000000000000        1.8613426581333854E-009
   886.00000000000000        1.6988859374382368E-009
   887.00000000000000        1.5473578833203125E-009
   888.00000000000000        1.4062144983167005E-009
   889.00000000000000        1.2749340325649076E-009
   890.00000000000000        1.1530161995173400E-009
   891.00000000000000        1.0399814158081933E-009
   892.00000000000000        9.3537006463183951E-010
   893.00000000000000        8.3874178200867464E-010
   894.00000000000000        7.4967476532736488E-010
   895.00000000000000        6.6776510356329633E-010
   896.00000000000000        5.9262612858867444E-010
   897.00000000000000        5.2388778700124613E-010
   898.00000000000000        4.6119603191014172E-010
   899.00000000000000        4.0421223413303988E-010
   900.00000000000000        3.5261261226657893E-010
   901.00000000000000        3.0608768110881155E-010
   902.00000000000000        2.6434171791999758E-010
   903.00000000000000        2.2709224602376467E-010
   904.00000000000000        1.9406953525857785E-010
   905.00000000000000        1.6501611880365969E-010
   906.00000000000000        1.3968632591355068E-010
   907.00000000000000        1.1784583010580126E-010
   908.00000000000000        9.9271212358854756E-011
   909.00000000000000        8.3749538885929254E-011
   910.00000000000000        7.1077953062958658E-011
   911.00000000000000        6.1063281097402812E-011
   912.00000000000000        5.3521651035904197E-011
   913.00000000000000        4.8278124718078065E-011
   914.00000000000000        4.5166342293818992E-011
   915.00000000000000        4.4028178930877755E-011
   916.00000000000000        4.4713413348902100E-011
   917.00000000000000        4.7079407825318869E-011
   918.00000000000000        5.0990799327481417E-011
   919.00000000000000        5.6319201434367122E-011
   920.00000000000000        6.2942916719779321E-011
   921.00000000000000        7.0746659277417835E-011
   922.00000000000000        7.9621287076703222E-011
   923.00000000000000        8.9463543846226657E-011
   924.00000000000000        1.0017581018987115E-010
   925.00000000000000        1.1166586364809885E-010
   926.00000000000000        1.2384664742523916E-010
   927.00000000000000        1.3663604751031171E-010
   928.00000000000000        1.4995667792691748E-010
   929.00000000000000        1.6373567385449486E-010
   930.00000000000000        1.7790449237051344E-010
   931.00000000000000        1.9239872056986123E-010
   932.00000000000000        2.0715789082460270E-010
   933.00000000000000        2.2212530295354962E-010
   934.00000000000000        2.3724785307778750E-010
   935.00000000000000        2.5247586894468540E-010
   936.00000000000000        2.6776295150825205E-010
   937.00000000000000        2.8306582256097462E-010
   938.00000000000000        2.9834417821680176E-010
   939.00000000000000        3.1356054805167752E-010
   940.00000000000000        3.2868015971283157E-010
   941.00000000000000        3.4367080881420516E-010
   942.00000000000000        3.5850273393977752E-010
   943.00000000000000        3.7314849658288389E-010
   944.00000000000000        3.8758286585345653E-010
   945.00000000000000        4.0178270779114632E-010
   946.00000000000000        4.1572687912631822E-010
   947.00000000000000        4.2939612533571331E-010
   948.00000000000000        4.4277298284496405E-010
   949.00000000000000        4.5584168523281873E-010
   950.00000000000000        4.6858807329880871E-010
   951.00000000000000        4.8099950885747796E-010
   952.00000000000000        4.9306479212895557E-010
   953.00000000000000        5.0477408259790773E-010
   954.00000000000000        5.1611882321770434E-010
   955.00000000000000        5.2709166784016171E-010
   956.00000000000000        5.3768641175510910E-010
   957.00000000000000        5.4789792522711609E-010
   958.00000000000000        5.5772208992102681E-010
   959.00000000000000        5.6715573811080218E-010
   960.00000000000000        5.7619659456963454E-010
   961.00000000000000        5.8484322104233680E-010
   962.00000000000000        5.9309496320502165E-010
   963.00000000000000        6.0095190001858061E-010
   964.00000000000000        6.0841479538731650E-010
   965.00000000000000        6.1548505203516869E-010
   966.00000000000000        6.2216466751633631E-010
   967.00000000000000        6.2845619227882345E-010
   968.00000000000000        6.3436268970231937E-010
   969.00000000000000        6.3988769803472106E-010
   970.00000000000000        6.4503519415412663E-010
   971.00000000000000        6.4980955908451554E-010
   972.00000000000000        6.5421554519766106E-010
   973.00000000000000        6.5825824503393974E-010
   974.00000000000000        6.6194306167882589E-010
   975.00000000000000        6.6527568063258388E-010
   976.00000000000000        6.6826204311373025E-010
   977.00000000000000        6.7090832073847973E-010
   978.00000000000000        6.7322089152020092E-010
   979.00000000000000        6.7520631713545072E-010
   980.00000000000000        6.7687132140431005E-010
   981.00000000000000        6.7822276993486149E-010
   982.00000000000000        6.7926765088376654E-010
   983.00000000000000        6.8001305678579265E-010
   984.00000000000000        6.8046616740764039E-010
   985.00000000000000        6.8063423358228336E-010
   986.00000000000000        6.8052456198228601E-010
   987.00000000000000        6.8014450079143677E-010
   988.00000000000000        6.7950142623586710E-010
   989.00000000000000        6.7860272993724612E-010
   990.00000000000000        6.7745580705161769E-010
   991.00000000000000        6.7606804515933236E-010
   992.00000000000000        6.7444681387243222E-010
   993.00000000000000        6.7259945512719906E-010
   994.00000000000000        6.7053327413059830E-010
   995.00000000000000        6.6825553093095700E-010
   996.00000000000000        6.6577343258386454E-010
   997.00000000000000        6.6309412588564853E-010
   998.00000000000000        6.6022469064773135E-010
   999.00000000000000        6.5717213348621369E-010
   1000.0000000000000        6.5394338210193860E-010
