#
#   << ("/Users/oliver/projects/darkmatter/sample/dmformfactor-temp.m");
#   Centimeter = (10^13 Femtometer);
#   keV = (10^-6 GeV);
#   mNuc = 0.93827*GeV;
#   v0 = 220 KilometerPerSecond;
#   ve = 232 KilometerPerSecond;
#   vesc = 550 KilometerPerSecond;
#   rhoDM = 0.3 GeV/Centimeter^3;
#   
#   z = 54; m = 131;
#   SetIsotope[z, m, "default", "default"];
#   mXe = mNuc*m;
#   NT = 1/(mXe);
#   
#   SetJChi[1/2];
#   SetMChi[150 GeV];
#   SetCoeffsNonrel[1, 2*2.4*10^(-4), "n"];
#   
#   SetHALO["MBcutoff"];
#   
#   (*myrate[qGeV_]=( 2500*KilogramDay) \
#   EventRate[NT,rhoDM,qGeV,ve,v0,vesc];
#   
#   NIntegrate[myrate[qGeV] GeV*(qGeV GeV/(131 mNuc)),{qGeV,0,10}]
#   Ekev = 10.0
#   2500*KilogramDay * \
#   EventRate[NT,rhoDM,(2*mXe/GeV*Ekev*keV/GeV)^(1/2),ve,v0]*)
#   
#   Timing[A = 
#      Table[{Ekev, 
#        GeV*2500*KilogramDay * 
#         EventRate[NT, rhoDM, (2*mXe/GeV*Ekev*keV/GeV)^(1/2), ve, 
#          v0]}, {Ekev, 1.0, 1000, 1.0}];
#    ]
#   Print[A]
#   Export["/Users/oliver/projects/darkmatter/sample/xe/test.xe131.dat", 
#     A];
# Recoil energy (kev), Event rate (1/MeV)
1.	175418.18192237205
2.	164590.3879717457
3.	154381.5027562588
4.	144758.82887068854
5.	135691.25383109238
6.	127149.18093156695
7.	119104.46268385072
8.	111530.33676997828
9.	104401.36443816862
10.	97693.37127229368
11.	91383.39026560762
12.	85449.60712990633
13.	79871.30777191244
14.	74628.82786942873
15.	69703.50448066246
16.	65077.62962107197
17.	60734.405743129326
18.	56657.90305549877
19.	52833.01861930774
20.	49245.43716041329
21.	45881.59353784058
22.	42728.63680988106
23.	39774.39584068008
24.	37007.346391508385
25.	34416.579642296696
26.	31991.77209040845
27.	29723.15677503036
28.	27601.495776966876
29.	25618.053945032607
30.	23764.573801637027
31.	22033.251581551143
32.	20416.71435922861
33.	18907.998221423182
34.	17500.527443198996
35.	16188.094626765944
36.	14964.84176388822
37.	13825.242183909675
38.	12764.083350711144
39.	11776.450473162899
40.	10857.71089485896
41.	10003.499230116266
42.	9209.70321439298
43.	8472.45023842308
44.	7788.094536480234
45.	7153.2050002717215
46.	6564.553591022728
47.	6019.104323342998
48.	5514.002795470139
49.	5046.566241459058
50.	4614.274081833794
51.	4214.758950135785
52.	3845.7981736939532
53.	3505.305687805204
54.	3191.324363349962
55.	2902.0187286767527
56.	2635.668067372975
57.	2390.659874296047
58.	2165.4836529705376
59.	1958.725038164001
60.	1769.0602281359813
61.	1595.2507117129876
62.	1436.1382759775158
63.	1290.640280970458
64.	1157.7451883966828
65.	1036.5083318911102
66.	926.0479169493403
67.	825.5412391536926
68.	734.2211098309153
69.	651.3724787651429
70.	576.3292440572125
71.	508.47123967127
72.	447.2213916407422
73.	392.0430343209193
74.	342.43737847288503
75.	297.9411233449876
76.	258.1242052846679
77.	222.5876757639335
78.	190.9617020381934
79.	162.90368398082177
80.	138.0964809439673
81.	116.24674279196316
82.	97.08333953671941
83.	80.35588427466064
84.	65.83334438449621
85.	53.30273619165114
86.	42.56789854325522
87.	33.44834096239315
88.	25.77816226761023
89.	19.405035749504158
90.	14.189257193325378
91.	10.002852225252207
92.	6.728739638723632
93.	4.259947529228506
94.	2.4988792290001314
95.	1.3566261888287257
96.	0.7523251027930103
97.	0.6125567132665786
98.	0.8707838679372004
99.	1.4668265297382013
100.	2.346371561798904
101.	3.460515226812122
102.	4.765336450285909
103.	6.221499002731776
104.	7.79388085593247
105.	9.45122906375484
106.	11.165838608244853
107.	12.913253738061218
108.	14.671990407779322
109.	16.423278504267262
110.	18.15082262010978
111.	19.84058020371822
112.	21.480555982445797
113.	23.060611617736836
114.	24.57228961106307
115.	26.008650536066803
116.	27.364122726039415
117.	28.63436359623774
118.	29.816131829472905
119.	30.907169698083784
120.	31.906094839308597
121.	32.81230084148193
122.	33.62586603724128
123.	34.34746993640164
124.	34.97831676593831
125.	35.52006561685693
126.	35.97476672870828
127.	36.34480347185546
128.	36.632839614687775
129.	36.84177148940592
130.	36.974684694142915
131.	37.03481499273007
132.	37.02551309461606
133.	36.950213018670645
134.	36.81240376349006
135.	36.61560402530909
136.	36.363339721628165
137.	36.05912409514139
138.	35.706440187243516
139.	35.30872548537981
140.	34.86935856128394
141.	34.39164753029023
142.	33.87882017353224
143.	33.334015576068026
144.	32.760277144381355
145.	32.160546876651246
146.	31.53766076823288
147.	30.89434524350785
148.	30.233214513405418
149.	29.556768765272338
150.	28.867393099140006
151.	28.167357130661422
152.	27.458815187736054
153.	26.74380703299866
154.	26.024259050311503
155.	25.301985838107182
156.	24.578692157142992
157.	23.85597518491583
158.	23.135327032650586
159.	22.41813748487899
160.	21.705696925068736
161.	20.99919941400562
162.	20.299745890740343
163.	19.608347468823386
164.	18.92592880287844
165.	18.25333150345482
166.	17.591317579914378
167.	16.94057289353341
168.	16.301710604608683
169.	15.67527459948805
170.	15.061742884770378
171.	14.461530937556974
172.	13.874995002118778
173.	13.302435324390622
174.	12.744099317073731
175.	12.200184649132677
176.	11.670842254357492
177.	11.15617925473605
178.	10.65626179500581
179.	10.171117785631065
180.	9.700739552045052
181.	9.24508638862207
182.	8.804087016431357
183.	8.377641944213833
184.	7.96562573259289
185.	7.567889161827421
186.	7.184261303810672
187.	6.814551499300005
188.	6.4585512416906905
189.	6.116035968820741
190.	5.786766764544753
191.	5.470491971981852
192.	5.166948720499093
193.	4.875864368599185
194.	4.596957865094298
195.	4.3299410307850215
196.	4.074519763302466
197.	3.83039516746394
198.	3.597264613769967
199.	3.3748227275675102
200.	3.162762311512928
201.	2.960775203869419
202.	2.768553075234154
203.	2.585788166264908
204.	2.4121739688935158
205.	2.2474058536091985
206.	2.091181645164771
207.	1.9432021492054423
208.	1.8031716321584201
209.	1.670798256706494
210.	1.5457944750860904
211.	1.427877382456461
212.	1.3167690324269425
213.	1.2121967168628884
214.	1.113893211982642
215.	1.0215969926547304
216.	0.9350524168409019
217.	0.8540098819521124
218.	0.7782259549028677
219.	0.7074634775232156
220.	0.6414916489771567
221.	0.5800860867093058
222.	0.5230288674356631
223.	0.47010854960721987
224.	0.421120178674824
225.	0.3758652765081522
226.	0.33415181616335515
227.	0.29579418321639556
228.	0.26061312477779175
229.	0.22843568724331667
230.	0.19909514382096513
231.	0.17243091278175238
232.	0.14828846733366335
233.	0.12651923801782633
234.	0.10698050839867973
235.	0.08953530483037905
236.	0.07405228103199672
237.	0.060405598135749014
238.	0.04847480085522691
239.	0.03814469035510474
240.	0.029305194403423527
241.	0.02185123530900462
242.	0.01568259614806416
243.	0.010703785719735954
244.	0.006823902645026551
245.	0.00395649904128297
246.	0.002019444066495948
247.	0.0009347877311254132
248.	0.0006286252468927709
249.	0.0010309621974937519
250.	0.002075580809633815
251.	0.003699907529283599
252.	0.005844882145332792
253.	0.008454828633188693
254.	0.011477327900621281
255.	0.014863092595386491
256.	0.01856584410158031
257.	0.022542191860984308
258.	0.026751515115666653
259.	0.031155847172771464
260.	0.03571976226960195
261.	0.04041026510030212
262.	0.04519668307108175
263.	0.05005056131921128
264.	0.0549455605347565
265.	0.05985735761693469
266.	0.06476354916421745
267.	0.06964355782559521
268.	0.07447854150519705
269.	0.07925130541720982
270.	0.0839462169704463
271.	0.08854912348388456
272.	0.09304727268900585
273.	0.0974292360031109
274.	0.10168483453922342
275.	0.10580506781481408
276.	0.10978204511891786
277.	0.1136089194988977
278.	0.11727982431403584
279.	0.12078981231270179
280.	0.12413479718313607
281.	0.12731149751977638
282.	0.13031738315578004
283.	0.13315062380880407
284.	0.13581003997127944
285.	0.13829505600488223
286.	0.14060565536573702
287.	0.14274233791027421
288.	0.14470607922141493
289.	0.14649829189025626
290.	0.14812078870550582
291.	0.14957574767780438
292.	0.15086567884910937
293.	0.15199339282835456
294.	0.15296197099009462
295.	0.15377473728401903
296.	0.15443523159493933
297.	0.15494718460181958
298.	0.1553144940727984
299.	0.15554120255180412
300.	0.15563147637515898
301.	0.15558958597143616
302.	0.15541988738850468
303.	0.15512680500266257
304.	0.1547148153570194
305.	0.15418843208106678
306.	0.1535521918493774
307.	0.15281064132639813
308.	0.151968325060522
309.	0.15102977427795075
310.	0.14999949653993158
311.	0.1488819662169844
312.	0.1476816157451243
313.	0.14640282762420173
314.	0.14504992712105835
315.	0.14362717564037408
316.	0.14213876473188194
317.	0.14058881069774612
318.	0.13898134976623472
319.	0.13732033380693498
320.	0.13560962654804282
321.	0.13385300027698144
322.	0.13205413298655044
323.	0.13021660594860915
324.	0.12834390168199789
325.	0.12643940229766482
326.	0.12450638818884797
327.	0.12254803705182266
328.	0.12056742320810418
329.	0.11856751721465288
330.	0.11655118573440058
331.	0.11452119165659441
332.	0.11248019443791815
333.	0.11043075066222079
334.	0.10837531478485575
335.	0.10631624006066275
336.	0.10425577963276544
337.	0.10219608776932157
338.	0.10013922123744652
339.	0.09808714079751792
340.	0.09604171280905571
341.	0.09400471093522808
342.	0.09197781793531953
343.	0.08996262753524122
344.	0.08796064636585867
345.	0.08597329596124748
346.	0.08400191480693034
347.	0.08204776043013227
348.	0.08011201152651931
349.	0.07819577011359226
350.	0.0763000637057502
351.	0.07442584750498593
352.	0.07257400659985369
353.	0.07074535816936581
354.	0.068940653686056
355.	0.06716058111164562
356.	0.06540576708565637
357.	0.06367677909703744
358.	0.061974127640864504
359.	0.06029826835245315
360.	0.05864960411870699
361.	0.05702848716145945
362.	0.055435221093086566
363.	0.05387006293931674
364.	0.05233322512911544
365.	0.05082487744901755
366.	0.04934514896026914
367.	0.04789412987695039
368.	0.04647187340601312
369.	0.04507839754375698
370.	0.043713686833158884
371.	0.04237769407667045
372.	0.041070342006899546
373.	0.0397915249131549
374.	0.03854111022384714
375.	0.03731894004456107
376.	0.036124832651995405
377.	0.03495858394258147
378.	0.03381996883765779
379.	0.03270874264299565
380.	0.031624642365538844
381.	0.030567387984954945
382.	0.0295366836829991
383.	0.028532219028491953
384.	0.027553670120978927
385.	0.026600700691256154
386.	0.02567296316103326
387.	0.024770099661573
388.	0.023891743012239317
389.	0.023037517659228065
390.	0.022207040576065887
391.	0.021399922125648802
392.	0.020615766885177515
393.	0.019854174434905128
394.	0.019114740110861856
395.	0.018397055723381343
396.	0.017700710241006716
397.	0.01702529044182503
398.	0.01637038153274838
399.	0.015735567736709456
400.	0.015120432850181885
401.	0.014524560770629214
402.	0.013947535995366652
403.	0.0133889440927909
404.	0.01284837214607349
405.	0.012325409171198596
406.	0.011819646509473111
407.	0.011330678195725715
408.	0.010858101302777179
409.	0.01040151626316529
410.	0.009960527168883503
411.	0.009534742049914441
412.	0.009123773132473008
413.	0.00872723707734778
414.	0.008344755199979697
415.	0.007975953671685097
416.	0.007620463704005398
417.	0.007277921716240709
418.	0.006947969487060192
419.	0.006630254290670026
420.	0.006324429018713291
421.	0.006030152287800618
422.	0.005747088533986307
423.	0.005474908094617671
424.	0.0052132872776946525
425.	0.004961908420157584
426.	0.004720459934980707
427.	0.0044886363479288115
428.	0.004266138324467922
429.	0.004052672687418383
430.	0.0038479524255673634
431.	0.0036516966942381685
432.	0.00346363080767436
433.	0.0032834862243459814
434.	0.0031110005249826637
435.	0.0029459173841844487
436.	0.0027879865360246263
437.	0.002636963733655232
438.	0.0024926107037903855
439.	0.00235469509607004
440.	0.0022229904277399474
441.	0.0020972760242280344
442.	0.0019773369555389094
443.	0.001862963969134483
444.	0.001753953419315909
445.	0.001650107193659959
446.	0.0015512326365574043
447.	0.001457142470276659
448.	0.0013676547137067721
449.	0.0012825925990570667
450.	0.0012017844867219755
451.	0.00112506377857257
452.	0.0010522688298268258
453.	0.0009832428597618312
454.	0.0009178338613516619
455.	0.0008558945101182399
456.	0.0007972820723149866
457.	0.0007418583125578139
458.	0.0006894894012280509
459.	0.0006400458214792257
460.	0.0005934022763142514
461.	0.0005494375956796028
462.	0.0005080346436976135
463.	0.000469080226176158
464.	0.00043246499857206713
465.	0.00039808337436965873
466.	0.0003658334340685819
467.	0.0003356168348636881
468.	0.00030733872098920675
469.	0.0002809076349476489
470.	0.00025623542965020013
471.	0.00023323718138528203
472.	0.00021183110396489092
473.	0.00019193846375005935
474.	0.00017348349598798643
475.	0.00015639332210808647
476.	0.0001405978683537537
477.	0.00012602978557357862
478.	0.0001126243703410147
479.	0.00010031948730174442
480.	0.00008905549286300543
481.	0.00007877516024851097
482.	0.00006942360590552366
483.	0.00006094821724761702
484.	0.00005329858183686228
485.	0.00004642641796967247
486.	0.00004028550662004328
487.	0.000034831624839906296
488.	0.000030022480568005916
489.	0.000025817648845483886
490.	0.000022178509465946464
491.	0.000019068186030862004
492.	0.000016451486419182177
493.	0.000014294844661755047
494.	0.00001256626421262291
495.	0.000011235262601172129
496.	0.000010272817490511598
497.	9.651314060887185e-6
498.	9.344493769054182e-6
499.	9.327404479590533e-6
500.	9.57635184501993e-6
501.	0.000010068852069427755
502.	0.000010783585924074165
503.	0.000011700354066064858
504.	0.000012800033568497424
505.	0.000014064535759877392
506.	0.000015476765225300472
507.	0.000017020580030831806
508.	0.000018680753129247108
509.	0.000020442934932081615
510.	0.00002229361699994375
511.	0.000024220096875142723
512.	0.000026210444006576926
513.	0.000028253466739806572
514.	0.000030338680363841468
515.	0.00003245627620837968
516.	0.00003459709172988789
517.	0.000036752581594824556
518.	0.00003891478974517548
519.	0.000041076322373201665
520.	0.00004323032186886698
521.	0.000045370441620522657
522.	0.000047490821729903815
523.	0.00004958606557770233
524.	0.00005165121721518181
525.	0.00005368173958581593
526.	0.0000556734935453159
527.	0.000057622717630015936
528.	0.00005952600862519377
529.	0.00006138030281911127
530.	0.00006318285800446811
531.	0.00006493123615991953
532.	0.00006662328681179049
533.	0.00006825713104168418
534.	0.00006983114615264565
535.	0.00007134395091532288
536.	0.0000727943914621403
537.	0.00007418152771659239
538.	0.00007550462042401304
539.	0.00007676311869902593
540.	0.00007795664812424297
541.	0.00007908499934884844
542.	0.00008014811719070017
543.	0.00008114609021431659
544.	0.00008207914077144804
545.	0.00008294761550291474
546.	0.00008375197625929352
547.	0.00008449279144697194
548.	0.00008517072778705987
549.	0.00008578654244796093
550.	0.00008634107557738916
551.	0.00008683524317763807
552.	0.00008727003034592159
553.	0.0000876464848452885
554.	0.00008796571100855511
555.	0.00008822886394382701
556.	0.00008843714406035885
557.	0.00008859179186548374
558.	0.00008869408305659897
559.	0.00008874532387247855
560.	0.00008874684670823126
561.	0.00008870000597707305
562.	0.00008860617420705729
563.	0.0000884667383704713
564.	0.00008828309643095504
565.	0.00008805665410166275
566.	0.00008778882180388253
567.	0.0000874810118158316
568.	0.00008713463561514168
569.	0.00008675110138671049
570.	0.00008633181170766934
571.	0.00008587816139101083
572.	0.00008539153548318126
573.	0.0000848733074086709
574.	0.00008432483725773944
575.	0.00008374747020707709
576.	0.00008314253506474754
577.	0.00008251134294172666
578.	0.0000818551860368937
579.	0.00008117533653175867
580.	0.0000804730455928032
581.	0.00007974954246602831
582.	0.0000790060336758737
583.	0.00007824370230639856
584.	0.00007746370736842303
585.	0.00007666718324859114
586.	0.0000758552392331683
587.	0.00007502895910471052
588.	0.00007418940080285551
589.	0.00007333759615568605
590.	0.0000724745506616658
591.	0.00007160124333987202
592.	0.00007071862662136115
593.	0.00006982762629835569
594.	0.00006892914151859216
595.	0.00006802404482096722
596.	0.00006711318221568153
597.	0.00006619737329843836
598.	0.00006527741140403972
599.	0.00006435406378851377
600.	0.00006342807184811463
601.	0.0000625001513608911
602.	0.00006157099275457414
603.	0.000060641261403995297
604.	0.00005971159794350566
605.	0.000058782618605003675
606.	0.00005785491557038174
607.	0.000056929057343664265
608.	0.000056005589135826207
609.	0.00005508503326359872
610.	0.00005416788956211022
611.	0.00005325463580566072
612.	0.00005234572813709228
613.	0.000051441601510073864
614.	0.00005054267013235173
615.	0.00004964932791812879
616.	0.00004876194894380747
617.	0.00004788088790907494
618.	0.00004700648059760156
619.	0.000046139044343323264
620.	0.00004527887849466402
621.	0.000044426264881115154
622.	0.00004358146827749647
623.	0.00004274473686988996
624.	0.00004191630271621261
625.	0.00004109638220704543
626.	0.00004028517652276209
627.	0.000039482872086836894
628.	0.00003868964101646675
629.	0.00003790564156630921
630.	0.00003713101857127312
631.	0.000036365903880122315
632.	0.000035610416786921036
633.	0.00003486466445489097
634.	0.000034128742334640714
635.	0.000033402734575811755
636.	0.000032686714432952405
637.	0.00003198074466448307
638.	0.00003128487792396444
639.	0.00003059915714406141
640.	0.00002992361591565574
641.	0.00002925827885664683
642.	0.000028603161974528805
643.	0.00002795827302241052
644.	0.000027323611845549664
645.	0.000026699170720814262
646.	0.000026084934690391376
647.	0.000025480881884168647
648.	0.000024886983837301834
649.	0.00002430320579941476
650.	0.00002372950703433583
651.	0.00002316584111473343
652.	0.00002261215620704189
653.	0.000022068395349673927
654.	0.00002153449672356219
655.	0.000021010393914699694
656.	0.000020496016170052254
657.	0.00001999128864481875
658.	0.000019496132643584597
659.	0.00001901046585329005
660.	0.00001853420257023864
661.	0.00001806725391839757
662.	0.00001760952806188794
663.	0.000017160930410187644
664.	0.000016721363817307072
665.	0.00001629072877275701
666.	0.000015868923587520053
667.	0.00001545584457285344
668.	0.000015051386212976453
669.	0.000014655441330808014
670.	0.000014267901249927654
671.	0.000013888655947063295
672.	0.000013517594201981467
673.	0.00001315460373972652
674.	0.000012799571368393903
675.	0.000012452383110263513
676.	0.000012112924329256885
677.	0.00001178107985112941
678.	0.00001145673408064837
679.	0.000011139771112081163
680.	0.000010830074836211253
681.	0.000010527529041426379
682.	0.000010232017511769039
683.	9.943424118471723e-6
684.	9.661632908686888e-6
685.	9.386528189998075e-6
686.	9.117994610036446e-6
687.	8.855917232180334e-6
688.	8.600181607812716e-6
689.	8.350673845301895e-6
690.	8.107280673447683e-6
691.	7.86988950381043e-6
692.	7.638388487737758e-6
693.	7.412666570881652e-6
694.	7.192613544577308e-6
695.	6.978120093711682e-6
696.	6.7690778419491755e-6
697.	6.565379393654066e-6
698.	6.366918373668212e-6
699.	6.173589463438675e-6
700.	5.9852884352267674e-6
701.	5.801912183956914e-6
702.	5.623358755842292e-6
703.	5.449527375027887e-6
704.	5.280318468599054e-6
705.	5.115633688529033e-6
706.	4.955375931791771e-6
707.	4.799449358730757e-6
708.	4.647759409355953e-6
709.	4.50021281776501e-6
710.	4.356717624612836e-6
711.	4.217183188300301e-6
712.	4.081520194207045e-6
713.	3.949640662502723e-6
714.	3.821457954182633e-6
715.	3.6968867761655217e-6
716.	3.5758431848827524e-6
717.	3.458244588086945e-6
718.	3.3440097462746776e-6
719.	3.233058771784908e-6
720.	3.1253131282551565e-6
721.	3.0206956274935564e-6
722.	2.919130426697118e-6
723.	2.820543023531161e-6
724.	2.724860250945088e-6
725.	2.632010271248489e-6
726.	2.541922568850281e-6
727.	2.4545279427522693e-6
728.	2.369758497846286e-6
729.	2.287547635991595e-6
730.	2.2078300459329144e-6
731.	2.130541693166987e-6
732.	2.0556198088553823e-6
733.	1.98300287859932e-6
734.	1.912630629928489e-6
735.	1.8444440204203995e-6
736.	1.7783852246072747e-6
737.	1.7143976206326568e-6
738.	1.6524257769906173e-6
739.	1.592415438208895e-6
740.	1.534313510877968e-6
741.	1.4780680492674315e-6
742.	1.4236282402408987e-6
743.	1.3709443883723038e-6
744.	1.3199679009786094e-6
745.	1.270651272753801e-6
746.	1.222948069852604e-6
747.	1.1768129149665135e-6
748.	1.1322014709205806e-6
749.	1.0890704252293145e-6
750.	1.0473774741703874e-6
751.	1.0070813065743288e-6
752.	9.68141587954789e-7
753.	9.305189447919595e-7
754.	8.94174947946955e-7
755.	8.5907209696947e-7
756.	8.251738040821455e-7
757.	7.924443781251486e-7
758.	7.608490085378501e-7
759.	7.303537497289628e-7
760.	7.009255050325054e-7
761.	6.725320110787156e-7
762.	6.451418221342438e-7
763.	6.187242946842294e-7
764.	5.932495716368286e-7
765.	5.686885674347723e-7
766.	5.450129525565159e-7
767.	5.221951384946299e-7
768.	5.00208262902727e-7
769.	4.790261747564187e-7
770.	4.5862341963701073e-7
771.	4.3897522527534613e-7
772.	4.2005748722844193e-7
773.	4.0184675469795625e-7
774.	3.843202164463253e-7
775.	3.674556870733422e-7
776.	3.5123159321864023e-7
777.	3.3562696017514077e-7
778.	3.206213984322614e-7
779.	3.06195090829001e-7
780.	2.923287791753613e-7
781.	2.7900375190541697e-7
782.	2.6620183123313207e-7
783.	2.5390536089328606e-7
784.	2.420971939140438e-7
785.	2.3076068060761987e-7
786.	2.198796567198219e-7
787.	2.094384319191829e-7
788.	1.994217782759042e-7
789.	1.8981491903924397e-7
790.	1.806035176357098e-7
791.	1.7177366680374484e-7
792.	1.6331187792531518e-7
793.	1.5520507055801044e-7
794.	1.4744056221280274e-7
795.	1.4000605818487128e-7
796.	1.3288964174565045e-7
797.	1.2607976442155797e-7
798.	1.1956523640214812e-7
799.	1.1333521728818735e-7
800.	1.0737920691006971e-7
801.	1.0168703639822666e-7
802.	9.62488593330486e-8
803.	9.105514319292289e-8
804.	8.609666091557001e-8
805.	8.136448263335183e-8
806.	7.684996762740148e-8
807.	7.25447563697145e-8
808.	6.844076285216799e-8
809.	6.453016698232856e-8
810.	6.080540717125741e-8
811.	5.7259173156468785e-8
812.	5.388439883145339e-8
813.	5.067425545359165e-8
814.	4.7622144756951973e-8
815.	4.472169247664031e-8
816.	4.1966741777722976e-8
817.	3.935134706791671e-8
818.	3.686976774774397e-8
819.	3.451646228513055e-8
820.	3.228608230499982e-8
821.	3.017346689054332e-8
822.	2.8173637004815103e-8
823.	2.6281790019198547e-8
824.	2.449329443649377e-8
825.	2.280368469858921e-8
826.	2.1208656125328918e-8
827.	1.970406002111782e-8
828.	1.82858988432735e-8
829.	1.6950321552198416e-8
830.	1.5693619051933733e-8
831.	1.4512219747142547e-8
832.	1.3402685221909041e-8
833.	1.2361706045599607e-8
834.	1.1386097660470112e-8
835.	1.047279639711933e-8
836.	9.618855601238875e-9
837.	8.82144184785504e-9
838.	8.077831278010744e-9
839.	7.385406005480456e-9
840.	6.741650659722614e-9
841.	6.14414899618112e-9
842.	5.590580615468302e-9
843.	5.078717755871056e-9
844.	4.606422200985962e-9
845.	4.171642259679541e-9
846.	3.772409827138609e-9
847.	3.4068375501650195e-9
848.	3.0731160453275407e-9
849.	2.769511225698517e-9
850.	2.4943616849624353e-9
851.	2.246076170976196e-9
852.	2.023131124868198e-9
853.	1.824068299935566e-9
854.	1.647492444439287e-9
855.	1.4920690594550602e-9
856.	1.3565222204025079e-9
857.	1.2396324675804407e-9
858.	1.1402347600920793e-9
859.	1.0572164882290308e-9
860.	9.89515553078365e-10
861.	9.36118503402787e-10
862.	8.960587260686525e-10
863.	8.684147008002145e-10
864.	8.523083043670245e-10
865.	8.469031686588822e-10
866.	8.51403093891436e-10
867.	8.65050510628151e-10
868.	8.871249893796091e-10
869.	9.169418029837385e-10
870.	9.53850531472424e-10
871.	9.972337140160666e-10
872.	1.0465055461813227e-9
873.	1.1011106180575915e-9
874.	1.1605226969897128e-9
875.	1.2242435486040328e-9
876.	1.2918017979667458e-9
877.	1.3627518289942695e-9
878.	1.4366727245389752e-9
879.	1.5131672385231759e-9
880.	1.5918608011513146e-9
881.	1.6724005692467162e-9
882.	1.7544544954986815e-9
883.	1.837710442534737e-9
884.	1.9218753192715114e-9
885.	2.006674250960129e-9
886.	2.0918497845253478e-9
887.	2.177161111421246e-9
888.	2.2623833213023484e-9
889.	2.3473066931547045e-9
890.	2.4317360000589706e-9
891.	2.5154898439001563e-9
892.	2.598400015386123e-9
893.	2.680310875639991e-9
894.	2.761078758584106e-9
895.	2.8405714088561748e-9
896.	2.918667421349421e-9
897.	2.995255718516326e-9
898.	3.070235033698428e-9
899.	3.143513436768302e-9
900.	3.2150078441525624e-9
901.	3.284643577983649e-9
902.	3.3523539340423095e-9
903.	3.418079754519449e-9
904.	3.481769035183272e-9
905.	3.543376536195343e-9
906.	3.602863426798285e-9
907.	3.6601969066203385e-9
908.	3.71534988397201e-9
909.	3.76830064952438e-9
910.	3.819032563217653e-9
911.	3.867533741995402e-9
912.	3.913796796577047e-9
913.	3.957818540738593e-9
914.	3.99959973862928e-9
915.	4.039144843893192e-9
916.	4.076461769060848e-9
917.	4.111561652647327e-9
918.	4.144458646170378e-9
919.	4.17516967827683e-9
920.	4.2037142967738805e-9
921.	4.2301144472598994e-9
922.	4.254394308205176e-9
923.	4.2765800951401586e-9
924.	4.296699928836516e-9
925.	4.314783642348383e-9
926.	4.330862665585011e-9
927.	4.344969844334158e-9
928.	4.3571393493951195e-9
929.	4.367406497918139e-9
930.	4.375807681800525e-9
931.	4.38238021371584e-9
932.	4.387162235200805e-9
933.	4.390192596088858e-9
934.	4.391510784979427e-9
935.	4.3911568141503535e-9
936.	4.389171117507953e-9
937.	4.3855945082045515e-9
938.	4.380468053349084e-9
939.	4.3738330353740204e-9
940.	4.365730868115391e-9
941.	4.3562030390345866e-9
942.	4.345291012940769e-9
943.	4.333036230008774e-9
944.	4.3194800040951045e-9
945.	4.30466349756265e-9
946.	4.288627662064574e-9
947.	4.271413201244802e-9
948.	4.253060516334409e-9
949.	4.233609687991334e-9
950.	4.213100406010545e-9
951.	4.1915719987186745e-9
952.	4.169063331856851e-9
953.	4.145612806704747e-9
954.	4.121258370228347e-9
955.	4.096037423677797e-9
956.	4.06998685836036e-9
957.	4.043143004150532e-9
958.	4.015541632483476e-9
959.	3.98721792237295e-9
960.	3.95820644267751e-9
961.	3.928541176783387e-9
962.	3.898255467904204e-9
963.	3.867382021394163e-9
964.	3.835952900575281e-9
965.	3.803999549943656e-9
966.	3.771552707597395e-9
967.	3.7386425077017e-9
968.	3.7052983852787303e-9
969.	3.671549120322598e-9
970.	3.637422849292704e-9
971.	3.602946985464672e-9
972.	3.5681483499951616e-9
973.	3.533053037826346e-9
974.	3.49768651426676e-9
975.	3.4620735636609177e-9
976.	3.426238332569222e-9
977.	3.39020429712506e-9
978.	3.3539943079707343e-9
979.	3.317630537592359e-9
980.	3.281134546124112e-9
981.	3.2445272589029488e-9
982.	3.2078289631768442e-9
983.	3.1710593461200872e-9
984.	3.1342374717558135e-9
985.	3.097381798645337e-9
986.	3.0605101982815537e-9
987.	3.023639931029281e-9
988.	2.986787718093205e-9
989.	2.949969696441298e-9
990.	2.9132014041347796e-9
991.	2.876497886605339e-9
992.	2.8398735838847833e-9
993.	2.803342471168564e-9
994.	2.7669179329943813e-9
995.	2.730612894068772e-9
996.	2.69443972524202e-9
997.	2.658410330234971e-9
998.	2.622536142190957e-9
999.	2.586828084309628e-9
1000.	2.551296622850628e-9
