# Recoil energy (kev)        Event rate (events/gev)
   1.0000000000000000        45268.972557416884     
   2.0000000000000000        42753.206153006031     
   3.0000000000000000        40366.027512868503     
   4.0000000000000000        38101.371032505551     
   5.0000000000000000        35953.425985806323     
   6.0000000000000000        33916.634581773818     
   7.0000000000000000        31985.683729300526     
   8.0000000000000000        30155.495722364205     
   9.0000000000000000        28421.218834854775     
   10.000000000000000        26778.218100033915     
   11.000000000000000        25222.066365682811     
   12.000000000000000        23748.535655895739     
   13.000000000000000        22353.588847539231     
   14.000000000000000        21033.371659662676     
   15.000000000000000        19784.204949725809     
   16.000000000000000        18602.577308440996     
   17.000000000000000        17485.137944076301     
   18.000000000000000        16428.689846681147     
   19.000000000000000        15430.183222610298     
   20.000000000000000        14486.709189802139     
   21.000000000000000        13595.493724432639     
   22.000000000000000        12753.891849791287     
   23.000000000000000        11959.382058470188     
   24.000000000000000        11209.560959222825     
   25.000000000000000        10502.138140117017     
   26.000000000000000        9834.9312398771053     
   27.000000000000000        9205.8612195788191     
   28.000000000000000        8612.9478271241933     
   29.000000000000000        8054.3052471824922     
   30.000000000000000        7528.1379295361039     
   31.000000000000000        7032.7365890159854     
   32.000000000000000        6566.4743704510029     
   33.000000000000000        6127.8031722867036     
   34.000000000000000        5715.2501227556531     
   35.000000000000000        5327.4142026985937     
   36.000000000000000        4962.9630093475280     
   37.000000000000000        4620.6296555867721     
   38.000000000000000        4299.2097994056176     
   39.000000000000000        3997.5587984479553     
   40.000000000000000        3714.5889847496760     
   41.000000000000000        3449.2670549338332     
   42.000000000000000        3200.6115713062018     
   43.000000000000000        2967.6905694618913     
   44.000000000000000        2749.6192681750181     
   45.000000000000000        2545.5578774995702     
   46.000000000000000        2354.7095011608562     
   47.000000000000000        2176.3181294622536     
   48.000000000000000        2009.6667190730798     
   49.000000000000000        1854.0753561990268     
   50.000000000000000        1708.8994997678599     
   51.000000000000000        1573.5283013898977     
   52.000000000000000        1447.3829989746039     
   53.000000000000000        1329.9153810030418     
   54.000000000000000        1220.6063185693577     
   55.000000000000000        1118.9643624145135     
   56.000000000000000        1024.5244022813172     
   57.000000000000000        936.84638602198743     
   58.000000000000000        855.51409598802752     
   59.000000000000000        780.13398032731209     
   60.000000000000000        710.33403690480054     
   61.000000000000000        645.76274765173207     
   62.000000000000000        586.08806123334705     
   63.000000000000000        530.99642200722417     
   64.000000000000000        480.19184332353768     
   65.000000000000000        433.39502329476534     
   66.000000000000000        390.34250123587009     
   67.000000000000000        350.78585304681656     
   68.000000000000000        314.49092387751421     
   69.000000000000000        281.23709648093427     
   70.000000000000000        250.81659372353920     
   71.000000000000000        223.03381378305295     
   72.000000000000000        197.70469662235161     
   73.000000000000000        174.65612038474356     
   74.000000000000000        153.72532641038902     
   75.000000000000000        134.75937162591890     
   76.000000000000000        117.61460710982477     
   77.000000000000000        102.15618168466165     
   78.000000000000000        88.257569433854698     
   79.000000000000000        75.800120085816189     
   80.000000000000000        64.672631251336227     
   81.000000000000000        54.770941541799637     
   82.000000000000000        45.997543635797534     
   83.000000000000000        38.261216400181013     
   84.000000000000000        31.476675208623440     
   85.000000000000000        25.564239636332005     
   86.000000000000000        20.449517743772173     
   87.000000000000000        16.063106195159779     
   88.000000000000000        12.340305489091822     
   89.000000000000000        9.2208496090744028     
   90.000000000000000        6.6486494309102468     
   91.000000000000000        4.5715492519712351     
   92.000000000000000        2.9410958343363678     
   93.000000000000000        1.7123193796802516     
   94.000000000000000       0.84352587867314377     
   95.000000000000000       0.29610030154643524     
   96.000000000000000        3.4320119422573840E-002
   97.000000000000000        2.5178668040874198E-002
   98.000000000000000       0.23821788666147595     
   99.000000000000000       0.64536998523491285     
   100.00000000000000        1.2208076124138048     
   101.00000000000000        1.9408021156866724     
   102.00000000000000        2.7835895028623856     
   103.00000000000000        3.7292437313534319     
   104.00000000000000        4.7595569682268133     
   105.00000000000000        5.8579264798365580     
   106.00000000000000        7.0092478250518377     
   107.00000000000000        8.1998140406651281     
   108.00000000000000        9.4172205215433475     
   109.00000000000000        10.650275311476983     
   110.00000000000000        11.888914533527933     
   111.00000000000000        13.124122700981141     
   112.00000000000000        14.347857661802763     
   113.00000000000000        15.552979940807207     
   114.00000000000000        16.733186254559694     
   115.00000000000000        17.882946984418883     
   116.00000000000000        18.997447403046579     
   117.00000000000000        20.072532459233592     
   118.00000000000000        21.104654934988606     
   119.00000000000000        22.090826797562588     
   120.00000000000000        23.028573577419248     
   121.00000000000000        23.915891611155040     
   122.00000000000000        24.751207996009260     
   123.00000000000000        25.533343109917713     
   124.00000000000000        26.261475558057544     
   125.00000000000000        26.935109413517242     
   126.00000000000000        27.554043626128252     
   127.00000000000000        28.118343479600494     
   128.00000000000000        28.628313982960929     
   129.00000000000000        29.084475087873013     
   130.00000000000000        29.487538628760664     
   131.00000000000000        29.838386887758020     
   132.00000000000000        30.138052691383432     
   133.00000000000000        30.387700950486455     
   134.00000000000000        30.588611559466802     
   135.00000000000000        30.742163575003708     
   136.00000000000000        30.849820598588195     
   137.00000000000000        30.913117291014284     
   138.00000000000000        30.933646950678771     
   139.00000000000000        30.913050091052828     
   140.00000000000000        30.853003956053314     
   141.00000000000000        30.755212915233908     
   142.00000000000000        30.621399683778638     
   143.00000000000000        30.453297315183651     
   144.00000000000000        30.252641917283125     
   145.00000000000000        30.021166044930784     
   146.00000000000000        29.760592725145067     
   147.00000000000000        29.472630072945083     
   148.00000000000000        29.158966458368564     
   149.00000000000000        28.821266187346112     
   150.00000000000000        28.461165661171687     
   151.00000000000000        28.080269981275180     
   152.00000000000000        27.680149967875209     
   153.00000000000000        27.262339562871016     
   154.00000000000000        26.828333589024194     
   155.00000000000000        26.379585839087930     
   156.00000000000000        25.917507470071460     
   157.00000000000000        25.443465679280507     
   158.00000000000000        24.958782640148140     
   159.00000000000000        24.464734677187103     
   160.00000000000000        23.962551660630062     
   161.00000000000000        23.453416602509492     
   162.00000000000000        22.938465437039845     
   163.00000000000000        22.418786969235342     
   164.00000000000000        21.895422976690110     
   165.00000000000000        21.369368450409347     
   166.00000000000000        20.841571961477474     
   167.00000000000000        20.312936141205995     
   168.00000000000000        19.784318263211105     
   169.00000000000000        19.256530916635604     
   170.00000000000000        18.730342760458118     
   171.00000000000000        18.206479349509809     
   172.00000000000000        17.685624023472275     
   173.00000000000000        17.168418850735993     
   174.00000000000000        16.655465619580319     
   175.00000000000000        16.147326869675425     
   176.00000000000000        15.644526957425795     
   177.00000000000000        15.147553149153270     
   178.00000000000000        14.656856736579815     
   179.00000000000000        14.172854169495334     
   180.00000000000000        13.695928200903479     
   181.00000000000000        13.226429040318184     
   182.00000000000000        12.764675511241139     
   183.00000000000000        12.310956209189087     
   184.00000000000000        11.865530656951282     
   185.00000000000000        11.428630454060611     
   186.00000000000000        11.000460417732729     
   187.00000000000000        10.581199712794509     
   188.00000000000000        10.171002968361808     
   189.00000000000000        9.7700013792600444     
   190.00000000000000        9.3783037903894222     
   191.00000000000000        8.9959977624397709     
   192.00000000000000        8.6231506175452921     
   193.00000000000000        8.2598104636400009     
   194.00000000000000        7.9060071964418581     
   195.00000000000000        7.5617534781372493     
   196.00000000000000        7.2270456919818766     
   197.00000000000000        6.9018648721626192     
   198.00000000000000        6.5861776083827461     
   199.00000000000000        6.2799369247460959     
   200.00000000000000        5.9830831326182645     
   201.00000000000000        5.6955446572367370     
   202.00000000000000        5.4172388379290126     
   203.00000000000000        5.1480727018781272     
   204.00000000000000        4.8879437114491182     
   205.00000000000000        4.6367404851551868     
   206.00000000000000        4.3943434924058531     
   207.00000000000000        4.1606257222328971     
   208.00000000000000        3.9354533262429956     
   209.00000000000000        3.7186862360886508     
   210.00000000000000        3.5101787557933810     
   211.00000000000000        3.3097801293008411     
   212.00000000000000        3.1173350836533604     
   213.00000000000000        2.9326843482324469     
   214.00000000000000        2.7556651505202359     
   215.00000000000000        2.5861116888638431     
   216.00000000000000        2.4238555827426489     
   217.00000000000000        2.2687263010569167     
   218.00000000000000        2.1205515689680179     
   219.00000000000000        1.9791577538341130     
   220.00000000000000        1.8443702307930965     
   221.00000000000000        1.7160137285518813     
   222.00000000000000        1.5939126559472032     
   223.00000000000000        1.4778914098457128     
   224.00000000000000        1.3677746649531091     
   225.00000000000000        1.2633876461028550     
   226.00000000000000        1.1645563835932584     
   227.00000000000000        1.0711079521400044     
   228.00000000000000       0.98287069400692562     
   229.00000000000000       0.89967442687425692     
   230.00000000000000       0.82135063699688882     
   231.00000000000000       0.74773265819977730     
   232.00000000000000       0.67865583724999856     
   233.00000000000000       0.61395768613667856     
   234.00000000000000       0.55347802178253258     
   235.00000000000000       0.49705909370062956     
   236.00000000000000       0.44454570010089728     
   237.00000000000000       0.39578529294112086     
   238.00000000000000       0.35062807240619087     
   239.00000000000000       0.30892707128925306     
   240.00000000000000       0.27053822973720348     
   241.00000000000000       0.23532046081167846     
   242.00000000000000       0.20313570730559621     
   243.00000000000000       0.17384899024368186     
   244.00000000000000       0.14732844948365290     
   245.00000000000000       0.12344537682341714     
   246.00000000000000       0.10207424200763290     
   247.00000000000000        8.3092712015283815E-002
   248.00000000000000        6.6381663998550888E-002
   249.00000000000000        5.1825192231159153E-002
   250.00000000000000        3.9310609413087963E-002
   251.00000000000000        2.8728442666996763E-002
   252.00000000000000        1.9972424550277375E-002
   253.00000000000000        1.2939479395370641E-002
   254.00000000000000        7.5297052798946286E-003
   255.00000000000000        3.6463519171913809E-003
   256.00000000000000        1.1957947469642678E-003
   257.00000000000000        8.7505495182356419E-005
   258.00000000000000        2.3401946188717399E-004
   259.00000000000000        1.5508997853106584E-003
   260.00000000000000        3.9566989206668689E-003
   261.00000000000000        7.3729175621218080E-003
   262.00000000000000        1.1723961226813084E-002
   263.00000000000000        1.6937094710380254E-002
   264.00000000000000        2.2942394614293971E-002
   265.00000000000000        2.9672700136240033E-002
   266.00000000000000        3.7063562306198741E-002
   267.00000000000000        4.5053191842192038E-002
   268.00000000000000        5.3582405791541457E-002
   269.00000000000000        6.2594573115305391E-002
   270.00000000000000        7.2035559365868779E-002
   271.00000000000000        8.1853670599961889E-002
   272.00000000000000        9.1999596662071137E-002
   273.00000000000000       0.10242635396611860     
   274.00000000000000       0.11308922789631387     
   275.00000000000000       0.12394571494138039     
   276.00000000000000       0.13495546467005723     
   277.00000000000000       0.14608022164937406     
   278.00000000000000       0.15728376740116190     
   279.00000000000000       0.16853186248663585     
   280.00000000000000       0.17979218880313397     
   281.00000000000000       0.19103429217163953     
   282.00000000000000       0.20222952528881941     
   283.00000000000000       0.21335099111188227     
   284.00000000000000       0.22437348674020918     
   285.00000000000000       0.23527344785270915     
   286.00000000000000       0.24602889375574385     
   287.00000000000000       0.25661937309203858     
   288.00000000000000       0.26702591025690731     
   289.00000000000000       0.27723095256443259     
   290.00000000000000       0.28721831820240629     
   291.00000000000000       0.29697314501101241     
   292.00000000000000       0.30648184011750873     
   293.00000000000000       0.31573203045513371     
   294.00000000000000       0.32471251419200647     
   295.00000000000000       0.33341321309240057     
   296.00000000000000       0.34182512583044117     
   297.00000000000000       0.34994028227298701     
   298.00000000000000       0.35775169874662116     
   299.00000000000000       0.36525333430078899     
   300.00000000000000       0.37244004797698660     
   301.00000000000000       0.37930755709192376     
   302.00000000000000       0.38585239654025305     
   303.00000000000000       0.39207187912089669     
   304.00000000000000       0.39796405688875930     
   305.00000000000000       0.40352768353240720     
   306.00000000000000       0.40876217777633816     
   307.00000000000000       0.41366758780498675     
   308.00000000000000       0.41824455670453731     
   309.00000000000000       0.42249428891675178     
   310.00000000000000       0.42641851769844347     
   311.00000000000000       0.43001947357839959     
   312.00000000000000       0.43329985380313024     
   313.00000000000000       0.43626279276132418     
   314.00000000000000       0.43891183337638395     
   315.00000000000000       0.44125089945524054     
   316.00000000000000       0.44328426898104800     
   317.00000000000000       0.44501654833680065     
   318.00000000000000       0.44645264744582674     
   319.00000000000000       0.44759775581501154     
   320.00000000000000       0.44845731946581052     
   321.00000000000000       0.44903701873758095     
   322.00000000000000       0.44934274694769366     
   323.00000000000000       0.44938058989198493     
   324.00000000000000       0.44915680616927001     
   325.00000000000000       0.44867780831308990     
   326.00000000000000       0.44795014471360378     
   327.00000000000000       0.44698048231263837     
   328.00000000000000       0.44577559005421363     
   329.00000000000000       0.44434232307335592     
   330.00000000000000       0.44268760760537307     
   331.00000000000000       0.44081842659808818     
   332.00000000000000       0.43874180600922869     
   333.00000000000000       0.43646480177143726     
   334.00000000000000       0.43399448740704855     
   335.00000000000000       0.43133794227516220     
   336.00000000000000       0.42850224043342311     
   337.00000000000000       0.42549444009700227     
   338.00000000000000       0.42232157367752865     
   339.00000000000000       0.41899063838469847     
   340.00000000000000       0.41550858737352375     
   341.00000000000000       0.41188232142033049     
   342.00000000000000       0.40811868111081440     
   343.00000000000000       0.40422443952362308     
   344.00000000000000       0.40020629539313052     
   345.00000000000000       0.39607086673539382     
   346.00000000000000       0.39182468492137568     
   347.00000000000000       0.38747418918187548     
   348.00000000000000       0.38302572152867670     
   349.00000000000000       0.37848552207705394     
   350.00000000000000       0.37385972475450918     
   351.00000000000000       0.36915435338138131     
   352.00000000000000       0.36437531810895890     
   353.00000000000000       0.35952841220107479     
   354.00000000000000       0.35461930914544565     
   355.00000000000000       0.34965356008143084     
   356.00000000000000       0.34463659153087267     
   357.00000000000000       0.33957370341935339     
   358.00000000000000       0.33447006737524082     
   359.00000000000000       0.32933072529417023     
   360.00000000000000       0.32416058815721510     
   361.00000000000000       0.31896443509085248     
   362.00000000000000       0.31374691265752735     
   363.00000000000000       0.30851253436565973     
   364.00000000000000       0.30326568038833568     
   365.00000000000000       0.29801059748023451     
   366.00000000000000       0.29275139908255815     
   367.00000000000000       0.28749206560607787     
   368.00000000000000       0.28223644488273375     
   369.00000000000000       0.27698825277640915     
   370.00000000000000       0.27175107394382891     
   371.00000000000000       0.26652836273688546     
   372.00000000000000       0.26132344423786641     
   373.00000000000000       0.25613951541933283     
   374.00000000000000       0.25097964642077369     
   375.00000000000000       0.24584678193432849     
   376.00000000000000       0.24074374269209683     
   377.00000000000000       0.23567322704800339     
   378.00000000000000       0.23063781264715749     
   379.00000000000000       0.22563995817615265     
   380.00000000000000       0.22068200518786185     
   381.00000000000000       0.21576617999447595     
   382.00000000000000       0.21089459562294890     
   383.00000000000000       0.20606925382706842     
   384.00000000000000       0.20129204715062657     
   385.00000000000000       0.19656476103651360     
   386.00000000000000       0.19188907597656976     
   387.00000000000000       0.18726656969742825     
   388.00000000000000       0.18269871937766580     
   389.00000000000000       0.17818690389179073     
   390.00000000000000       0.17373240607692958     
   391.00000000000000       0.16933641501798222     
   392.00000000000000       0.16500002834755340     
   393.00000000000000       0.16072425455684844     
   394.00000000000000       0.15651001531405104     
   395.00000000000000       0.15235814778686843     
   396.00000000000000       0.14826940696602633     
   397.00000000000000       0.14424446798672350     
   398.00000000000000       0.14028392844518084     
   399.00000000000000       0.13638831070757160     
   400.00000000000000       0.13255806420878891     
   401.00000000000000       0.12879356773862050     
   402.00000000000000       0.12509513171306944     
   403.00000000000000       0.12146300042867680     
   404.00000000000000       0.11789735429781698     
   405.00000000000000       0.11439831206311905     
   406.00000000000000       0.11096593298920368     
   407.00000000000000       0.10760021903013582     
   408.00000000000000       0.10430111697102504     
   409.00000000000000       0.10106852054236341     
   410.00000000000000        9.7902272505809448E-002
   411.00000000000000        9.4802166710151320E-002
   412.00000000000000        9.1767950116371136E-002
   413.00000000000000        8.8799324790788003E-002
   414.00000000000000        8.5895949865319676E-002
   415.00000000000000        8.3057443464044325E-002
   416.00000000000000        8.0283384595290927E-002
   417.00000000000000        7.7573315008578614E-002
   418.00000000000000        7.4926741015799048E-002
   419.00000000000000        7.2343135276113468E-002
   420.00000000000000        6.9821938544114545E-002
   421.00000000000000        6.7362561380832880E-002
   422.00000000000000        6.4964385827304377E-002
   423.00000000000000        6.2626767040392675E-002
   424.00000000000000        6.0349034890679124E-002
   425.00000000000000        5.8130495522281590E-002
   426.00000000000000        5.5970432874465126E-002
   427.00000000000000        5.3868110165052330E-002
   428.00000000000000        5.1822771335592509E-002
   429.00000000000000        4.9833642458356593E-002
   430.00000000000000        4.7899933105239989E-002
   431.00000000000000        4.6020837678730837E-002
   432.00000000000000        4.4195536705069711E-002
   433.00000000000000        4.2423198089860475E-002
   434.00000000000000        4.0702978336334995E-002
   435.00000000000000        3.9034023726565517E-002
   436.00000000000000        3.7415471465935650E-002
   437.00000000000000        3.5846450791185362E-002
   438.00000000000000        3.4326084042414981E-002
   439.00000000000000        3.2853487699410523E-002
   440.00000000000000        3.1427773382727731E-002
   441.00000000000000        3.0048048819935638E-002
   442.00000000000000        2.8713418777504798E-002
   443.00000000000000        2.7422985958775598E-002
   444.00000000000000        2.6175851868528291E-002
   445.00000000000000        2.4971117644632477E-002
   446.00000000000000        2.3807884857301783E-002
   447.00000000000000        2.2685256276491046E-002
   448.00000000000000        2.1602336607967301E-002
   449.00000000000000        2.0558233198611962E-002
   450.00000000000000        1.9552056711519765E-002
   451.00000000000000        1.8582921771455221E-002
   452.00000000000000        1.7649947581252459E-002
   453.00000000000000        1.6752258509738122E-002
   454.00000000000000        1.5888984651767711E-002
   455.00000000000000        1.5059262360963213E-002
   456.00000000000000        1.4262234755753510E-002
   457.00000000000000        1.3497052199315658E-002
   458.00000000000000        1.2762872754011667E-002
   459.00000000000000        1.2058862610928447E-002
   460.00000000000000        1.1384196495118459E-002
   461.00000000000000        1.0738058047141695E-002
   462.00000000000000        1.0119640181509097E-002
   463.00000000000000        9.5281454226279240E-003
   464.00000000000000        8.9627862188352801E-003
   465.00000000000000        8.4227852351257248E-003
   466.00000000000000        7.9073756251459501E-003
   467.00000000000000        7.4158012830555873E-003
   468.00000000000000        6.9473170758257881E-003
   469.00000000000000        6.5011890565502984E-003
   470.00000000000000        6.0766946593464703E-003
   471.00000000000000        5.6731228764020604E-003
   472.00000000000000        5.2897744177324282E-003
   473.00000000000000        4.9259618541944222E-003
   474.00000000000000        4.5810097443086699E-003
   475.00000000000000        4.2542547454205507E-003
   476.00000000000000        3.9450457097381861E-003
   477.00000000000000        3.6527437657661501E-003
   478.00000000000000        3.3767223856516976E-003
   479.00000000000000        3.1163674389521694E-003
   480.00000000000000        2.8710772333223849E-003
   481.00000000000000        2.6402625426129919E-003
   482.00000000000000        2.4233466228639291E-003
   483.00000000000000        2.2197652166664893E-003
   484.00000000000000        2.0289665463595770E-003
   485.00000000000000        1.8504112965181123E-003
   486.00000000000000        1.6835725861800842E-003
   487.00000000000000        1.5279359312530111E-003
   488.00000000000000        1.3829991975295344E-003
   489.00000000000000        1.2482725447322039E-003
   490.00000000000000        1.1232783620005848E-003
   491.00000000000000        1.0075511952245377E-003
   492.00000000000000        9.0063766661479215E-004
   493.00000000000000        8.0209638689887586E-004
   494.00000000000000        7.1149786051577849E-004
   495.00000000000000        6.2842438417680022E-004
   496.00000000000000        5.5246993915072722E-004
   497.00000000000000        4.8324007762094745E-004
   498.00000000000000        4.2035180345491942E-004
   499.00000000000000        3.6343344771608857E-004
   500.00000000000000        3.1212453924125462E-004
   501.00000000000000        2.6607567059515769E-004
   502.00000000000000        2.2494835970740000E-004
   503.00000000000000        1.8841490748818085E-004
   504.00000000000000        1.5615825170829959E-004
   505.00000000000000        1.2787181742416058E-004
   506.00000000000000        1.0325936421702421E-004
   507.00000000000000        8.2034830508957227E-005
   508.00000000000000        6.3922175209768856E-005
   509.00000000000000        4.8655216940546034E-005
   510.00000000000000        3.5977471071978894E-005
   511.00000000000000        2.5641984807670438E-005
   512.00000000000000        1.7411170534865021E-005
   513.00000000000000        1.1056637657487766E-005
   514.00000000000000        6.3590231188957541E-006
   515.00000000000000        3.1078208144136994E-006
   516.00000000000000        1.1012100864332992E-006
   517.00000000000000        1.4588348787518584E-007
   518.00000000000000        5.6873992697796602E-008
   519.00000000000000        6.5738182540958022E-007
   520.00000000000000        1.7786010747646900E-006
   521.00000000000000        3.2595462502730323E-006
   522.00000000000000        4.9468789336838602E-006
   523.00000000000000        6.6947346713107575E-006
   524.00000000000000        8.3645502468657105E-006
   525.00000000000000        9.8248914684346564E-006
   526.00000000000000        1.0951281597264465E-005
   527.00000000000000        1.1626030540345885E-005
   528.00000000000000        1.1738064923012004E-005
   529.00000000000000        1.1182759152327797E-005
   530.00000000000000        9.8617675766290976E-006
   531.00000000000000        7.6828578413547209E-006
   532.00000000000000        4.5597455360825541E-006
   533.00000000000000        4.1193022286982371E-007
   534.00000000000000        0.0000000000000000     
   535.00000000000000        0.0000000000000000     
   536.00000000000000        0.0000000000000000     
   537.00000000000000        0.0000000000000000     
   538.00000000000000        0.0000000000000000     
   539.00000000000000        0.0000000000000000     
   540.00000000000000        0.0000000000000000     
   541.00000000000000        0.0000000000000000     
   542.00000000000000        0.0000000000000000     
   543.00000000000000        0.0000000000000000     
   544.00000000000000        0.0000000000000000     
   545.00000000000000        0.0000000000000000     
   546.00000000000000        0.0000000000000000     
   547.00000000000000        0.0000000000000000     
   548.00000000000000        0.0000000000000000     
   549.00000000000000        0.0000000000000000     
   550.00000000000000        0.0000000000000000     
   551.00000000000000        0.0000000000000000     
   552.00000000000000        0.0000000000000000     
   553.00000000000000        0.0000000000000000     
   554.00000000000000        0.0000000000000000     
   555.00000000000000        0.0000000000000000     
   556.00000000000000        0.0000000000000000     
   557.00000000000000        0.0000000000000000     
   558.00000000000000        0.0000000000000000     
   559.00000000000000        0.0000000000000000     
   560.00000000000000        0.0000000000000000     
   561.00000000000000        0.0000000000000000     
   562.00000000000000        0.0000000000000000     
   563.00000000000000        0.0000000000000000     
   564.00000000000000        0.0000000000000000     
   565.00000000000000        0.0000000000000000     
   566.00000000000000        0.0000000000000000     
   567.00000000000000        0.0000000000000000     
   568.00000000000000        0.0000000000000000     
   569.00000000000000        0.0000000000000000     
   570.00000000000000        0.0000000000000000     
   571.00000000000000        0.0000000000000000     
   572.00000000000000        0.0000000000000000     
   573.00000000000000        0.0000000000000000     
   574.00000000000000        0.0000000000000000     
   575.00000000000000        0.0000000000000000     
   576.00000000000000        0.0000000000000000     
   577.00000000000000        0.0000000000000000     
   578.00000000000000        0.0000000000000000     
   579.00000000000000        0.0000000000000000     
   580.00000000000000        0.0000000000000000     
   581.00000000000000        0.0000000000000000     
   582.00000000000000        0.0000000000000000     
   583.00000000000000        0.0000000000000000     
   584.00000000000000        0.0000000000000000     
   585.00000000000000        0.0000000000000000     
   586.00000000000000        0.0000000000000000     
   587.00000000000000        0.0000000000000000     
   588.00000000000000        0.0000000000000000     
   589.00000000000000        0.0000000000000000     
   590.00000000000000        0.0000000000000000     
   591.00000000000000        0.0000000000000000     
   592.00000000000000        0.0000000000000000     
   593.00000000000000        0.0000000000000000     
   594.00000000000000        0.0000000000000000     
   595.00000000000000        0.0000000000000000     
   596.00000000000000        0.0000000000000000     
   597.00000000000000        0.0000000000000000     
   598.00000000000000        0.0000000000000000     
   599.00000000000000        0.0000000000000000     
   600.00000000000000        0.0000000000000000     
   601.00000000000000        0.0000000000000000     
   602.00000000000000        0.0000000000000000     
   603.00000000000000        0.0000000000000000     
   604.00000000000000        0.0000000000000000     
   605.00000000000000        0.0000000000000000     
   606.00000000000000        0.0000000000000000     
   607.00000000000000        0.0000000000000000     
   608.00000000000000        0.0000000000000000     
   609.00000000000000        0.0000000000000000     
   610.00000000000000        0.0000000000000000     
   611.00000000000000        0.0000000000000000     
   612.00000000000000        0.0000000000000000     
   613.00000000000000        0.0000000000000000     
   614.00000000000000        0.0000000000000000     
   615.00000000000000        0.0000000000000000     
   616.00000000000000        0.0000000000000000     
   617.00000000000000        0.0000000000000000     
   618.00000000000000        0.0000000000000000     
   619.00000000000000        0.0000000000000000     
   620.00000000000000        0.0000000000000000     
   621.00000000000000        0.0000000000000000     
   622.00000000000000        0.0000000000000000     
   623.00000000000000        0.0000000000000000     
   624.00000000000000        0.0000000000000000     
   625.00000000000000        0.0000000000000000     
   626.00000000000000        0.0000000000000000     
   627.00000000000000        0.0000000000000000     
   628.00000000000000        0.0000000000000000     
   629.00000000000000        0.0000000000000000     
   630.00000000000000        0.0000000000000000     
   631.00000000000000        0.0000000000000000     
   632.00000000000000        0.0000000000000000     
   633.00000000000000        0.0000000000000000     
   634.00000000000000        0.0000000000000000     
   635.00000000000000        0.0000000000000000     
   636.00000000000000        0.0000000000000000     
   637.00000000000000        0.0000000000000000     
   638.00000000000000        0.0000000000000000     
   639.00000000000000        0.0000000000000000     
   640.00000000000000        0.0000000000000000     
   641.00000000000000        0.0000000000000000     
   642.00000000000000        0.0000000000000000     
   643.00000000000000        0.0000000000000000     
   644.00000000000000        0.0000000000000000     
   645.00000000000000        0.0000000000000000     
   646.00000000000000        0.0000000000000000     
   647.00000000000000        0.0000000000000000     
   648.00000000000000        0.0000000000000000     
   649.00000000000000        0.0000000000000000     
   650.00000000000000        0.0000000000000000     
   651.00000000000000        0.0000000000000000     
   652.00000000000000        0.0000000000000000     
   653.00000000000000        0.0000000000000000     
   654.00000000000000        0.0000000000000000     
   655.00000000000000        0.0000000000000000     
   656.00000000000000        0.0000000000000000     
   657.00000000000000        0.0000000000000000     
   658.00000000000000        0.0000000000000000     
   659.00000000000000        0.0000000000000000     
   660.00000000000000        0.0000000000000000     
   661.00000000000000        0.0000000000000000     
   662.00000000000000        0.0000000000000000     
   663.00000000000000        0.0000000000000000     
   664.00000000000000        0.0000000000000000     
   665.00000000000000        0.0000000000000000     
   666.00000000000000        0.0000000000000000     
   667.00000000000000        0.0000000000000000     
   668.00000000000000        0.0000000000000000     
   669.00000000000000        0.0000000000000000     
   670.00000000000000        0.0000000000000000     
   671.00000000000000        0.0000000000000000     
   672.00000000000000        0.0000000000000000     
   673.00000000000000        0.0000000000000000     
   674.00000000000000        0.0000000000000000     
   675.00000000000000        0.0000000000000000     
   676.00000000000000        0.0000000000000000     
   677.00000000000000        0.0000000000000000     
   678.00000000000000        0.0000000000000000     
   679.00000000000000        0.0000000000000000     
   680.00000000000000        0.0000000000000000     
   681.00000000000000        0.0000000000000000     
   682.00000000000000        0.0000000000000000     
   683.00000000000000        0.0000000000000000     
   684.00000000000000        0.0000000000000000     
   685.00000000000000        0.0000000000000000     
   686.00000000000000        0.0000000000000000     
   687.00000000000000        0.0000000000000000     
   688.00000000000000        0.0000000000000000     
   689.00000000000000        0.0000000000000000     
   690.00000000000000        0.0000000000000000     
   691.00000000000000        0.0000000000000000     
   692.00000000000000        0.0000000000000000     
   693.00000000000000        0.0000000000000000     
   694.00000000000000        0.0000000000000000     
   695.00000000000000        0.0000000000000000     
   696.00000000000000        0.0000000000000000     
   697.00000000000000        0.0000000000000000     
   698.00000000000000        0.0000000000000000     
   699.00000000000000        0.0000000000000000     
   700.00000000000000        0.0000000000000000     
   701.00000000000000        0.0000000000000000     
   702.00000000000000        0.0000000000000000     
   703.00000000000000        0.0000000000000000     
   704.00000000000000        0.0000000000000000     
   705.00000000000000        0.0000000000000000     
   706.00000000000000        0.0000000000000000     
   707.00000000000000        0.0000000000000000     
   708.00000000000000        0.0000000000000000     
   709.00000000000000        0.0000000000000000     
   710.00000000000000        0.0000000000000000     
   711.00000000000000        0.0000000000000000     
   712.00000000000000        0.0000000000000000     
   713.00000000000000        0.0000000000000000     
   714.00000000000000        0.0000000000000000     
   715.00000000000000        0.0000000000000000     
   716.00000000000000        0.0000000000000000     
   717.00000000000000        0.0000000000000000     
   718.00000000000000        0.0000000000000000     
   719.00000000000000        0.0000000000000000     
   720.00000000000000        0.0000000000000000     
   721.00000000000000        0.0000000000000000     
   722.00000000000000        0.0000000000000000     
   723.00000000000000        0.0000000000000000     
   724.00000000000000        0.0000000000000000     
   725.00000000000000        0.0000000000000000     
   726.00000000000000        0.0000000000000000     
   727.00000000000000        0.0000000000000000     
   728.00000000000000        0.0000000000000000     
   729.00000000000000        0.0000000000000000     
   730.00000000000000        0.0000000000000000     
   731.00000000000000        0.0000000000000000     
   732.00000000000000        0.0000000000000000     
   733.00000000000000        0.0000000000000000     
   734.00000000000000        0.0000000000000000     
   735.00000000000000        0.0000000000000000     
   736.00000000000000        0.0000000000000000     
   737.00000000000000        0.0000000000000000     
   738.00000000000000        0.0000000000000000     
   739.00000000000000        0.0000000000000000     
   740.00000000000000        0.0000000000000000     
   741.00000000000000        0.0000000000000000     
   742.00000000000000        0.0000000000000000     
   743.00000000000000        0.0000000000000000     
   744.00000000000000        0.0000000000000000     
   745.00000000000000        0.0000000000000000     
   746.00000000000000        0.0000000000000000     
   747.00000000000000        0.0000000000000000     
   748.00000000000000        0.0000000000000000     
   749.00000000000000        0.0000000000000000     
   750.00000000000000        0.0000000000000000     
   751.00000000000000        0.0000000000000000     
   752.00000000000000        0.0000000000000000     
   753.00000000000000        0.0000000000000000     
   754.00000000000000        0.0000000000000000     
   755.00000000000000        0.0000000000000000     
   756.00000000000000        0.0000000000000000     
   757.00000000000000        0.0000000000000000     
   758.00000000000000        0.0000000000000000     
   759.00000000000000        0.0000000000000000     
   760.00000000000000        0.0000000000000000     
   761.00000000000000        0.0000000000000000     
   762.00000000000000        0.0000000000000000     
   763.00000000000000        0.0000000000000000     
   764.00000000000000        0.0000000000000000     
   765.00000000000000        0.0000000000000000     
   766.00000000000000        0.0000000000000000     
   767.00000000000000        0.0000000000000000     
   768.00000000000000        0.0000000000000000     
   769.00000000000000        0.0000000000000000     
   770.00000000000000        0.0000000000000000     
   771.00000000000000        0.0000000000000000     
   772.00000000000000        0.0000000000000000     
   773.00000000000000        0.0000000000000000     
   774.00000000000000        0.0000000000000000     
   775.00000000000000        0.0000000000000000     
   776.00000000000000        0.0000000000000000     
   777.00000000000000        0.0000000000000000     
   778.00000000000000        0.0000000000000000     
   779.00000000000000        0.0000000000000000     
   780.00000000000000        0.0000000000000000     
   781.00000000000000        0.0000000000000000     
   782.00000000000000        0.0000000000000000     
   783.00000000000000        0.0000000000000000     
   784.00000000000000        0.0000000000000000     
   785.00000000000000        0.0000000000000000     
   786.00000000000000        0.0000000000000000     
   787.00000000000000        0.0000000000000000     
   788.00000000000000        0.0000000000000000     
   789.00000000000000        0.0000000000000000     
   790.00000000000000        0.0000000000000000     
   791.00000000000000        0.0000000000000000     
   792.00000000000000        0.0000000000000000     
   793.00000000000000        0.0000000000000000     
   794.00000000000000        0.0000000000000000     
   795.00000000000000        0.0000000000000000     
   796.00000000000000        0.0000000000000000     
   797.00000000000000        0.0000000000000000     
   798.00000000000000        0.0000000000000000     
   799.00000000000000        0.0000000000000000     
   800.00000000000000        0.0000000000000000     
   801.00000000000000        0.0000000000000000     
   802.00000000000000        0.0000000000000000     
   803.00000000000000        0.0000000000000000     
   804.00000000000000        0.0000000000000000     
   805.00000000000000        0.0000000000000000     
   806.00000000000000        0.0000000000000000     
   807.00000000000000        0.0000000000000000     
   808.00000000000000        0.0000000000000000     
   809.00000000000000        0.0000000000000000     
   810.00000000000000        0.0000000000000000     
   811.00000000000000        0.0000000000000000     
   812.00000000000000        0.0000000000000000     
   813.00000000000000        0.0000000000000000     
   814.00000000000000        0.0000000000000000     
   815.00000000000000        0.0000000000000000     
   816.00000000000000        0.0000000000000000     
   817.00000000000000        0.0000000000000000     
   818.00000000000000        0.0000000000000000     
   819.00000000000000        0.0000000000000000     
   820.00000000000000        0.0000000000000000     
   821.00000000000000        0.0000000000000000     
   822.00000000000000        0.0000000000000000     
   823.00000000000000        0.0000000000000000     
   824.00000000000000        0.0000000000000000     
   825.00000000000000        0.0000000000000000     
   826.00000000000000        0.0000000000000000     
   827.00000000000000        0.0000000000000000     
   828.00000000000000        0.0000000000000000     
   829.00000000000000        0.0000000000000000     
   830.00000000000000        0.0000000000000000     
   831.00000000000000        0.0000000000000000     
   832.00000000000000        0.0000000000000000     
   833.00000000000000        0.0000000000000000     
   834.00000000000000        0.0000000000000000     
   835.00000000000000        0.0000000000000000     
   836.00000000000000        0.0000000000000000     
   837.00000000000000        0.0000000000000000     
   838.00000000000000        0.0000000000000000     
   839.00000000000000        0.0000000000000000     
   840.00000000000000        0.0000000000000000     
   841.00000000000000        0.0000000000000000     
   842.00000000000000        0.0000000000000000     
   843.00000000000000        0.0000000000000000     
   844.00000000000000        0.0000000000000000     
   845.00000000000000        0.0000000000000000     
   846.00000000000000        0.0000000000000000     
   847.00000000000000        0.0000000000000000     
   848.00000000000000        0.0000000000000000     
   849.00000000000000        0.0000000000000000     
   850.00000000000000        0.0000000000000000     
   851.00000000000000        0.0000000000000000     
   852.00000000000000        0.0000000000000000     
   853.00000000000000        0.0000000000000000     
   854.00000000000000        0.0000000000000000     
   855.00000000000000        0.0000000000000000     
   856.00000000000000        0.0000000000000000     
   857.00000000000000        0.0000000000000000     
   858.00000000000000        0.0000000000000000     
   859.00000000000000        0.0000000000000000     
   860.00000000000000        0.0000000000000000     
   861.00000000000000        0.0000000000000000     
   862.00000000000000        0.0000000000000000     
   863.00000000000000        0.0000000000000000     
   864.00000000000000        0.0000000000000000     
   865.00000000000000        0.0000000000000000     
   866.00000000000000        0.0000000000000000     
   867.00000000000000        0.0000000000000000     
   868.00000000000000        0.0000000000000000     
   869.00000000000000        0.0000000000000000     
   870.00000000000000        0.0000000000000000     
   871.00000000000000        0.0000000000000000     
   872.00000000000000        0.0000000000000000     
   873.00000000000000        0.0000000000000000     
   874.00000000000000        0.0000000000000000     
   875.00000000000000        0.0000000000000000     
   876.00000000000000        0.0000000000000000     
   877.00000000000000        0.0000000000000000     
   878.00000000000000        0.0000000000000000     
   879.00000000000000        0.0000000000000000     
   880.00000000000000        0.0000000000000000     
   881.00000000000000        0.0000000000000000     
   882.00000000000000        0.0000000000000000     
   883.00000000000000        0.0000000000000000     
   884.00000000000000        0.0000000000000000     
   885.00000000000000        0.0000000000000000     
   886.00000000000000        0.0000000000000000     
   887.00000000000000        0.0000000000000000     
   888.00000000000000        0.0000000000000000     
   889.00000000000000        0.0000000000000000     
   890.00000000000000        0.0000000000000000     
   891.00000000000000        0.0000000000000000     
   892.00000000000000        0.0000000000000000     
   893.00000000000000        0.0000000000000000     
   894.00000000000000        0.0000000000000000     
   895.00000000000000        0.0000000000000000     
   896.00000000000000        0.0000000000000000     
   897.00000000000000        0.0000000000000000     
   898.00000000000000        0.0000000000000000     
   899.00000000000000        0.0000000000000000     
   900.00000000000000        0.0000000000000000     
   901.00000000000000        0.0000000000000000     
   902.00000000000000        0.0000000000000000     
   903.00000000000000        0.0000000000000000     
   904.00000000000000        0.0000000000000000     
   905.00000000000000        0.0000000000000000     
   906.00000000000000        0.0000000000000000     
   907.00000000000000        0.0000000000000000     
   908.00000000000000        0.0000000000000000     
   909.00000000000000        0.0000000000000000     
   910.00000000000000        0.0000000000000000     
   911.00000000000000        0.0000000000000000     
   912.00000000000000        0.0000000000000000     
   913.00000000000000        0.0000000000000000     
   914.00000000000000        0.0000000000000000     
   915.00000000000000        0.0000000000000000     
   916.00000000000000        0.0000000000000000     
   917.00000000000000        0.0000000000000000     
   918.00000000000000        0.0000000000000000     
   919.00000000000000        0.0000000000000000     
   920.00000000000000        0.0000000000000000     
   921.00000000000000        0.0000000000000000     
   922.00000000000000        0.0000000000000000     
   923.00000000000000        0.0000000000000000     
   924.00000000000000        0.0000000000000000     
   925.00000000000000        0.0000000000000000     
   926.00000000000000        0.0000000000000000     
   927.00000000000000        0.0000000000000000     
   928.00000000000000        0.0000000000000000     
   929.00000000000000        0.0000000000000000     
   930.00000000000000        0.0000000000000000     
   931.00000000000000        0.0000000000000000     
   932.00000000000000        0.0000000000000000     
   933.00000000000000        0.0000000000000000     
   934.00000000000000        0.0000000000000000     
   935.00000000000000        0.0000000000000000     
   936.00000000000000        0.0000000000000000     
   937.00000000000000        0.0000000000000000     
   938.00000000000000        0.0000000000000000     
   939.00000000000000        0.0000000000000000     
   940.00000000000000        0.0000000000000000     
   941.00000000000000        0.0000000000000000     
   942.00000000000000        0.0000000000000000     
   943.00000000000000        0.0000000000000000     
   944.00000000000000        0.0000000000000000     
   945.00000000000000        0.0000000000000000     
   946.00000000000000        0.0000000000000000     
   947.00000000000000        0.0000000000000000     
   948.00000000000000        0.0000000000000000     
   949.00000000000000        0.0000000000000000     
   950.00000000000000        0.0000000000000000     
   951.00000000000000        0.0000000000000000     
   952.00000000000000        0.0000000000000000     
   953.00000000000000        0.0000000000000000     
   954.00000000000000        0.0000000000000000     
   955.00000000000000        0.0000000000000000     
   956.00000000000000        0.0000000000000000     
   957.00000000000000        0.0000000000000000     
   958.00000000000000        0.0000000000000000     
   959.00000000000000        0.0000000000000000     
   960.00000000000000        0.0000000000000000     
   961.00000000000000        0.0000000000000000     
   962.00000000000000        0.0000000000000000     
   963.00000000000000        0.0000000000000000     
   964.00000000000000        0.0000000000000000     
   965.00000000000000        0.0000000000000000     
   966.00000000000000        0.0000000000000000     
   967.00000000000000        0.0000000000000000     
   968.00000000000000        0.0000000000000000     
   969.00000000000000        0.0000000000000000     
   970.00000000000000        0.0000000000000000     
   971.00000000000000        0.0000000000000000     
   972.00000000000000        0.0000000000000000     
   973.00000000000000        0.0000000000000000     
   974.00000000000000        0.0000000000000000     
   975.00000000000000        0.0000000000000000     
   976.00000000000000        0.0000000000000000     
   977.00000000000000        0.0000000000000000     
   978.00000000000000        0.0000000000000000     
   979.00000000000000        0.0000000000000000     
   980.00000000000000        0.0000000000000000     
   981.00000000000000        0.0000000000000000     
   982.00000000000000        0.0000000000000000     
   983.00000000000000        0.0000000000000000     
   984.00000000000000        0.0000000000000000     
   985.00000000000000        0.0000000000000000     
   986.00000000000000        0.0000000000000000     
   987.00000000000000        0.0000000000000000     
   988.00000000000000        0.0000000000000000     
   989.00000000000000        0.0000000000000000     
   990.00000000000000        0.0000000000000000     
   991.00000000000000        0.0000000000000000     
   992.00000000000000        0.0000000000000000     
   993.00000000000000        0.0000000000000000     
   994.00000000000000        0.0000000000000000     
   995.00000000000000        0.0000000000000000     
   996.00000000000000        0.0000000000000000     
   997.00000000000000        0.0000000000000000     
   998.00000000000000        0.0000000000000000     
   999.00000000000000        0.0000000000000000     
   1000.0000000000000        0.0000000000000000     
