# Recoil energy (kev)        Event rate (events/gev)
  0.10000000000000001        322699242.07961392     
   1.1000000000000001        302807856.01976818     
   2.1000000000000001        284051052.67653507     
   3.1000000000000001        266369064.03029472     
   4.0999999999999996        249705007.85844675     
   5.0999999999999996        234004762.55469283     
   6.0999999999999996        219216846.57772997     
   7.0999999999999996        205292302.40800816     
   8.0999999999999996        192184584.89045858     
   9.0999999999999996        179849453.84105629     
   10.100000000000000        168244870.79540905     
   11.100000000000000        157330899.77815372     
   12.100000000000000        147069611.97284022     
   13.100000000000000        137424994.17307678     
   14.100000000000000        128362860.89704883     
   15.100000000000000        119850770.04904111     
   16.100000000000001        111857942.01325770     
   17.100000000000001        104355182.06708300     
   18.100000000000001        97314806.002862096     
   19.100000000000001        90710568.849342361     
   20.100000000000001        84517596.586090073     
   21.100000000000001        78712320.746401608     
   22.100000000000001        73272415.806554973     
   23.100000000000001        68176739.261579111     
   24.100000000000001        63405274.290117174     
   25.100000000000001        58939074.913384184     
   26.100000000000001        54760213.555662416     
   27.100000000000001        50851730.916231520     
   28.100000000000001        47197588.065096617     
   29.100000000000001        43782620.677338228     
   30.100000000000001        40592495.323351175     
   31.100000000000001        37613667.734689564     
   32.100000000000001        34833342.967640273     
   33.100000000000001        32239437.389049154     
   34.100000000000001        29820542.411288630     
   35.100000000000001        27565889.905586764     
   36.100000000000001        25465319.225241270     
   37.100000000000001        23509245.772501219     
   38.100000000000001        21688631.045120534     
   39.100000000000001        19994954.100770574     
   40.100000000000001        18420184.379629698     
   41.100000000000001        16956755.827562623     
   42.100000000000001        15597542.264342833     
   43.100000000000001        14335833.943369856     
   44.100000000000001        13165315.251278441     
   45.100000000000001        12080043.497738842     
   46.100000000000001        11074428.747592879     
   47.100000000000001        10143214.649275063     
   48.100000000000001        9281460.2152141705     
   49.100000000000001        8484522.5116156079     
   50.100000000000001        7748040.2166738510     
   51.100000000000001        7067918.0078690909     
   52.100000000000001        6440311.7405552976     
   53.100000000000001        5861614.3815539870     
   54.100000000000001        5328442.6629270157     
   55.100000000000001        4837624.4225132037     
   56.100000000000001        4386186.5991804395     
   57.100000000000001        3971343.8520652629     
   58.100000000000001        3590487.7743487130     
   59.100000000000001        3241176.6733494760     
   60.100000000000001        2921125.8899059580     
   61.100000000000001        2628198.6311668684     
   62.100000000000001        2360397.2920171344     
   63.100000000000001        2115855.2414339348     
   64.099999999999994        1892829.0510957928     
   65.099999999999994        1689691.1445584840     
   66.099999999999994        1504922.8462653551     
   67.099999999999994        1337107.8105770515     
   68.099999999999994        1184925.8118888827     
   69.099999999999994        1047146.8777525531     
   70.099999999999994        922625.74773504341     
   71.099999999999994        810296.64153126045     
   72.099999999999994        709168.32059991220     
   73.099999999999994        618319.42831495800     
   74.099999999999994        536894.09431850410     
   75.099999999999994        464097.78942680318     
   76.099999999999994        399193.41807898582     
   77.099999999999994        341497.63593039435     
   78.099999999999994        290377.38077859714     
   79.099999999999994        245246.60557224180     
   80.099999999999994        205563.20279098654     
   81.099999999999994        170826.11000001372     
   82.099999999999994        140572.58687585537     
   83.099999999999994        114375.65447214211     
   84.099999999999994        91841.687945310565     
   85.099999999999994        72608.154391924865     
   86.099999999999994        56341.487861965536     
   87.099999999999994        42735.094006739811     
   88.099999999999994        31507.477196872602     
   89.099999999999994        22400.483305639405     
   90.099999999999994        15177.651696520461     
   91.099999999999994        9622.6702817887581     
   92.099999999999994        5537.9278319241430     
   93.099999999999994        2743.1580141933428     
   94.099999999999994        1074.1699234724458     
   95.099999999999994        381.66013986770969     
   96.099999999999994        530.10160644461132     
   97.099999999999994        1396.7048669445724     
   98.099999999999994        2870.4474382537342     
   99.099999999999994        4851.1673160765349     
   100.09999999999999        7248.7168252371102     
   101.09999999999999        9982.1732287412287     
   102.09999999999999        12979.102702607392     
   103.09999999999999        16174.874466966741     
   104.09999999999999        19512.022038415696     
   105.09999999999999        22939.648734511829     
   106.09999999999999        26412.874718965875     
   107.09999999999999        29892.323025925452     
   108.09999999999999        33343.642144049089     
   109.09999999999999        36737.062876242111     
   110.09999999999999        40046.987319225955     
   111.09999999999999        43251.607928912024     
   112.09999999999999        46332.554753088880     
   113.09999999999999        49274.569022556403     
   114.09999999999999        52065.201395773824     
   115.09999999999999        54694.533250623121     
   116.09999999999999        57154.919510287335     
   117.09999999999999        59440.751578706600     
   118.09999999999999        61548.239044891860     
   119.09999999999999        63475.208894718904     
   120.09999999999999        65220.921043944909     
   121.09999999999999        66785.899077262802     
   122.09999999999999        68171.775145463296     
   123.09999999999999        69381.148036341663     
   124.09999999999999        70417.453495140799     
   125.09999999999999        71284.845927107905     
   126.09999999999999        71988.090668444434     
   127.09999999999999        72532.466062631094     
   128.09999999999999        72923.674626974243     
   129.09999999999999        73167.762639412351     
   130.09999999999999        73271.047518255509     
   131.09999999999999        73240.052407731346     
   132.09999999999999        73081.447420153781     
   133.09999999999999        72801.997021228366     
   134.09999999999999        72408.513078720134     
   135.09999999999999        71907.813126387075     
   136.09999999999999        71306.683424975548     
   137.09999999999999        70611.846430130929     
   138.09999999999999        69829.932303561916     
   139.09999999999999        68967.454128608952     
   140.09999999999999        68030.786514771680     
   141.09999999999999        67026.147297684380     
   142.09999999999999        65959.582061661960     
   143.09999999999999        64836.951231298059     
   144.09999999999999        63663.919496754927     
   145.09999999999999        62445.947354444041     
   146.09999999999999        61188.284560749125     
   147.09999999999999        59895.965311433305     
   148.09999999999999        58573.804973379411     
   149.09999999999999        57226.398208447034     
   150.09999999999999        55858.118341510162     
   151.09999999999999        54473.117836212601     
   152.09999999999999        53075.329752738384     
   153.09999999999999        51668.470071881689     
   154.09999999999999        50256.040779105948     
   155.09999999999999        48841.333610973947     
   156.09999999999999        47427.434374505901     
   157.09999999999999        46017.227757581990     
   158.09999999999999        44613.402555592911     
   159.09999999999999        43218.457246102676     
   160.09999999999999        41834.705849403188     
   161.09999999999999        40464.284018521648     
   162.09999999999999        39109.155307509471     
   163.09999999999999        37771.117571737246     
   164.09999999999999        36451.809458450662     
   165.09999999999999        35152.716950035159     
   166.09999999999999        33875.179926329780     
   167.09999999999999        32620.398715906023     
   168.09999999999999        31389.440609553647     
   169.09999999999999        30183.246312259318     
   170.09999999999999        29002.636312782910     
   171.09999999999999        27848.317152522450     
   172.09999999999999        26720.887577743291     
   173.09999999999999        25620.844561416088     
   174.09999999999999        24548.589182921653     
   175.09999999999999        23504.432355697361     
   176.09999999999999        22488.600394574980     
   177.09999999999999        21501.240416079410     
   178.09999999999999        20542.425566339993     
   179.09999999999999        19612.160072524155     
   180.09999999999999        18710.384114835972     
   181.09999999999999        17836.978517155938     
   182.09999999999999        16991.769255312342     
   183.09999999999999        16174.531782814731     
   184.09999999999999        15384.995174615891     
   185.09999999999999        14622.846090131445     
   186.09999999999999        13887.732557334326     
   187.09999999999999        13179.267580257387     
   188.09999999999999        12497.032572692302     
   189.09999999999999        11840.580621268686     
   190.09999999999999        11209.439581438884     
   191.09999999999999        10603.115010189233     
   192.09999999999999        10021.092939542024     
   193.09999999999999        9462.8424951231755     
   194.09999999999999        8927.8183642388503     
   195.09999999999999        8415.4631180343258     
   196.09999999999999        7925.2093924208930     
   197.09999999999999        7456.4819325210146     
   198.09999999999999        7008.6995054412209     
   199.09999999999999        6581.2766862016233     
   200.09999999999999        6173.6255216608506     
   201.09999999999999        5785.1570772598725     
   202.09999999999999        5415.2828713806593     
   203.09999999999999        5063.4162020681160     
   204.09999999999999        4728.9733708100975     
   205.09999999999999        4411.3748079974521     
   206.09999999999999        4110.0461046094342     
   207.09999999999999        3824.4189545805261     
   208.09999999999999        3553.9320122097934     
   209.09999999999999        3298.0316688704634     
   210.09999999999999        3056.1727531728475     
   211.09999999999999        2827.8191586181697     
   212.09999999999999        2612.4444026684737     
   213.09999999999999        2409.5321210373718     
   214.09999999999999        2218.5765008871149     
   215.09999999999999        2039.0826564942220     
   216.09999999999999        1870.5669508251190     
   217.09999999999999        1712.5572663370222     
   218.09999999999999        1564.5932281993926     
   219.09999999999999        1426.2263830057013     
   220.09999999999999        1297.0203359259972     
   221.09999999999999        1176.5508491288242     
   222.09999999999999        1064.4059041822070     
   223.09999999999999        960.18573102757523     
   224.09999999999999        863.50280600374595     
   225.09999999999999        773.98182128663154     
   226.09999999999999        691.25962799908245     
   227.09999999999999        614.98515513824225     
   228.09999999999999        544.81930636182744     
   229.09999999999999        480.43483657325203     
   230.09999999999999        421.51621014514029     
   231.09999999999999        367.75944252506497     
   232.09999999999999        318.87192687339621     
   233.09999999999999        274.57224729248844     
   234.09999999999999        234.58998011919340     
   235.09999999999999        198.66548466822604     
   236.09999999999999        166.54968473202243     
   237.09999999999999        138.00384206506158     
   238.09999999999999        112.79932300447091     
   239.09999999999999        90.717359306875849     
   240.09999999999999        71.548804211444093     
   241.09999999999999        55.093884672888201     
   242.09999999999999        41.161950644082928     
   243.09999999999999        29.571222227065686     
   244.09999999999999        20.148535452924051     
   245.09999999999999        12.729087395386417     
   246.09999999999999        7.1561812699459821     
   247.09999999999999        3.2809721198794066     
   248.09999999999999       0.96221364242343244     
   249.09999999999999        6.6006662839445618E-002
   250.09999999999999       0.46554972066320882     
   251.09999999999999        2.0408921914968441     
   252.09999999999999        4.6786903287230643     
   253.09999999999999        8.2719665727909657     
   254.09999999999999        12.719872440946050     
   255.09999999999999        17.927455277522199     
   256.10000000000002        23.805429113927964     
   257.10000000000002        30.269949858526193     
   258.10000000000002        37.242395009032784     
   259.10000000000002        44.649148054671848     
   260.10000000000002        52.421387710938959     
   261.10000000000002        60.494882107692604     
   262.10000000000002        68.809788029794532     
   263.10000000000002        77.310455290310259     
   264.10000000000002        85.945236297729025     
   265.10000000000002        94.666300861628031     
   266.10000000000002        103.42945626575423     
   267.10000000000002        112.19397262235398     
   268.10000000000002        120.92241350867312     
   269.10000000000002        129.58047187353137     
   270.10000000000002        138.13681119092783     
   271.10000000000002        146.56291182678663     
   272.10000000000002        154.83292257551321     
   273.10000000000002        162.92351731432163     
   274.10000000000002        170.81375671526374     
   275.10000000000002        178.48495494779849     
   276.10000000000002        185.92055129825960     
   277.10000000000002        193.10598662684606     
   278.10000000000002        200.02858457757969     
   279.10000000000002        206.67743745213338     
   280.10000000000002        213.04329665460358     
   281.10000000000002        219.11846761066639     
   282.10000000000002        224.89670906176966     
   283.10000000000002        230.37313663242659     
   284.10000000000002        235.54413056670981     
   285.10000000000002        240.40724752845773     
   286.10000000000002        244.96113635814956     
   287.10000000000002        249.20545767886676     
   288.10000000000002        253.14080724300260     
   289.10000000000002        256.76864291090578     
   290.10000000000002        260.09121515296948     
   291.10000000000002        263.11150096662897     
   292.10000000000002        265.83314110036360     
   293.10000000000002        268.26038047740116     
   294.10000000000002        270.39801171275991     
   295.10000000000002        272.25132161823882     
   296.10000000000002        273.82604059130841     
   297.10000000000002        275.12829478514254     
   298.10000000000002        276.16456095846945     
   299.10000000000002        276.94162390576275     
   300.10000000000002        277.46653636968324     
   301.10000000000002        277.74658133984695     
   302.10000000000002        277.78923664359331     
   303.10000000000002        277.60214173659983     
   304.10000000000002        277.19306660310991     
   305.10000000000002        276.56988267760045     
   306.10000000000002        275.74053570200670     
   307.10000000000002        274.71302043441682     
   308.10000000000002        273.49535712783376     
   309.10000000000002        272.09556969924768     
   310.10000000000002        270.52166551196296     
   311.10000000000002        268.78161669594215     
   312.10000000000002        266.88334293341620     
   313.10000000000002        264.83469563916248     
   314.10000000000002        262.64344346685220     
   315.10000000000002        260.31725907542449     
   316.10000000000002        257.86370709126322     
   317.10000000000002        255.29023320434897     
   318.10000000000002        252.60415433849730     
   319.10000000000002        249.81264983809706     
   320.10000000000002        246.92275361559163     
   321.10000000000002        243.94134720620323     
   322.10000000000002        240.87515367825836     
   323.10000000000002        237.73073234951787     
   324.10000000000002        234.51447426171524     
   325.10000000000002        231.23259836762054     
   326.10000000000002        227.89114838655323     
   327.10000000000002        224.49599028619409     
   328.10000000000002        221.05281035032345     
   329.10000000000002        217.56711379375128     
   330.10000000000002        214.04422388744126     
   331.10000000000002        210.48928155845329     
   332.10000000000002        206.90724543085923     
   333.10000000000002        203.30289227543093     
   334.10000000000002        199.68081783726385     
   335.10000000000002        196.04543801208106     
   336.10000000000002        192.40099034323177     
   337.10000000000002        188.75153581295027     
   338.10000000000002        185.10096090251150     
   339.10000000000002        181.45297989741437     
   340.10000000000002        177.81113741484222     
   341.10000000000002        174.17881113184873     
   342.10000000000002        170.55921469391529     
   343.10000000000002        166.95540078454144     
   344.10000000000002        163.37026433772959     
   345.10000000000002        159.80654587606841     
   346.10000000000002        156.26683495830932     
   347.10000000000002        152.75357372110625     
   348.10000000000002        149.26906050061598     
   349.10000000000002        145.81545352044802     
   350.10000000000002        142.39477463336189     
   351.10000000000002        139.00891310487108     
   352.10000000000002        135.65962942766905     
   353.10000000000002        132.34855915658895     
   354.10000000000002        129.07721675444469     
   355.10000000000002        125.84699943982110     
   356.10000000000002        122.65919102850627     
   357.10000000000002        119.51496576085404     
   358.10000000000002        116.41539210800302     
   359.10000000000002        113.36143655034130     
   360.10000000000002        110.35396732226914     
   361.10000000000002        107.39375811767263     
   362.10000000000002        104.48149175107669     
   363.10000000000002        101.61776376993419     
   364.10000000000002        98.803086013834161     
   365.10000000000002        96.037890116922597     
   366.10000000000002        93.322530950119969     
   367.10000000000002        90.657290000213806     
   368.10000000000002        88.042378683072030     
   369.10000000000002        85.477941588745082     
   370.10000000000002        82.964059656344503     
   371.10000000000002        80.500753277035002     
   372.10000000000002        78.087985323620586     
   373.10000000000002        75.725664105544581     
   374.10000000000002        73.413646248327467     
   375.10000000000002        71.151739496684158     
   376.10000000000002        68.939705440789140     
   377.10000000000002        66.777262165348034     
   378.10000000000002        64.664086821293040     
   379.10000000000002        62.599818120154147     
   380.10000000000002        60.584058751193709     
   381.10000000000002        58.616377721702023     
   382.10000000000002        56.696312620813330     
   383.10000000000002        54.823371807472448     
   384.10000000000002        52.997036523191404     
   385.10000000000002        51.216762930393450     
   386.10000000000002        49.481984077222435     
   387.10000000000002        47.792111789791505     
   388.10000000000002        46.146538492900852     
   389.10000000000002        44.544638960338538     
   390.10000000000002        42.985771995965180     
   391.10000000000002        41.469282046790411     
   392.10000000000002        39.994500749341412     
   393.10000000000002        38.560748410650234     
   394.10000000000002        37.167335425222156     
   395.10000000000002        35.813563629396924     
   396.10000000000002        34.498727594514108     
   397.10000000000002        33.222115860350812     
   398.10000000000002        31.983012110288129     
   399.10000000000002        30.780696289698579     
   400.10000000000002        29.614445669041860     
   401.10000000000002        28.483535853170856     
   402.10000000000002        27.387241738362754     
   403.10000000000002        26.324838418551426     
   404.10000000000002        25.295602042297180     
   405.10000000000002        24.298810621959859     
   406.10000000000002        23.333744796579168     
   407.10000000000002        22.399688549925667     
   408.10000000000002        21.495929885199505     
   409.10000000000002        20.621761457813417     
   410.10000000000002        19.776481167701579     
   411.10000000000002        18.959392712556642     
   412.10000000000002        18.169806103405946     
   413.10000000000002        17.407038143881909     
   414.10000000000002        16.670412874554554     
   415.10000000000002        15.959261983639944     
   416.10000000000002        15.272925185398192     
   417.10000000000002        14.610750567495440     
   418.10000000000002        13.972094908582797     
   419.10000000000002        13.356323967319096     
   420.10000000000002        12.762812744036092     
   421.10000000000002        12.190945716220742     
   422.10000000000002        11.640117048954414     
   423.10000000000002        11.109730781430294     
   424.10000000000002        10.599200990630639     
   425.10000000000002        10.107951933230511     
   426.10000000000002        9.6354181667533503     
   427.10000000000002        9.1810446509819634     
   428.10000000000002        8.7442868306019843     
   429.10000000000002        8.3246107000198215     
   430.10000000000002        7.9214928512745351     
   431.10000000000002        7.5344205059319567     
   432.10000000000002        7.1628915318237327     
   433.10000000000002        6.8064144454648039     
   434.10000000000002        6.4645084009551370     
   435.10000000000002        6.1367031661478926     
   436.10000000000002        5.8225390868350120     
   437.10000000000002        5.5215670396782990     
   438.10000000000002        5.2333483745882443     
   439.10000000000002        4.9574548472234303     
   440.10000000000002        4.6934685422674240     
   441.10000000000002        4.4409817881012836     
   442.10000000000002        4.1995970634849558     
   443.10000000000002        3.9689268968152298     
   444.10000000000002        3.7485937585267521     
   445.10000000000002        3.5382299471623524     
   446.10000000000002        3.3374774696292078     
   447.10000000000002        3.1459879161275301     
   448.10000000000002        2.9634223302243088     
   449.10000000000002        2.7894510745187486     
   450.10000000000002        2.6237536923293967     
   451.10000000000002        2.4660187658132040     
   452.10000000000002        2.3159437709066748     
   453.10000000000002        2.1732349294614157     
   454.10000000000002        2.0376070589307615     
   455.10000000000002        1.9087834199430613     
   456.10000000000002        1.7864955620840948     
   457.10000000000002        1.6704831681923304     
   458.10000000000002        1.5604938974570663     
   459.10000000000002        1.4562832275925666     
   460.10000000000002        1.3576142963476683     
   461.10000000000002        1.2642577425956192     
   462.10000000000002        1.1759915472362792     
   463.10000000000002        1.0926008741271804     
   464.10000000000002        1.0138779112501235     
   465.10000000000002       0.93962171230567526     
   466.10000000000002       0.86963803891606595     
   467.10000000000002       0.80373920360739992     
   468.10000000000002       0.74174391372866222     
   469.10000000000002       0.68347711645614428     
   470.10000000000002       0.62876984502104161     
   471.10000000000002       0.57745906628873589     
   472.10000000000002       0.52938752980799675     
   473.10000000000002       0.48440361844030705     
   474.10000000000002       0.44236120067088008     
   475.10000000000002       0.40311948469369041     
   476.10000000000002       0.36654287435616073     
   477.10000000000002       0.33250082704124445     
   478.10000000000002       0.30086771355691194     
   479.10000000000002       0.27152268009702574     
   480.10000000000002       0.24434951233066216     
   481.10000000000002       0.21923650167037168     
   482.10000000000002       0.19607631376471873     
   483.10000000000002       0.17476585925410917     
   484.10000000000002       0.15520616682381694     
   485.10000000000002       0.13730225858318609     
   486.10000000000002       0.12096302779488094     
   487.10000000000002       0.10610111897358243     
   488.10000000000002        9.2632810369370849E-002
   489.10000000000002        8.0477898846730705E-002
   490.10000000000002        6.9559587166241194E-002
   491.10000000000002        5.9804373672805972E-002
   492.10000000000002        5.1141944390001692E-002
   493.10000000000002        4.3505067517970987E-002
   494.10000000000002        3.6829490328341319E-002
   495.10000000000002        3.1053838447337483E-002
   496.10000000000002        2.6119517515423747E-002
   497.10000000000002        2.1970617209430228E-002
   498.10000000000002        1.8553817610668665E-002
   499.10000000000002        1.5818297900532373E-002
   500.10000000000002        1.3715647363017267E-002
   501.10000000000002        1.2199778671740895E-002
   502.10000000000002        1.1226843437437128E-002
   503.10000000000002        1.0755149990144815E-002
   504.10000000000002        1.0745083369090394E-002
   505.10000000000002        1.1159027491784696E-002
   506.10000000000002        1.1961289472746028E-002
   507.10000000000002        1.3118026061137718E-002
   508.10000000000002        1.4597172165648152E-002
   509.10000000000002        1.6368371434080264E-002
   510.10000000000002        1.8402908854293930E-002
   511.10000000000002        2.0673645342529655E-002
   512.10000000000002        2.3154954284483067E-002
   513.10000000000002        2.5822659993988521E-002
   514.10000000000002        2.8653978053873534E-002
   515.10000000000002        3.1627457502876384E-002
   516.10000000000002        3.4722924832604175E-002
   517.10000000000002        3.7921429758079321E-002
   518.10000000000002        4.1205192725136307E-002
   519.10000000000002        4.4557554118257556E-002
   520.10000000000002        4.7962925131856571E-002
   521.10000000000002        5.1406740268491610E-002
   522.10000000000002        5.4875411427279988E-002
   523.10000000000002        5.8356283545896198E-002
   524.10000000000002        6.1837591759934418E-002
   525.10000000000002        6.5308420043214174E-002
   526.10000000000002        6.8758661293188084E-002
   527.10000000000002        7.2178978825699555E-002
   528.10000000000002        7.5560769243621095E-002
   529.10000000000002        7.8896126644305009E-002
   530.10000000000002        8.2177808131107852E-002
   531.10000000000002        8.5399200594556149E-002
   532.10000000000002        8.8554288729303071E-002
   533.10000000000002        9.1637624253150238E-002
   534.10000000000002        9.4644296295234326E-002
   535.10000000000002        9.7569902920588342E-002
   536.10000000000002       0.10041052375894992     
   537.10000000000002       0.10316269370620912     
   538.10000000000002       0.10582337766726167     
   539.10000000000002       0.10838994630958906     
   540.10000000000002       0.11086015279754843     
   541.10000000000002       0.11323211047769927     
   542.10000000000002       0.11550427148612635     
   543.10000000000002       0.11767540624930985     
   544.10000000000002       0.11974458385049133     
   545.10000000000002       0.12171115323432966     
   546.10000000000002       0.12357472522278026     
   547.10000000000002       0.12533515531619885     
   548.10000000000002       0.12699252725369434     
   549.10000000000002       0.12854713730784251     
   550.10000000000002       0.12999947928900021     
   551.10000000000002       0.13135023023530737     
   552.10000000000002       0.13260023676490232     
   553.10000000000002       0.13375050206743419     
   554.10000000000002       0.13480217351259233     
   555.10000000000002       0.13575653085372114     
   556.10000000000002       0.13661497500549402     
   557.10000000000002       0.13737901737471381     
   558.10000000000002       0.13805026972424650     
   559.10000000000002       0.13863043455032203     
   560.10000000000002       0.13912129595422823     
   561.10000000000002       0.13952471098963690     
   562.10000000000002       0.13984260146759747     
   563.10000000000002       0.14007694620160532     
   564.10000000000002       0.14022977367558287     
   565.10000000000002       0.14030315511826186     
   566.10000000000002       0.14029919796780166     
   567.10000000000002       0.14022003971106797     
   568.10000000000002       0.14006784208228401     
   569.10000000000002       0.13984478560642885     
   570.10000000000002       0.13955306447313509     
   571.10000000000002       0.13919488172711858     
   572.10000000000002       0.13877244476192280     
   573.10000000000002       0.13828796110386318     
   574.10000000000002       0.13774363447368662     
   575.10000000000002       0.13714166111377030     
   576.10000000000002       0.13648422636911758     
   577.10000000000002       0.13577350151075807     
   578.10000000000002       0.13501164079062405     
   579.10000000000002       0.13420077871718275     
   580.10000000000002       0.13334302754172633     
   581.10000000000002       0.13244047494524164     
   582.10000000000002       0.13149518191649551     
   583.10000000000002       0.13050918081194268     
   584.10000000000002       0.12948447358871626     
   585.10000000000002       0.12842303020203238     
   586.10000000000002       0.12732678715882825     
   587.10000000000002       0.12619764621962709     
   588.10000000000002       0.12503747324100278     
   589.10000000000002       0.12384809715130356     
   590.10000000000002       0.12263130905246747     
   591.10000000000002       0.12138886144123739     
   592.10000000000002       0.12012246754308090     
   593.10000000000002       0.11883380075265197     
   594.10000000000002       0.11752449417467872     
   595.10000000000002       0.11619614025948927     
   596.10000000000002       0.11485029052762667     
   597.10000000000002       0.11348845537816511     
   598.10000000000002       0.11211210397568851     
   599.10000000000002       0.11072266421095232     
   600.10000000000002       0.10932152273059136     
   601.10000000000002       0.10791002503130244     
   602.10000000000002       0.10648947561429938     
   603.10000000000002       0.10506113819584632     
   604.10000000000002       0.10362623596997690     
   605.10000000000002       0.10218595191961435     
   606.10000000000002       0.10074142917257324     
   607.10000000000002        9.9293771398921801E-002
   608.10000000000002        9.7844043246540224E-002
   609.10000000000002        9.6393270811690357E-002
   610.10000000000002        9.4942442141703554E-002
   611.10000000000002        9.3492507766904362E-002
   612.10000000000002        9.2044381259136429E-002
   613.10000000000002        9.0598939814323029E-002
   614.10000000000002        8.9157024856640843E-002
   615.10000000000002        8.7719442662021557E-002
   616.10000000000002        8.6286964998789101E-002
   617.10000000000002        8.4860329783393182E-002
   618.10000000000002        8.3440241749237642E-002
   619.10000000000002        8.2027373126823122E-002
   620.10000000000002        8.0622364333382046E-002
   621.10000000000002        7.9225824670426423E-002
   622.10000000000002        7.7838333027594936E-002
   623.10000000000002        7.6460438591371083E-002
   624.10000000000002        7.5092661557279394E-002
   625.10000000000002        7.3735493844256955E-002
   626.10000000000002        7.2389399809998770E-002
   627.10000000000002        7.1054816966119413E-002
   628.10000000000002        6.9732156692062799E-002
   629.10000000000002        6.8421804946784792E-002
   630.10000000000002        6.7124122977251038E-002
   631.10000000000002        6.5839448022868452E-002
   632.10000000000002        6.4568094015108365E-002
   633.10000000000002        6.3310352271489567E-002
   634.10000000000002        6.2066492183275458E-002
   635.10000000000002        6.0836761896253637E-002
   636.10000000000002        5.9621388983965726E-002
   637.10000000000002        5.8420581112885756E-002
   638.10000000000002        5.7234526699031382E-002
   639.10000000000002        5.6063395555564229E-002
   640.10000000000002        5.4907339530958735E-002
   641.10000000000002        5.3766493137389626E-002
   642.10000000000002        5.2640974168975424E-002
   643.10000000000002        5.1530884309611703E-002
   644.10000000000002        5.0436309730111935E-002
   645.10000000000002        4.9357321674422000E-002
   646.10000000000002        4.8293977034725266E-002
   647.10000000000002        4.7246318915246915E-002
   648.10000000000002        4.6214377184630319E-002
   649.10000000000002        4.5198169016743554E-002
   650.10000000000002        4.4197699419848469E-002
   651.10000000000002        4.3212961754033705E-002
   652.10000000000002        4.2243938236883674E-002
   653.10000000000002        4.1290600437334658E-002
   654.10000000000002        4.0352909757718783E-002
   655.10000000000002        3.9430817903991854E-002
   656.10000000000002        3.8524267344183349E-002
   657.10000000000002        3.7633191755086282E-002
   658.10000000000002        3.6757516457259658E-002
   659.10000000000002        3.5897158838393041E-002
   660.10000000000002        3.5052028765131485E-002
   661.10000000000002        3.4222028983429187E-002
   662.10000000000002        3.3407055507556543E-002
   663.10000000000002        3.2606997997849295E-002
   664.10000000000002        3.1821740127345975E-002
   665.10000000000002        3.1051159937416438E-002
   666.10000000000002        3.0295130182544521E-002
   667.10000000000002        2.9553518664388646E-002
   668.10000000000002        2.8826188555279797E-002
   669.10000000000002        2.8112998711316291E-002
   670.10000000000002        2.7413803975211894E-002
   671.10000000000002        2.6728455469065972E-002
   672.10000000000002        2.6056800877225634E-002
   673.10000000000002        2.5398684719416208E-002
   674.10000000000002        2.4753948614311523E-002
   675.10000000000002        2.4122431533737044E-002
   676.10000000000002        2.3503970047670821E-002
   677.10000000000002        2.2898398560242620E-002
   678.10000000000002        2.2305549536906829E-002
   679.10000000000002        2.1725253722984103E-002
   680.10000000000002        2.1157340353751629E-002
   681.10000000000002        2.0601637356276164E-002
   682.10000000000002        2.0057971543180737E-002
   683.10000000000002        1.9526168798523230E-002
   684.10000000000002        1.9006054255990574E-002
   685.10000000000002        1.8497452469581611E-002
   686.10000000000002        1.8000187576975146E-002
   687.10000000000002        1.7514083455767476E-002
   688.10000000000002        1.7038963872760080E-002
   689.10000000000002        1.6574652626487794E-002
   690.10000000000002        1.6120973683164397E-002
   691.10000000000002        1.5677751306225177E-002
   692.10000000000002        1.5244810179650755E-002
   693.10000000000002        1.4821975525244051E-002
   694.10000000000002        1.4409073214033515E-002
   695.10000000000002        1.4005929871979465E-002
   696.10000000000002        1.3612372980148474E-002
   697.10000000000002        1.3228230969528030E-002
   698.10000000000002        1.2853333310640872E-002
   699.10000000000002        1.2487510598127442E-002
   700.10000000000002        1.2130594630448820E-002
   701.10000000000002        1.1782418484875603E-002
   702.10000000000002        1.1442816587908801E-002
   703.10000000000002        1.1111624781289933E-002
   704.10000000000002        1.0788680383746094E-002
   705.10000000000002        1.0473822248616494E-002
   706.10000000000002        1.0166890817503001E-002
   707.10000000000002        9.8677281700860538E-003
   708.10000000000002        9.5761780702388992E-003
   709.10000000000002        9.2920860085805509E-003
   710.10000000000002        9.0152992415917354E-003
   711.10000000000002        8.7456668274280835E-003
   712.10000000000002        8.4830396585501566E-003
   713.10000000000002        8.2272704912973015E-003
   714.10000000000002        7.9782139725222811E-003
   715.10000000000002        7.7357266634032968E-003
   716.10000000000002        7.4996670605469917E-003
   717.10000000000002        7.2698956144941563E-003
   718.10000000000002        7.0462747457343371E-003
   719.10000000000002        6.8286688583358542E-003
   720.10000000000002        6.6169443512920359E-003
   721.10000000000002        6.4109696276837139E-003
   722.10000000000002        6.2106151017564670E-003
   723.10000000000002        6.0157532040015192E-003
   724.10000000000002        5.8262583843382973E-003
   725.10000000000002        5.6420071134824969E-003
   726.10000000000002        5.4628778825859354E-003
   727.10000000000002        5.2887512012356717E-003
   728.10000000000002        5.1195095938889107E-003
   729.10000000000002        4.9550375948237474E-003
   730.10000000000002        4.7952217416834531E-003
   731.10000000000002        4.6399505676854467E-003
   732.10000000000002        4.4891145925678973E-003
   733.10000000000002        4.3426063123431242E-003
   734.10000000000002        4.2003201879224810E-003
   735.10000000000002        4.0621526326811465E-003
   736.10000000000002        3.9280019990200884E-003
   737.10000000000002        3.7977685639909212E-003
   738.10000000000002        3.6713545140375785E-003
   739.10000000000002        3.5486639289127719E-003
   740.10000000000002        3.4296027648231409E-003
   741.10000000000002        3.3140788368558743E-003
   742.10000000000002        3.2020018007354535E-003
   743.10000000000002        3.0932831339607744E-003
   744.10000000000002        2.9878361163682139E-003
   745.10000000000002        2.8855758101655206E-003
   746.10000000000002        2.7864190394801904E-003
   747.10000000000002        2.6902843694635976E-003
   748.10000000000002        2.5970920849896760E-003
   749.10000000000002        2.5067641689880240E-003
   750.10000000000002        2.4192242804475252E-003
   751.10000000000002        2.3343977321238964E-003
   752.10000000000002        2.2522114679880273E-003
   753.10000000000002        2.1725940404444329E-003
   754.10000000000002        2.0954755873524322E-003
   755.10000000000002        2.0207878088785028E-003
   756.10000000000002        1.9484639442090286E-003
   757.10000000000002        1.8784387481490898E-003
   758.10000000000002        1.8106484676342993E-003
   759.10000000000002        1.7450308181790072E-003
   760.10000000000002        1.6815249602851147E-003
   761.10000000000002        1.6200714758327717E-003
   762.10000000000002        1.5606123444751516E-003
   763.10000000000002        1.5030909200563418E-003
   764.10000000000002        1.4474519070719061E-003
   765.10000000000002        1.3936413371901618E-003
   766.10000000000002        1.3416065458509091E-003
   767.10000000000002        1.2912961489581025E-003
   768.10000000000002        1.2426600196819061E-003
   769.10000000000002        1.1956492653835775E-003
   770.10000000000002        1.1502162046781600E-003
   771.10000000000002        1.1063143446465617E-003
   772.10000000000002        1.0638983582095269E-003
   773.10000000000002        1.0229240616748663E-003
   774.10000000000002        9.8334839246812657E-004
   775.10000000000002        9.4512938705671368E-004
   776.10000000000002        9.0822615907675116E-004
   777.10000000000002        8.7259887767077561E-004
   778.10000000000002        8.3820874604486869E-004
   779.10000000000002        8.0501798025183922E-004
   780.10000000000002        7.7298978820738073E-004
   781.10000000000002        7.4208834894608060E-004
   782.10000000000002        7.1227879212158924E-004
   783.10000000000002        6.8352717775757848E-004
   784.10000000000002        6.5580047625311139E-004
   785.10000000000002        6.2906654864706719E-004
   786.10000000000002        6.0329412714547372E-004
   787.10000000000002        5.7845279591486551E-004
   788.10000000000002        5.5451297214467190E-004
   789.10000000000002        5.3144588738141549E-004
   790.10000000000002        5.0922356913643107E-004
   791.10000000000002        4.8781882276949657E-004
   792.10000000000002        4.6720521364937071E-004
   793.10000000000002        4.4735704959275428E-004
   794.10000000000002        4.2824936358240503E-004
   795.10000000000002        4.0985789676487798E-004
   796.10000000000002        3.9215908172841841E-004
   797.10000000000002        3.7513002606082466E-004
   798.10000000000002        3.5874849618717386E-004
   799.10000000000002        3.4299290148697342E-004
   800.10000000000002        3.2784227868993214E-004
   801.10000000000002        3.1327627654960524E-004
   802.10000000000002        2.9927514079378190E-004
   803.10000000000002        2.8581969935027071E-004
   804.10000000000002        2.7289134784663701E-004
   805.10000000000002        2.6047203538243145E-004
   806.10000000000002        2.4854425057182372E-004
   807.10000000000002        2.3709100785503998E-004
   808.10000000000002        2.2609583407625324E-004
   809.10000000000002        2.1554275532590286E-004
   810.10000000000002        2.0541628404509264E-004
   811.10000000000002        1.9570140638955729E-004
   812.10000000000002        1.8638356985075288E-004
   813.10000000000002        1.7744867113139761E-004
   814.10000000000002        1.6888304427274521E-004
   815.10000000000002        1.6067344903077340E-004
   816.10000000000002        1.5280705949844591E-004
   817.10000000000002        1.4527145297102808E-004
   818.10000000000002        1.3805459905159116E-004
   819.10000000000002        1.3114484899341466E-004
   820.10000000000002        1.2453092527637871E-004
   821.10000000000002        1.1820191141406880E-004
   822.10000000000002        1.1214724198844498E-004
   823.10000000000002        1.0635669290875415E-004
   824.10000000000002        1.0082037189153528E-004
   825.10000000000002        9.5528709158336313E-005
   826.10000000000002        9.0472448347848306E-005
   827.10000000000002        8.5642637639132539E-005
   828.10000000000002        8.1030621082586973E-005
   829.10000000000002        7.6628030135298756E-005
   830.10000000000002        7.2426775397451095E-005
   831.10000000000002        6.8419038546317664E-005
   832.10000000000002        6.4597264464634659E-005
   833.10000000000002        6.0954153559858297E-005
   834.10000000000002        5.7482654271012527E-005
   835.10000000000002        5.4175955759786034E-005
   836.10000000000002        5.1027480782527788E-005
   837.10000000000002        4.8030878739809277E-005
   838.10000000000002        4.5180018900307322E-005
   839.10000000000002        4.2468983795653998E-005
   840.10000000000002        3.9892062783031673E-005
   841.10000000000002        3.7443745772269549E-005
   842.10000000000002        3.5118717114218577E-005
   843.10000000000002        3.2911849647204112E-005
   844.10000000000002        3.0818198898424066E-005
   845.10000000000002        2.8832997437119692E-005
   846.10000000000002        2.6951649376443036E-005
   847.10000000000002        2.5169725020942784E-005
   848.10000000000002        2.3482955656621701E-005
   849.10000000000002        2.1887228480565263E-005
   850.10000000000002        2.0378581667172751E-005
   851.10000000000002        1.8953199568034874E-005
   852.10000000000002        1.7607408042601497E-005
   853.10000000000002        1.6337669916717453E-005
   854.10000000000002        1.5140580566262253E-005
   855.10000000000002        1.4012863623053189E-005
   856.10000000000002        1.2951366800307189E-005
   857.10000000000002        1.1953057834918680E-005
   858.10000000000002        1.1015020543907936E-005
   859.10000000000002        1.0134450992400514E-005
   860.10000000000002        9.3086537705455783E-006
   861.10000000000002        8.5350383768285743E-006
   862.10000000000002        7.8111157052753189E-006
   863.10000000000002        7.1344946340655797E-006
   864.10000000000002        6.5028787131462836E-006
   865.10000000000002        5.9140629484454670E-006
   866.10000000000002        5.3659306803470345E-006
   867.10000000000002        4.8564505541277393E-006
   868.10000000000002        4.3836735800778800E-006
   869.10000000000002        3.9457302811014892E-006
   870.10000000000002        3.5408279255983416E-006
   871.10000000000002        3.1672478434951602E-006
   872.10000000000002        2.8233428233195336E-006
   873.10000000000002        2.5075345882576495E-006
   874.10000000000002        2.2183113491705861E-006
   875.10000000000002        1.9542254325874591E-006
   876.10000000000002        1.7138909817324402E-006
   877.10000000000002        1.4959817286804209E-006
   878.10000000000002        1.2992288357719762E-006
   879.10000000000002        1.1224188044632778E-006
   880.10000000000002        9.6439144981625731E-007
   881.10000000000002        8.2403793887797543E-007
   882.10000000000002        7.0029889123028760E-007
   883.10000000000002        5.9216254003328403E-007
   884.10000000000002        4.9866295191311746E-007
   885.10000000000002        4.1887830409076026E-007
   886.10000000000002        3.5192921717557576E-007
   887.10000000000002        2.9697714208592123E-007
   888.10000000000002        2.5322279959282865E-007
   889.10000000000002        2.1990467101598490E-007
   890.10000000000002        1.9629753863511816E-007
   891.10000000000002        1.8171107441245622E-007
   892.10000000000002        1.7548847565459703E-007
   893.10000000000002        1.7700514627354393E-007
   894.10000000000002        1.8566742233857891E-007
   895.10000000000002        2.0091134064107078E-007
   896.10000000000002        2.2220144902522084E-007
   897.10000000000002        2.4902965726690286E-007
   898.10000000000002        2.8091412731308538E-007
   899.10000000000002        3.1739820172239492E-007
   900.10000000000002        3.5804936917594065E-007
   901.10000000000002        4.0245826595647259E-007
   902.10000000000002        4.5023771231928504E-007
   903.10000000000002        5.0102178270665203E-007
   904.10000000000002        5.5446490878490797E-007
   905.10000000000002        6.1024101430587738E-007
   906.10000000000002        6.6804268082323484E-007
   907.10000000000002        7.2758034331804751E-007
   908.10000000000002        7.8858151481095413E-007
   909.10000000000002        8.5079003906471050E-007
   910.10000000000002        9.1396537050238510E-007
   911.10000000000002        9.7788188049062828E-007
   912.10000000000002        1.0423281891596412E-006
   913.10000000000002        1.1071065219523920E-006
   914.10000000000002        1.1720320901209884E-006
   915.10000000000002        1.2369324944029216E-006
   916.10000000000002        1.3016471511383364E-006
   917.10000000000002        1.3660267401021635E-006
   918.10000000000002        1.4299326733516784E-006
   919.10000000000002        1.4932365844022027E-006
   920.10000000000002        1.5558198370712944E-006
   921.10000000000002        1.6175730533412615E-006
   922.10000000000002        1.6783956596146460E-006
   923.10000000000002        1.7381954507528835E-006
   924.10000000000002        1.7968881713030596E-006
   925.10000000000002        1.8543971133399965E-006
   926.10000000000002        1.9106527303621909E-006
   927.10000000000002        1.9655922666994057E-006
   928.10000000000002        2.0191594019039863E-006
   929.10000000000002        2.0713039096144246E-006
   930.10000000000002        2.1219813303933325E-006
   931.10000000000002        2.1711526580585788E-006
   932.10000000000002        2.2187840390374228E-006
   933.10000000000002        2.2648464842923475E-006
   934.10000000000002        2.3093155933742816E-006
   935.10000000000002        2.3521712901793880E-006
   936.10000000000002        2.3933975699928520E-006
   937.10000000000002        2.4329822574177068E-006
   938.10000000000002        2.4709167747995500E-006
   939.10000000000002        2.5071959207708240E-006
   940.10000000000002        2.5418176585447233E-006
   941.10000000000002        2.5747829136092840E-006
   942.10000000000002        2.6060953804727118E-006
   943.10000000000002        2.6357613381312537E-006
   944.10000000000002        2.6637894739342787E-006
   945.10000000000002        2.6901907155361629E-006
   946.10000000000002        2.7149780706309359E-006
   947.10000000000002        2.7381664741794990E-006
   948.10000000000002        2.7597726428428625E-006
   949.10000000000002        2.7798149363495972E-006
   950.10000000000002        2.7983132255317363E-006
   951.10000000000002        2.8152887667721036E-006
   952.10000000000002        2.8307640826145542E-006
   953.10000000000002        2.8447628482979123E-006
   954.10000000000002        2.8573097839806699E-006
   955.10000000000002        2.8684305524322737E-006
   956.10000000000002        2.8781516619750320E-006
   957.10000000000002        2.8865003744635922E-006
   958.10000000000002        2.8935046181050930E-006
   959.10000000000002        2.8991929049180721E-006
   960.10000000000002        2.9035942526457461E-006
   961.10000000000002        2.9067381109380492E-006
   962.10000000000002        2.9086542916292295E-006
   963.10000000000002        2.9093729029364743E-006
   964.10000000000002        2.9089242874193270E-006
   965.10000000000002        2.9073389635399603E-006
   966.10000000000002        2.9046475706699422E-006
   967.10000000000002        2.9008808173981396E-006
   968.10000000000002        2.8960694329958310E-006
   969.10000000000002        2.8902441219027458E-006
   970.10000000000002        2.8834355211011605E-006
   971.10000000000002        2.8756741602505254E-006
   972.10000000000002        2.8669904244602076E-006
   973.10000000000002        2.8574145195816687E-006
   974.10000000000002        2.8469764399050020E-006
   975.10000000000002        2.8357059381519204E-006
   976.10000000000002        2.8236324976579214E-006
   977.10000000000002        2.8107853066421612E-006
   978.10000000000002        2.7971932344665702E-006
   979.10000000000002        2.7828848097918330E-006
   980.10000000000002        2.7678882005358874E-006
   981.10000000000002        2.7522311955514547E-006
   982.10000000000002        2.7359411879363690E-006
   983.10000000000002        2.7190451598965316E-006
   984.10000000000002        2.7015696690842329E-006
   985.10000000000002        2.6835408363372234E-006
   986.10000000000002        2.6649843347465884E-006
   987.10000000000002        2.6459253799852583E-006
   988.10000000000002        2.6263887218309974E-006
   989.10000000000002        2.6063986368198274E-006
   990.10000000000002        2.5859789219702758E-006
   991.10000000000002        2.5651528895191771E-006
   992.10000000000002        2.5439433626137510E-006
   993.10000000000002        2.5223726719056077E-006
   994.10000000000002        2.5004626529961316E-006
   995.10000000000002        2.4782346446833478E-006
   996.10000000000002        2.4557094879633562E-006
   997.10000000000002        2.4329075257413877E-006
   998.10000000000002        2.4098486032085798E-006
   999.10000000000002        2.3865520688439967E-006
