# << ("/Users/oliver/projects/darkmatter/sample/dmformfactor-temp.m");
# Centimeter = (10^13 Femtometer);
# keV = (10^-6 GeV);
# mNuc = 0.93827*GeV;
# v0 = 220 KilometerPerSecond;
# ve = 232 KilometerPerSecond;
# vesc = 550 KilometerPerSecond;
# rhoDM = 0.3 GeV/Centimeter^3;
# 
# z = 54; m = 131;
# SetIsotope[z, m, "default", "default"];
# mXe = mNuc*m;
# NT = 1/(mXe);
# 
# SetJChi[1/2];
# SetMChi[150 GeV];
# SetCoeffsNonrel[1, 2*2.4*10^(-4), "n"];
# 
# SetHALO["MBcutoff"];
# 
# (*myrate[qGeV_]=( 2500*KilogramDay) \
# EventRate[NT,rhoDM,qGeV,ve,v0,vesc];
# 
# NIntegrate[myrate[qGeV] GeV*(qGeV GeV/(131 mNuc)),{qGeV,0,10}]
# Ekev = 10.0
# 2500*KilogramDay * \
# EventRate[NT,rhoDM,(2*mXe/GeV*Ekev*keV/GeV)^(1/2),ve,v0]*)
# 
# Timing[A = 
#    Table[{Ekev, 
#      GeV*2500*KilogramDay * 
#       EventRate[NT, rhoDM, (2*mXe/GeV*Ekev*keV/GeV)^(1/2), ve, v0, 
#        vesc]}, {Ekev, 1.0, 1000, 1.0}];
#  ]
# Print[A]
# Export["/Users/oliver/projects/darkmatter/sample/xe/test.xe131.dat", 
#   A];



1.	177244.57344920567
2.	166279.74815761836
3.	155942.9922646474
4.	146201.06203144765
5.	137022.32754042267
6.	128376.70222500117
7.	120235.57503168937
8.	112571.7451434987
9.	105359.35919378788
10.	98573.85089969775
11.	92191.88304467143
12.	86191.29174002622
13.	80551.03289616035
14.	75251.13083472007
15.	70272.62897391115
16.	65597.54252009082
17.	61208.813099824554
18.	57090.26526770578
19.	53226.56482642778
20.	49603.178896834346
21.	46206.337676967465
22.	43022.99783045799
23.	40040.80744596766
24.	37248.07251077544
25.	34633.724843008546
26.	32187.29142843692
27.	29898.8651091784
28.	27759.07657309281
29.	25759.067594075816
30.	23890.46547488951
31.	22145.35864558716
32.	20516.27337199889
33.	18996.151530139887
34.	17578.329403783504
35.	16256.517463803544
36.	15024.781089231248
37.	13877.52219129393
38.	12809.461702998999
39.	11815.62289810004
40.	10891.31550453015
41.	10032.120578608028
42.	9233.876107517759
43.	8492.663308729427
44.	7804.793596166553
45.	7166.796184036704
46.	6575.406300323183
47.	6027.553982988738
48.	5520.353432965654
49.	5051.092899002141
50.	4617.225070401545
51.	4216.357954628089
52.	3846.246217662898
53.	3504.7829658755804
54.	3189.991949030239
55.	2900.020164871389
56.	2633.130846534927
57.	2387.696814802385
58.	2162.1941779636677
59.	1955.196362775505
60.	1765.368460699173
61.	1591.4618742732134
62.	1432.3092491257235
63.	1286.8196777549517
64.	1153.974161809928
65.	1032.8213201823883
66.	922.4733307795851
67.	822.1020943854749
68.	730.9356095338887
69.	648.2545478148612
70.	573.3890195126938
71.	505.7155199335931
72.	444.65404722094735
73.	389.66538288016335
74.	340.2485266407952
75.	295.9382776731393
76.	256.3029545507138
77.	220.94224670781804
78.	189.48519048477127
79.	161.58826318275786
80.	136.93358886472578
81.	115.2272499407107
82.	96.19769886479241
83.	79.59426454661768
84.	65.18574828444825
85.	52.75910309098205
86.	42.11819576240236
87.	33.08264528568842
88.	25.486729992002047
89.	19.178362258414307
90.	14.01812709245909
91.	9.878380988553738
92.	6.642407631489703
93.	4.203627200973093
94.	2.4648562004142587
95.	1.33761489455426
96.	0.7414795942383613
97.	0.60347717289355
98.	0.8575193379493119
99.	1.4438743135225665
100.	2.3086737155142143
101.	3.4034525208478925
102.	4.684720145695432
103.	6.113560755903386
104.	7.65526103549127
105.	9.2789637367723
106.	10.957345428095604
107.	12.666316943524013
108.	14.38474512208565
109.	16.09419450360717
110.	17.77868772347833
111.	19.424483419813022
112.	21.01987053448468
113.	22.554977953462537
114.	24.021598492740118
115.	25.413026293867276
116.	26.723906747777384
117.	27.95009811688615
118.	29.08854407518505
119.	30.137156431518587
120.	31.094707345830585
121.	31.96073038924367
122.	32.73542983819778
123.	33.41959762990916
124.	34.01453744170464
125.	34.521995389610346
126.	34.9440968729897
127.	35.28328912177684
128.	35.542289030323566
129.	35.724035888641815
130.	35.831648646290354
131.	35.868387367979444
132.	35.83761856145238
133.	35.74278407965208
134.	35.58737331830755
135.	35.37489844876163
136.	35.10887244306077
137.	34.79278966496723
138.	34.43010881542153
139.	34.024238036090615
140.	33.57852198757097
141.	33.09623073205912
142.	32.58055026204367
143.	32.034574527895614
144.	31.461298827731806
145.	30.863614432943493
146.	30.244304331908907
147.	29.606039983182786
148.	28.95137897765229
149.	28.28276351658249
150.	27.60251961987558
151.	26.91285698514813
152.	26.215869424983012
153.	25.513535814927717
154.	24.807721490772
155.	24.100180038380373
156.	23.392555424085042
157.	22.6863844183311
158.	21.983099268959077
159.	21.284030584607883
160.	20.59041039217184
161.	19.90337533549401
162.	19.223969985584095
163.	18.553150235555787
164.	17.89178675581801
165.	17.24066848791589
166.	16.600506157250244
167.	15.971935787303813
168.	15.355522199620555
169.	14.75176248588719
170.	14.161089439798591
171.	13.583874938008119
172.	13.020433260930433
173.	12.471024345212596
174.	11.935856961036146
175.	11.415091808409416
176.	10.908844527487595
177.	10.4171886190086
178.	9.94015827155643
179.	9.477751093219142
180.	9.029930745794609
181.	8.596629480308684
182.	8.177750573182548
183.	7.773170662769536
184.	7.3827419865311645
185.	7.006294519413627
186.	6.643638014366661
187.	6.294563946218668
188.	5.95884736043473
189.	5.636248628451749
190.	5.326515111522109
191.	5.029382735154651
192.	4.744577476387594
193.	4.471816766227523
194.	4.21081080978289
195.	3.961263826469274
196.	3.722875213062906
197.	3.4953406320924456
198.	3.278353028308046
199.	3.071603575866396
200.	2.8747825589628975
201.	2.6875801885445236
202.	2.509687357784194
203.	2.3407963389655992
204.	2.1806014243438216
205.	2.028799513624295
206.	1.8850906504847273
207.	1.749178510687575
208.	1.6207708441742603
209.	1.4995798735086185
210.	1.3853226509520786
211.	1.2777213764480482
212.	1.1765036786388336
213.	1.0814028610580668
214.	0.9921581155338204
215.	0.9085147047349035
216.	0.830224115814677
217.	0.7570441869370628
218.	0.6887392084753721
219.	0.6250800005521815
220.	0.5658439685690496
221.	0.5108151382523509
222.	0.4597841717265451
223.	0.4125483660393776
224.	0.3689116354658562
225.	0.32868447893002095
226.	0.2916839337353594
227.	0.2577335168057067
228.	0.2266631545409975
229.	0.1983091023305493
230.	0.17251385474594594
231.	0.14912604734681364
232.	0.12800035098333584
233.	0.1089973594715477
234.	0.09198347139998216
235.	0.07683076682852456
236.	0.06341687959056569
237.	0.05162486584422156
238.	0.04134306949736869
239.	0.03246498506905595
240.	0.024889118543730597
241.	0.018518846702025978
242.	0.01326227540785509
243.	0.00903209727165839
244.	0.0057454490835364
245.	0.0033237694199651563
246.	0.0016926567070324064
247.	0.0007817281061302064
248.	0.0005244794758246021
249.	0.0008581466730664302
250.	0.0017235684475840477
251.	0.0030650511184413154
252.	0.004830235249581618
253.	0.0069699644800569945
254.	0.009438156669913477
255.	0.012191677500986953
256.	0.015190216642411526
257.	0.018396166595863395
258.	0.021774504300372467
259.	0.02529267557825612
260.	0.02892048248301451
261.	0.03262997359453007
262.	0.036395337309740865
263.	0.04019279814961004
264.	0.04400051610481584
265.	0.04779848903542987
266.	0.05156845811232595
267.	0.05529381630965238
268.	0.05895951992837123
269.	0.06255200313380986
270.	0.06605909547537324
271.	0.06946994237318832
272.	0.0727749285197963
273.	0.07596560416691286
274.	0.0790346142520673
275.	0.08197563031691824
276.	0.0847832851666304
277.	0.08745311022070217
278.	0.089981475494511
279.	0.09236553215812669
280.	0.09460315761360556
281.	0.09669290302576174
282.	0.09863394324809899
283.	0.10042602908286237
284.	0.10206944180228045
285.	0.10356494987979883
286.	0.10491376785517094
287.	0.10611751727518504
288.	0.1071781896443063
289.	0.10809811131647258
290.	0.10887991027230733
291.	0.10952648470769759
292.	0.11004097337715511
293.	0.11042672762908493
294.	0.11068728506723272
295.	0.11082634478118984
296.	0.11084774408322967
297.	0.11075543669571157
298.	0.11055347232538781
299.	0.11024597757485353
300.	0.10983713812950792
301.	0.10933118216955483
302.	0.10873236495043496
303.	0.10804495450336195
304.	0.10727321840267937
305.	0.10642141155068553
306.	0.10549376493523255
307.	0.10449447530834065
308.	0.10342769574582841
309.	0.10229752703971284
310.	0.10110800988469394
311.	0.0998631178136751
312.	0.09856675084563209
313.	0.09722272980626537
314.	0.09583479128415082
315.	0.0944065831857678
316.	0.09294166085710236
317.	0.0914434837367823
318.	0.08991541250780552
319.	0.08836070672127605
320.	0.08678252285652999
321.	0.08518391279589407
322.	0.08356782268050916
323.	0.08193709212681022
324.	0.08029445377391894
325.	0.07864253314297488
326.	0.07698384878029688
327.	0.07532081266780437
328.	0.07365573087536174
329.	0.07199080443986217
330.	0.07032813044743265
331.	0.06866970330610074
332.	0.06701741618530895
333.	0.06537306261529102
334.	0.06373833822049296
335.	0.06211484258140526
336.	0.060504081206381705
337.	0.05890746760131666
338.	0.05732632542654387
339.	0.05576189072711633
340.	0.054215314227553955
341.	0.05268766368001388
342.	0.05117992625645232
343.	0.04969301097597507
344.	0.04822775115871463
345.	0.046784906899065656
346.	0.045365167550221644
347.	0.043969154213298015
348.	0.04259742222581319
349.	0.04125046364222842
350.	0.03992870970201208
351.	0.0386325332803654
352.	0.03736225131616747
353.	0.03611812721406052
354.	0.03490037321641263
355.	0.0337091527407159
356.	0.03254458268162854
357.	0.03140673567179063
358.	0.03029564230174746
359.	0.029211293294554234
360.	0.028153641634499498
361.	0.02712260464699091
362.	0.02611806602945485
363.	0.025139877830613847
364.	0.024187862377982903
365.	0.02326181415232292
366.	0.022361501608345387
367.	0.021486668940959974
368.	0.020637037797678514
369.	0.019812308934973544
370.	0.01901216382090995
371.	0.018236266182016583
372.	0.01748426349593453
373.	0.016755788429421957
374.	0.01605046022226994
375.	0.015367886017631607
376.	0.014707662139449691
377.	0.014069375317157976
378.	0.013452603859111656
379.	0.012856918774572864
380.	0.012281884846147628
381.	0.011727061652486794
382.	0.011192004543228313
383.	0.010676265566138267
384.	0.010179394348454825
385.	0.0097009389325886
386.	0.009240446567898158
387.	0.008797464459333092
388.	0.008371540474165245
389.	0.007962223807792827
390.	0.007569065610060711
391.	0.007191619572906287
392.	0.006829442480693012
393.	0.006482094724435147
394.	0.006149140780847587
395.	0.005830149657724792
396.	0.0055246953063772366
397.	0.005232357002671408
398.	0.004952719697698148
399.	0.004685374338920385
400.	0.004429918163401149
401.	0.004185954963820909
402.	0.0039530953285687835
403.	0.0037309568569987846
404.	0.0035191643506935952
405.	0.00331734998205911
406.	0.00312515344107182
407.	0.0029422220612722403
408.	0.0027682109259260608
409.	0.002602782955338661
410.	0.0024456089762504483
411.	0.0022963677742225664
412.	0.002154746129924806
413.	0.0020204388401058324
414.	0.0018931487242878449
415.	0.001772586617698303
416.	0.0016584713515192147
417.	0.0015505297210732405
418.	0.0014484964427389359
419.	0.001352114100273753
420.	0.0012611330813503427
421.	0.001175311504828569
422.	0.0010944151395504739
423.	0.0010182173152539237
424.	0.0009464988261154843
425.	0.0008790478276726029
426.	0.0008156597275500183
427.	0.0007561370705897314
428.	0.0007002894188953273
429.	0.0006479332272959459
430.	0.0005988917146609739
431.	0.0005529947315989764
432.	0.0005100786248845119
433.	0.00046998609912569337
434.	0.0004325660759697996
435.	0.0003976735512944368
436.	0.0003651694507354465
437.	0.0003349204838440543
438.	0.0003067989972635083
439.	0.0002806828271786174
440.	0.00025645515134761326
441.	0.00023400434101261239
442.	0.00021322381290137066
443.	0.00019401188160399994
444.	0.00017627161252374427
445.	0.00015991067564206327
446.	0.000144841200276723
447.	0.00013097963103473603
448.	0.00011824658512810845
449.	0.00010656671121470172
450.	0.00009586854991540652
451.	0.00008608439614946994
452.	0.00007715016341010898
453.	0.00006900525010412455
454.	0.0000615924080531909
455.	0.00005485761326423674
456.	0.00004874993905069092
457.	0.0000432214315824039
458.	0.00003822698794352439
459.	0.000033724236743654246
460.	0.000029673421353911667
461.	0.000026037285805801838
462.	0.000022780963391118188
463.	0.000019871867998863408
464.	0.00001727958821688765
465.	0.00001497578421419452
466.	0.000012934087420935769
467.	0.000011130003015933256
468.	9.540815221030552e-6
469.	8.145495406451651e-6
470.	6.924612999974034e-6
471.	5.860249184395544e-6
472.	4.935913379210575e-6
473.	4.136462477202912e-6
474.	3.4480228251951436e-6
475.	2.8579149138616074e-6
476.	2.354580756669522e-6
477.	1.9275139221253275e-6
478.	1.5671921885457605e-6
479.	1.2650127827473295e-6
480.	1.0132301663176088e-6
481.	8.048963286710452e-7
482.	6.338035441128596e-7
483.	4.944295487611239e-7
484.	3.818850928048053e-7
485.	2.918638202538694e-7
486.	2.2059442811607508e-7
487.	1.6479505607765445e-7
488.	1.2162985636388408e-7
489.	8.866769258668782e-8
490.	6.384291611076357e-8
491.	4.5418167593045685e-8
492.	3.1949150925423675e-8
493.	2.225132666558045e-8
494.	1.5368471571779195e-8
495.	1.0543050863938812e-8
496.	7.188349806658827e-9
497.	4.862311082976066e-9
498.	3.2430247824072383e-9
499.	2.105817896064936e-9
500.	1.3018904371047494e-9
501.	7.384458535053368e-10
502.	3.6026360554184584e-10
503.	1.326623497112802e-10
504.	2.5802671709057946e-11
505.	2.7896472209161485e-13
506.	0.
507.	0.
508.	0.
509.	0.
510.	0.
511.	0.
512.	0.
513.	0.
514.	0.
515.	0.
516.	0.
517.	0.
518.	0.
519.	0.
520.	0.
521.	0.
522.	0.
523.	0.
524.	0.
525.	0.
526.	0.
527.	0.
528.	0.
529.	0.
530.	0.
531.	0.
532.	0.
533.	0.
534.	0.
535.	0.
536.	0.
537.	0.
538.	0.
539.	0.
540.	0.
541.	0.
542.	0.
543.	0.
544.	0.
545.	0.
546.	0.
547.	0.
548.	0.
549.	0.
550.	0.
551.	0.
552.	0.
553.	0.
554.	0.
555.	0.
556.	0.
557.	0.
558.	0.
559.	0.
560.	0.
561.	0.
562.	0.
563.	0.
564.	0.
565.	0.
566.	0.
567.	0.
568.	0.
569.	0.
570.	0.
571.	0.
572.	0.
573.	0.
574.	0.
575.	0.
576.	0.
577.	0.
578.	0.
579.	0.
580.	0.
581.	0.
582.	0.
583.	0.
584.	0.
585.	0.
586.	0.
587.	0.
588.	0.
589.	0.
590.	0.
591.	0.
592.	0.
593.	0.
594.	0.
595.	0.
596.	0.
597.	0.
598.	0.
599.	0.
600.	0.
601.	0.
602.	0.
603.	0.
604.	0.
605.	0.
606.	0.
607.	0.
608.	0.
609.	0.
610.	0.
611.	0.
612.	0.
613.	0.
614.	0.
615.	0.
616.	0.
617.	0.
618.	0.
619.	0.
620.	0.
621.	0.
622.	0.
623.	0.
624.	0.
625.	0.
626.	0.
627.	0.
628.	0.
629.	0.
630.	0.
631.	0.
632.	0.
633.	0.
634.	0.
635.	0.
636.	0.
637.	0.
638.	0.
639.	0.
640.	0.
641.	0.
642.	0.
643.	0.
644.	0.
645.	0.
646.	0.
647.	0.
648.	0.
649.	0.
650.	0.
651.	0.
652.	0.
653.	0.
654.	0.
655.	0.
656.	0.
657.	0.
658.	0.
659.	0.
660.	0.
661.	0.
662.	0.
663.	0.
664.	0.
665.	0.
666.	0.
667.	0.
668.	0.
669.	0.
670.	0.
671.	0.
672.	0.
673.	0.
674.	0.
675.	0.
676.	0.
677.	0.
678.	0.
679.	0.
680.	0.
681.	0.
682.	0.
683.	0.
684.	0.
685.	0.
686.	0.
687.	0.
688.	0.
689.	0.
690.	0.
691.	0.
692.	0.
693.	0.
694.	0.
695.	0.
696.	0.
697.	0.
698.	0.
699.	0.
700.	0.
701.	0.
702.	0.
703.	0.
704.	0.
705.	0.
706.	0.
707.	0.
708.	0.
709.	0.
710.	0.
711.	0.
712.	0.
713.	0.
714.	0.
715.	0.
716.	0.
717.	0.
718.	0.
719.	0.
720.	0.
721.	0.
722.	0.
723.	0.
724.	0.
725.	0.
726.	0.
727.	0.
728.	0.
729.	0.
730.	0.
731.	0.
732.	0.
733.	0.
734.	0.
735.	0.
736.	0.
737.	0.
738.	0.
739.	0.
740.	0.
741.	0.
742.	0.
743.	0.
744.	0.
745.	0.
746.	0.
747.	0.
748.	0.
749.	0.
750.	0.
751.	0.
752.	0.
753.	0.
754.	0.
755.	0.
756.	0.
757.	0.
758.	0.
759.	0.
760.	0.
761.	0.
762.	0.
763.	0.
764.	0.
765.	0.
766.	0.
767.	0.
768.	0.
769.	0.
770.	0.
771.	0.
772.	0.
773.	0.
774.	0.
775.	0.
776.	0.
777.	0.
778.	0.
779.	0.
780.	0.
781.	0.
782.	0.
783.	0.
784.	0.
785.	0.
786.	0.
787.	0.
788.	0.
789.	0.
790.	0.
791.	0.
792.	0.
793.	0.
794.	0.
795.	0.
796.	0.
797.	0.
798.	0.
799.	0.
800.	0.
801.	0.
802.	0.
803.	0.
804.	0.
805.	0.
806.	0.
807.	0.
808.	0.
809.	0.
810.	0.
811.	0.
812.	0.
813.	0.
814.	0.
815.	0.
816.	0.
817.	0.
818.	0.
819.	0.
820.	0.
821.	0.
822.	0.
823.	0.
824.	0.
825.	0.
826.	0.
827.	0.
828.	0.
829.	0.
830.	0.
831.	0.
832.	0.
833.	0.
834.	0.
835.	0.
836.	0.
837.	0.
838.	0.
839.	0.
840.	0.
841.	0.
842.	0.
843.	0.
844.	0.
845.	0.
846.	0.
847.	0.
848.	0.
849.	0.
850.	0.
851.	0.
852.	0.
853.	0.
854.	0.
855.	0.
856.	0.
857.	0.
858.	0.
859.	0.
860.	0.
861.	0.
862.	0.
863.	0.
864.	0.
865.	0.
866.	0.
867.	0.
868.	0.
869.	0.
870.	0.
871.	0.
872.	0.
873.	0.
874.	0.
875.	0.
876.	0.
877.	0.
878.	0.
879.	0.
880.	0.
881.	0.
882.	0.
883.	0.
884.	0.
885.	0.
886.	0.
887.	0.
888.	0.
889.	0.
890.	0.
891.	0.
892.	0.
893.	0.
894.	0.
895.	0.
896.	0.
897.	0.
898.	0.
899.	0.
900.	0.
901.	0.
902.	0.
903.	0.
904.	0.
905.	0.
906.	0.
907.	0.
908.	0.
909.	0.
910.	0.
911.	0.
912.	0.
913.	0.
914.	0.
915.	0.
916.	0.
917.	0.
918.	0.
919.	0.
920.	0.
921.	0.
922.	0.
923.	0.
924.	0.
925.	0.
926.	0.
927.	0.
928.	0.
929.	0.
930.	0.
931.	0.
932.	0.
933.	0.
934.	0.
935.	0.
936.	0.
937.	0.
938.	0.
939.	0.
940.	0.
941.	0.
942.	0.
943.	0.
944.	0.
945.	0.
946.	0.
947.	0.
948.	0.
949.	0.
950.	0.
951.	0.
952.	0.
953.	0.
954.	0.
955.	0.
956.	0.
957.	0.
958.	0.
959.	0.
960.	0.
961.	0.
962.	0.
963.	0.
964.	0.
965.	0.
966.	0.
967.	0.
968.	0.
969.	0.
970.	0.
971.	0.
972.	0.
973.	0.
974.	0.
975.	0.
976.	0.
977.	0.
978.	0.
979.	0.
980.	0.
981.	0.
982.	0.
983.	0.
984.	0.
985.	0.
986.	0.
987.	0.
988.	0.
989.	0.
990.	0.
991.	0.
992.	0.
993.	0.
994.	0.
995.	0.
996.	0.
997.	0.
998.	0.
999.	0.
1000.	0.
