# Recoil energy (kev)        Event rate (events/gev)
   1.0000000000000000        6436.3917197373812     
   2.0000000000000000        6239.8386871178445     
   3.0000000000000000        6048.5893232485032     
   4.0000000000000000        5862.5350268277525     
   5.0000000000000000        5681.5675330157801     
   6.0000000000000000        5505.5790462151363     
   7.0000000000000000        5334.4623626529601     
   8.0000000000000000        5168.1109833119181     
   9.0000000000000000        5006.4192177326750     
   10.000000000000000        4849.2822791871249     
   11.000000000000000        4696.5963716989254     
   12.000000000000000        4548.2587693662454     
   13.000000000000000        4404.1678884206603     
   14.000000000000000        4264.2233524360126     
   15.000000000000000        4128.3260510819346     
   16.000000000000000        3996.3781927979835     
   17.000000000000000        3868.2833517467657     
   18.000000000000000        3743.9465093872291     
   19.000000000000000        3623.2740909930526     
   20.000000000000000        3506.1739974252609     
   21.000000000000000        3392.5556324532618     
   22.000000000000000        3282.3299259039745     
   23.000000000000000        3175.4093529049974     
   24.000000000000000        3071.7079494744999     
   25.000000000000000        2971.1413246977959     
   26.000000000000000        2873.6266697185497     
   27.000000000000000        2779.0827637608154     
   28.000000000000000        2687.4299773871398     
   29.000000000000000        2598.5902731872447     
   30.000000000000000        2512.4872040816676     
   31.000000000000000        2429.0459094150929     
   32.000000000000000        2348.1931090047369     
   33.000000000000000        2269.8570953003809     
   34.000000000000000        2193.9677238040990     
   35.000000000000000        2120.4564018897418     
   36.000000000000000        2049.2560761544382     
   37.000000000000000        1980.3012184271056     
   38.000000000000000        1913.5278105518587     
   39.000000000000000        1848.8733280576180     
   40.000000000000000        1786.2767228187352     
   41.000000000000000        1725.6784048054878     
   42.000000000000000        1667.0202230174107     
   43.000000000000000        1610.2454456870050     
   44.000000000000000        1555.2987398360565     
   45.000000000000000        1502.1261502618599     
   46.000000000000000        1450.6750780258519     
   47.000000000000000        1400.8942585127006     
   48.000000000000000        1352.7337391235110     
   49.000000000000000        1306.1448566628771     
   50.000000000000000        1261.0802144754946     
   51.000000000000000        1217.4936593844711     
   52.000000000000000        1175.3402584799389     
   53.000000000000000        1134.5762758032763     
   54.000000000000000        1095.1591489691230     
   55.000000000000000        1057.0474657643738     
   56.000000000000000        1020.2009407605447     
   57.000000000000000        984.58039197322057     
   58.000000000000000        950.14771759978021     
   59.000000000000000        916.86587286420183     
   60.000000000000000        884.69884699549550     
   61.000000000000000        853.61164036417324     
   62.000000000000000        823.57024179915504     
   63.000000000000000        794.54160610560473     
   64.000000000000000        766.49363180239231     
   65.000000000000000        739.39513909619438     
   66.000000000000000        713.21584810763193     
   67.000000000000000        687.92635736337104     
   68.000000000000000        663.49812256666655     
   69.000000000000000        639.90343565751959     
   70.000000000000000        617.11540417236813     
   71.000000000000000        595.10793091205085     
   72.000000000000000        573.85569392568345     
   73.000000000000000        553.33412681706454     
   74.000000000000000        533.51939937924772     
   75.000000000000000        514.38839856202696     
   76.000000000000000        495.91870977622170     
   77.000000000000000        478.08859853787027     
   78.000000000000000        460.87699245469889     
   79.000000000000000        444.26346355654988     
   80.000000000000000        428.22821097080606     
   81.000000000000000        412.75204394326903     
   82.000000000000000        397.81636520438815     
   83.000000000000000        383.40315468022555     
   84.000000000000000        369.49495354708012     
   85.000000000000000        356.07484862825333     
   86.000000000000000        343.12645713102876     
   87.000000000000000        330.63391172159135     
   88.000000000000000        318.58184593524476     
   89.000000000000000        306.95537991900522     
   90.000000000000000        295.74010650333764     
   91.000000000000000        284.92207759957597     
   92.000000000000000        274.48779091930248     
   93.000000000000000        264.42417701177993     
   94.000000000000000        254.71858661532499     
   95.000000000000000        245.35877831834674     
   96.000000000000000        236.33290652562587     
   97.000000000000000        227.62950972527852     
   98.000000000000000        219.23749905173153     
   99.000000000000000        211.14614713993234     
   100.00000000000000        203.34507726594418     
   101.00000000000000        195.82425276898812     
   102.00000000000000        188.57396674994840     
   103.00000000000000        181.58483204130715     
   104.00000000000000        174.84777144342797     
   105.00000000000000        168.35400822210599     
   106.00000000000000        162.09505686225302     
   107.00000000000000        156.06271407261491     
   108.00000000000000        150.24905003638858     
   109.00000000000000        144.64639990263527     
   110.00000000000000        139.24735551339441     
   111.00000000000000        134.04475736142143     
   112.00000000000000        129.03168677351292     
   113.00000000000000        124.20145831440293     
   114.00000000000000        119.54761240626169     
   115.00000000000000        115.06390815887242     
   116.00000000000000        110.74431640560010     
   117.00000000000000        106.58301294033170     
   118.00000000000000        102.57437195061043     
   119.00000000000000        98.712959642253225     
   120.00000000000000        94.993528050794907     
   121.00000000000000        91.411009035173507     
   122.00000000000000        87.960508449129748     
   123.00000000000000        84.637300485869403     
   124.00000000000000        81.436822191596860     
   125.00000000000000        78.354668143610468     
   126.00000000000000        75.386585288713846     
   127.00000000000000        72.528467937775162     
   128.00000000000000        69.776352912338140     
   129.00000000000000        67.126414839267724     
   130.00000000000000        64.574961589481731     
   131.00000000000000        62.118429856903923     
   132.00000000000000        59.753380873843618     
   133.00000000000000        57.476496259085188     
   134.00000000000000        55.284573995049911     
   135.00000000000000        53.174524530461909     
   136.00000000000000        51.143367005034527     
   137.00000000000000        49.188225592759835     
   138.00000000000000        47.306325960465976     
   139.00000000000000        45.494991838378027     
   140.00000000000000        43.751641699492751     
   141.00000000000000        42.073785544651223     
   142.00000000000000        40.459021790264636     
   143.00000000000000        38.905034255722384     
   144.00000000000000        37.409589247580350     
   145.00000000000000        35.970532737698299     
   146.00000000000000        34.585787632564653     
   147.00000000000000        33.253351131114115     
   148.00000000000000        31.971292168412642     
   149.00000000000000        30.737748942646874     
   150.00000000000000        29.550926522925295     
   151.00000000000000        28.409094535457150     
   152.00000000000000        27.310584925742234     
   153.00000000000000        26.253789794463867     
   154.00000000000000        25.237159304840063     
   155.00000000000000        24.259199659245652     
   156.00000000000000        23.318471142978161     
   157.00000000000000        22.413586233096755     
   158.00000000000000        21.543207770319988     
   159.00000000000000        20.706047192023671     
   160.00000000000000        19.900862824432977     
   161.00000000000000        19.126458232157081     
   162.00000000000000        18.381680623265137     
   163.00000000000000        17.665419308153954     
   164.00000000000000        16.976604210506444     
   165.00000000000000        16.314204428688438     
   166.00000000000000        15.677226845979133     
   167.00000000000000        15.064714788075790     
   168.00000000000000        14.475746726359240     
   169.00000000000000        13.909435025449957     
   170.00000000000000        13.364924733627642     
   171.00000000000000        12.841392414730105     
   172.00000000000000        12.338045020186026     
   173.00000000000000        11.854118799878174     
   174.00000000000000        11.388878250571336     
   175.00000000000000        10.941615100677311     
   176.00000000000000        10.511647330166262     
   177.00000000000000        10.098318224469704     
   178.00000000000000        9.7009954612555660     
   179.00000000000000        9.3190702289893608     
   180.00000000000000        8.9519563762292655     
   181.00000000000000        8.5990895906350531     
   182.00000000000000        8.2599266067019208     
   183.00000000000000        7.9339444412613007     
   184.00000000000000        7.6206396558203577     
   185.00000000000000        7.3195276448406315     
   186.00000000000000        7.0301419490846246     
   187.00000000000000        6.7520335931864501     
   188.00000000000000        6.4847704466291614     
   189.00000000000000        6.2279366073373312     
   190.00000000000000        5.9811318071183459     
   191.00000000000000        5.7439708382107586     
   192.00000000000000        5.5160830002209185     
   193.00000000000000        5.2971115667529567     
   194.00000000000000        5.0867132710589296     
   195.00000000000000        4.8845578100580322     
   196.00000000000000        4.6903273660943219     
   197.00000000000000        4.5037161458235353     
   198.00000000000000        4.3244299356386691     
   199.00000000000000        4.1521856730637490     
   200.00000000000000        3.9867110335636196     
   201.00000000000000        3.8277440322357670     
   202.00000000000000        3.6750326398677133     
   203.00000000000000        3.5283344128604575     
   204.00000000000000        3.3874161365352369     
   205.00000000000000        3.2520534813564881     
   206.00000000000000        3.1220306716194783     
   207.00000000000000        2.9971401661665262     
   208.00000000000000        2.8771823507096550     
   209.00000000000000        2.7619652413520233     
   210.00000000000000        2.6513041989141932     
   211.00000000000000        2.5450216536842061     
   212.00000000000000        2.4429468402236174     
   213.00000000000000        2.3449155418738306     
   214.00000000000000        2.2507698446192621     
   215.00000000000000        2.1603578999753461     
   216.00000000000000        2.0735336965808062     
   217.00000000000000        1.9901568401845466     
   218.00000000000000        1.9100923417279057     
   219.00000000000000        1.8332104132334663     
   220.00000000000000        1.7593862712213666     
   221.00000000000000        1.6884999473837610     
   222.00000000000000        1.6204361062570767     
   223.00000000000000        1.5550838696411671     
   224.00000000000000        1.4923366475225670     
   225.00000000000000        1.4320919752678709     
   226.00000000000000        1.3742513568612167     
   227.00000000000000        1.3187201139676383     
   228.00000000000000        1.2654072406118140     
   229.00000000000000        1.2142252632688759     
   230.00000000000000        1.1650901061712036     
   231.00000000000000        1.1179209616419374     
   232.00000000000000        1.0726401652725128     
   233.00000000000000        1.0291730757680173     
   234.00000000000000       0.98744795929032614     
   235.00000000000000       0.94739587813496129     
   236.00000000000000       0.90895058358340408     
   237.00000000000000       0.87204841277820089     
   238.00000000000000       0.83662818947358342     
   239.00000000000000       0.80263112851955742     
   240.00000000000000       0.77000074394244622     
   241.00000000000000       0.73868276048975867     
   242.00000000000000       0.70862502851195319     
   243.00000000000000       0.67977744205820878     
   244.00000000000000       0.65209186006769126     
   245.00000000000000       0.62552203054208932     
   246.00000000000000       0.60002351758921890     
   247.00000000000000       0.57555363123150816     
   248.00000000000000       0.55207135987695233     
   249.00000000000000       0.52953730535382559     
   250.00000000000000       0.50791362041401189     
   251.00000000000000       0.48716394861317730     
   252.00000000000000       0.46725336647945387     
   253.00000000000000       0.44814832788534309     
   254.00000000000000       0.42981661054076448     
   255.00000000000000       0.41222726452808345     
   256.00000000000000       0.39535056280284503     
   257.00000000000000       0.37915795358671839     
   258.00000000000000       0.36362201458183163     
   259.00000000000000       0.34871640893825329     
   260.00000000000000       0.33441584290887766     
   261.00000000000000       0.32069602512834894     
   262.00000000000000       0.30753362745503038     
   263.00000000000000       0.29490624731719567     
   264.00000000000000       0.28279237150681980     
   265.00000000000000       0.27117134136642157     
   266.00000000000000       0.26002331931640260     
   267.00000000000000       0.24932925667226391     
   268.00000000000000       0.23907086270295935     
   269.00000000000000       0.22923057488344595     
   270.00000000000000       0.21979153029619111     
   271.00000000000000       0.21073753813811941     
   272.00000000000000       0.20205305329105458     
   273.00000000000000       0.19372315091528727     
   274.00000000000000       0.18573350202738828     
   275.00000000000000       0.17807035002483410     
   276.00000000000000       0.17072048812140531     
   277.00000000000000       0.16367123765865949     
   278.00000000000000       0.15691042726006876     
   279.00000000000000       0.15042637279566390     
   280.00000000000000       0.14420785812623221     
   281.00000000000000       0.13824411659725586     
   282.00000000000000       0.13252481325391607     
   283.00000000000000       0.12704002774954992     
   284.00000000000000       0.12178023792097531     
   285.00000000000000       0.11673630400511745     
   286.00000000000000       0.11189945347231398     
   287.00000000000000       0.10726126645260578     
   288.00000000000000       0.10281366173221808     
   289.00000000000000        9.8548883298291159E-002
   290.00000000000000        9.4459487410744031E-002
   291.00000000000000        9.0538330180961468E-002
   292.00000000000000        8.6778555637753760E-002
   293.00000000000000        8.3173584261778066E-002
   294.00000000000000        7.9717101970332341E-002
   295.00000000000000        7.6403049535105197E-002
   296.00000000000000        7.3225612416134650E-002
   297.00000000000000        7.0179210995860081E-002
   298.00000000000000        6.7258491197767944E-002
   299.00000000000000        6.4458315474718364E-002
   300.00000000000000        6.1773754152604200E-002
   301.00000000000000        5.9200077115553716E-002
   302.00000000000000        5.6732745819394269E-002
   303.00000000000000        5.4367405620619202E-002
   304.00000000000000        5.2099878408577924E-002
   305.00000000000000        4.9926155529081834E-002
   306.00000000000000        4.7842390988066079E-002
   307.00000000000000        4.5844894924393045E-002
   308.00000000000000        4.3930127341284805E-002
   309.00000000000000        4.2094692086292990E-002
   310.00000000000000        4.0335331070090248E-002
   311.00000000000000        3.8648918714743366E-002
   312.00000000000000        3.7032456622489392E-002
   313.00000000000000        3.5483068456379462E-002
   314.00000000000000        3.3997995024490010E-002
   315.00000000000000        3.2574589559716746E-002
   316.00000000000000        3.1210313187479768E-002
   317.00000000000000        2.9902730573960815E-002
   318.00000000000000        2.8649505747779993E-002
   319.00000000000000        2.7448398088294135E-002
   320.00000000000000        2.6297258473960760E-002
   321.00000000000000        2.5194025584467525E-002
   322.00000000000000        2.4136722350571745E-002
   323.00000000000000        2.3123452545824649E-002
   324.00000000000000        2.2152397514588258E-002
   325.00000000000000        2.1221813030964154E-002
   326.00000000000000        2.0330026283464510E-002
   327.00000000000000        1.9475432980457928E-002
   328.00000000000000        1.8656494571614408E-002
   329.00000000000000        1.7871735580760321E-002
   330.00000000000000        1.7119741045732741E-002
   331.00000000000000        1.6399154060996169E-002
   332.00000000000000        1.5708673418947283E-002
   333.00000000000000        1.5047051345995139E-002
   334.00000000000000        1.4413091329654995E-002
   335.00000000000000        1.3805646033043555E-002
   336.00000000000000        1.3223615293301851E-002
   337.00000000000000        1.2665944200610738E-002
   338.00000000000000        1.2131621254592159E-002
   339.00000000000000        1.1619676595018920E-002
   340.00000000000000        1.1129180303870438E-002
   341.00000000000000        1.0659240775894842E-002
   342.00000000000000        1.0209003154945440E-002
   343.00000000000000        9.7776478334674205E-003
   344.00000000000000        9.3643890126145924E-003
   345.00000000000000        8.9684733205760894E-003
   346.00000000000000        8.5891784867855401E-003
   347.00000000000000        8.2258120697803055E-003
   348.00000000000000        7.8777102365634524E-003
   349.00000000000000        7.5442365914083877E-003
   350.00000000000000        7.2247810521257885E-003
   351.00000000000000        6.9187587718908374E-003
   352.00000000000000        6.6256091048056244E-003
   353.00000000000000        6.3447946134414556E-003
   354.00000000000000        6.0758001166768931E-003
   355.00000000000000        5.8181317762136340E-003
   356.00000000000000        5.5713162202166711E-003
   357.00000000000000        5.3348997025861999E-003
   358.00000000000000        5.1084472964285114E-003
   359.00000000000000        4.8915421203502892E-003
   360.00000000000000        4.6837845962543912E-003
   361.00000000000000        4.4847917373686602E-003
   362.00000000000000        4.2941964652895822E-003
   363.00000000000000        4.1116469548707086E-003
   364.00000000000000        3.9368060058328882E-003
   365.00000000000000        3.7693504400177014E-003
   366.00000000000000        3.6089705232488383E-003
   367.00000000000000        3.4553694108069646E-003
   368.00000000000000        3.3082626155641641E-003
   369.00000000000000        3.1673774978611706E-003
   370.00000000000000        3.0324527762479406E-003
   371.00000000000000        2.9032380582429576E-003
   372.00000000000000        2.7794933903006161E-003
   373.00000000000000        2.6609888262084389E-003
   374.00000000000000        2.5475040131668837E-003
   375.00000000000000        2.4388277948347832E-003
   376.00000000000000        2.3347578306518965E-003
   377.00000000000000        2.2351002307777865E-003
   378.00000000000000        2.1396692060127826E-003
   379.00000000000000        2.0482867320924312E-003
   380.00000000000000        1.9607822277708004E-003
   381.00000000000000        1.8769922461319539E-003
   382.00000000000000        1.7967601785914577E-003
   383.00000000000000        1.7199359710711444E-003
   384.00000000000000        1.6463758518513512E-003
   385.00000000000000        1.5759420706248637E-003
   386.00000000000000        1.5085026482959721E-003
   387.00000000000000        1.4439311370862248E-003
   388.00000000000000        1.3821063905265503E-003
   389.00000000000000        1.3229123429319802E-003
   390.00000000000000        1.2662377979718660E-003
   391.00000000000000        1.2119762259638954E-003
   392.00000000000000        1.1600255695352927E-003
   393.00000000000000        1.1102880573091055E-003
   394.00000000000000        1.0626700252871623E-003
   395.00000000000000        1.0170817456148125E-003
   396.00000000000000        9.7343726242499532E-004
   397.00000000000000        9.3165423447182821E-004
   398.00000000000000        8.9165378427527987E-004
   399.00000000000000        8.5336035351007869E-004
   400.00000000000000        8.1670156438273908E-004
   401.00000000000000        7.8160808675083030E-004
   402.00000000000000        7.4801351074891545E-004
   403.00000000000000        7.1585422469492459E-004
   404.00000000000000        6.8506929805994701E-004
   405.00000000000000        6.5560036929343838E-004
   406.00000000000000        6.2739153830400297E-004
   407.00000000000000        6.0038926340437893E-004
   408.00000000000000        5.7454226253679345E-004
   409.00000000000000        5.4980141860247337E-004
   410.00000000000000        5.2611968872625010E-004
   411.00000000000000        5.0345201729415920E-004
   412.00000000000000        4.8175525260837551E-004
   413.00000000000000        4.6098806701039968E-004
   414.00000000000000        4.4111088032937920E-004
   415.00000000000000        4.2208578651827612E-004
   416.00000000000000        4.0387648334630423E-004
   417.00000000000000        3.8644820502134746E-004
   418.00000000000000        3.6976765762129809E-004
   419.00000000000000        3.5380295721818103E-004
   420.00000000000000        3.3852357058372580E-004
   421.00000000000000        3.2390025836951335E-004
   422.00000000000000        3.0990502065936140E-004
   423.00000000000000        2.9651104479565358E-004
   424.00000000000000        2.8369265538545331E-004
   425.00000000000000        2.7142526639607777E-004
   426.00000000000000        2.5968533525349126E-004
   427.00000000000000        2.4845031886047724E-004
   428.00000000000000        2.3769863145494684E-004
   429.00000000000000        2.2740960423199588E-004
   430.00000000000000        2.1756344665650645E-004
   431.00000000000000        2.0814120939605183E-004
   432.00000000000000        1.9912474880681043E-004
   433.00000000000000        1.9049669290790433E-004
   434.00000000000000        1.8224040878231495E-004
   435.00000000000000        1.7433997134498193E-004
   436.00000000000000        1.6678013342124849E-004
   437.00000000000000        1.5954629708106642E-004
   438.00000000000000        1.5262448617668452E-004
   439.00000000000000        1.4600132003368701E-004
   440.00000000000000        1.3966398824731278E-004
   441.00000000000000        1.3360022653797544E-004
   442.00000000000000        1.2779829362181952E-004
   443.00000000000000        1.2224694905395961E-004
   444.00000000000000        1.1693543200380968E-004
   445.00000000000000        1.1185344092358938E-004
   446.00000000000000        1.0699111407270708E-004
   447.00000000000000        1.0233901086225616E-004
   448.00000000000000        9.7888093985351533E-005
   449.00000000000000        9.3629712300454115E-005
   450.00000000000000        8.9555584436180988E-005
   451.00000000000000        8.5657783087429614E-005
   452.00000000000000        8.1928719973869157E-005
   453.00000000000000        7.8361131433073156E-005
   454.00000000000000        7.4948064621712727E-005
   455.00000000000000        7.1682864299332634E-005
   456.00000000000000        6.8559160170294500E-005
   457.00000000000000        6.5570854760484273E-005
   458.00000000000000        6.2712111806355819E-005
   459.00000000000000        5.9977345134815670E-005
   460.00000000000000        5.7361208013348688E-005
   461.00000000000000        5.4858582950640683E-005
   462.00000000000000        5.2464571928780273E-005
   463.00000000000000        5.0174487048904338E-005
   464.00000000000000        4.7983841572919077E-005
   465.00000000000000        4.5888341344631880E-005
   466.00000000000000        4.3883876574354444E-005
   467.00000000000000        4.1966513971673487E-005
   468.00000000000000        4.0132489211740922E-005
   469.00000000000000        3.8378199721046163E-005
   470.00000000000000        3.6700197769213066E-005
   471.00000000000000        3.5095183853930366E-005
   472.00000000000000        3.3560000366667462E-005
   473.00000000000000        3.2091625527332956E-005
   474.00000000000000        3.0687167576541849E-005
   475.00000000000000        2.9343859214620757E-005
   476.00000000000000        2.8059052276943350E-005
   477.00000000000000        2.6830212635619397E-005
   478.00000000000000        2.5654915317980239E-005
   479.00000000000000        2.4530839832704886E-005
   480.00000000000000        2.3455765694814639E-005
   481.00000000000000        2.2427568141131340E-005
   482.00000000000000        2.1444214028144806E-005
   483.00000000000000        2.0503757904579780E-005
   484.00000000000000        1.9604338251269436E-005
   485.00000000000000        1.8744173881255022E-005
   486.00000000000000        1.7921560493332539E-005
   487.00000000000000        1.7134867372544535E-005
   488.00000000000000        1.6382534231397242E-005
   489.00000000000000        1.5663068185838617E-005
   490.00000000000000        1.4975040860285026E-005
   491.00000000000000        1.4317085616227095E-005
   492.00000000000000        1.3687894899173560E-005
   493.00000000000000        1.3086217698910917E-005
   494.00000000000000        1.2510857118273562E-005
   495.00000000000000        1.1960668045815795E-005
   496.00000000000000        1.1434554927975287E-005
   497.00000000000000        1.0931469636500551E-005
   498.00000000000000        1.0450409427097499E-005
   499.00000000000000        9.9904149854153593E-006
   500.00000000000000        9.5505685566612256E-006
   501.00000000000000        9.1299921552851463E-006
   502.00000000000000        8.7278458513309782E-006
   503.00000000000000        8.3433261301896328E-006
   504.00000000000000        7.9756643226314314E-006
   505.00000000000000        7.6241251021241812E-006
   506.00000000000000        7.2880050465721253E-006
   507.00000000000000        6.9666312617309896E-006
   508.00000000000000        6.6593600636709024E-006
   509.00000000000000        6.3655757177696349E-006
   510.00000000000000        6.0846892318265152E-006
   511.00000000000000        5.8161372009875967E-006
   512.00000000000000        5.5593807022724517E-006
   513.00000000000000        5.3139042365853902E-006
   514.00000000000000        5.0792147161832607E-006
   515.00000000000000        4.8548404956601636E-006
   516.00000000000000        4.6403304445887245E-006
   517.00000000000000        4.4352530600390653E-006
   518.00000000000000        4.2391956172707292E-006
   519.00000000000000        4.0517633569653333E-006
   520.00000000000000        3.8725787074378668E-006
   521.00000000000000        3.7012805403297836E-006
   522.00000000000000        3.5375234583517988E-006
   523.00000000000000        3.3809771137038655E-006
   524.00000000000000        3.2313255558597176E-006
   525.00000000000000        3.0882666074580494E-006
   526.00000000000000        2.9515112670959954E-006
   527.00000000000000        2.8207831378728313E-006
   528.00000000000000        2.6958178805796570E-006
   529.00000000000000        2.5763626904785575E-006
   530.00000000000000        2.4621757966596296E-006
   531.00000000000000        2.3530259830071690E-006
   532.00000000000000        2.2486921298479493E-006
   533.00000000000000        2.1489627753938160E-006
   534.00000000000000        2.0536356961284894E-006
   535.00000000000000        1.9625175053256504E-006
   536.00000000000000        1.8754232689184884E-006
   537.00000000000000        1.7921761379760476E-006
   538.00000000000000        1.7126069970719955E-006
   539.00000000000000        1.6365541278627448E-006
   540.00000000000000        1.5638628872208017E-006
   541.00000000000000        1.4943853992973508E-006
   542.00000000000000        1.4279802609145484E-006
   543.00000000000000        1.3645122597138395E-006
   544.00000000000000        1.3038521045112581E-006
   545.00000000000000        1.2458761673338731E-006
   546.00000000000000        1.1904662366343271E-006
   547.00000000000000        1.1375092812017578E-006
   548.00000000000000        1.0868972243081639E-006
   549.00000000000000        1.0385267276489049E-006
   550.00000000000000        9.9229898465504968E-007
   551.00000000000000        9.4811952277337577E-007
   552.00000000000000        9.0589801432692208E-007
   553.00000000000000        8.6554809558604144E-007
   554.00000000000000        8.2698719369536069E-007
   555.00000000000000        7.9013636111749855E-007
   556.00000000000000        7.5492011726887884E-007
   557.00000000000000        7.2126629703690482E-007
   558.00000000000000        6.8910590588116756E-007
   559.00000000000000        6.5837298123409317E-007
   560.00000000000000        6.2900445992864088E-007
   561.00000000000000        6.0094005139239315E-007
   562.00000000000000        5.7412211635863852E-007
   563.00000000000000        5.4849555085570611E-007
   564.00000000000000        5.2400767524607639E-007
   565.00000000000000        5.0060812809669217E-007
   566.00000000000000        4.7824876467124291E-007
   567.00000000000000        4.5688355984423466E-007
   568.00000000000000        4.3646851524524299E-007
   569.00000000000000        4.1696157045006881E-007
   570.00000000000000        3.9832251804333655E-007
   571.00000000000000        3.8051292238468364E-007
   572.00000000000000        3.6349604191790867E-007
   573.00000000000000        3.4723675486941612E-007
   574.00000000000000        3.3170148818883206E-007
   575.00000000000000        3.1685814959109898E-007
   576.00000000000000        3.0267606256542611E-007
   577.00000000000000        2.8912590422222641E-007
   578.00000000000000        2.7617964585472995E-007
   579.00000000000000        2.6381049609745752E-007
   580.00000000000000        2.5199284656853510E-007
   581.00000000000000        2.4070221988801953E-007
   582.00000000000000        2.2991521996882848E-007
   583.00000000000000        2.1960948448150321E-007
   584.00000000000000        2.0976363939819806E-007
   585.00000000000000        2.0035725552543044E-007
   586.00000000000000        1.9137080693907039E-007
   587.00000000000000        1.8278563123869112E-007
   588.00000000000000        1.7458389154212504E-007
   589.00000000000000        1.6674854014437595E-007
   590.00000000000000        1.5926328376841101E-007
   591.00000000000000        1.5211255033845143E-007
   592.00000000000000        1.4528145720938954E-007
   593.00000000000000        1.3875578078886232E-007
   594.00000000000000        1.3252192749124909E-007
   595.00000000000000        1.2656690596547369E-007
   596.00000000000000        1.2087830054105832E-007
   597.00000000000000        1.1544424583925521E-007
   598.00000000000000        1.1025340249838743E-007
   599.00000000000000        1.0529493396476276E-007
   600.00000000000000        1.0055848430262666E-007
   601.00000000000000        9.6034156978617697E-008
   602.00000000000000        9.1712494578166452E-008
   603.00000000000000        8.7584459413106223E-008
   604.00000000000000        8.3641414981515317E-008
   605.00000000000000        7.9875108242552186E-008
   606.00000000000000        7.6277652670623405E-008
   607.00000000000000        7.2841512054792657E-008
   608.00000000000000        6.9559485010826597E-008
   609.00000000000000        6.6424690174680483E-008
   610.00000000000000        6.3430552047596234E-008
   611.00000000000000        6.0570787464274894E-008
   612.00000000000000        5.7839392656841855E-008
   613.00000000000000        5.5230630888486437E-008
   614.00000000000000        5.2739020631838589E-008
   615.00000000000000        5.0359324268180768E-008
   616.00000000000000        4.8086537284677213E-008
   617.00000000000000        4.5915877947774615E-008
   618.00000000000000        4.3842777431899455E-008
   619.00000000000000        4.1862870383454628E-008
   620.00000000000000        3.9971985901043488E-008
   621.00000000000000        3.8166138913628428E-008
   622.00000000000000        3.6441521939163728E-008
   623.00000000000000        3.4794497206993653E-008
   624.00000000000000        3.3221589128039296E-008
   625.00000000000000        3.1719477097491551E-008
   626.00000000000000        3.0284988615399293E-008
   627.00000000000000        2.8915092711186178E-008
   628.00000000000000        2.7606893658722365E-008
   629.00000000000000        2.6357624969186162E-008
   630.00000000000000        2.5164643649491420E-008
   631.00000000000000        2.4025424714594477E-008
   632.00000000000000        2.2937555942516659E-008
   633.00000000000000        2.1898732861392184E-008
   634.00000000000000        2.0906753958329719E-008
   635.00000000000000        1.9959516100319819E-008
   636.00000000000000        1.9055010157848515E-008
   637.00000000000000        1.8191316822285095E-008
   638.00000000000000        1.7366602608509579E-008
   639.00000000000000        1.6579116034609442E-008
   640.00000000000000        1.5827183970845810E-008
   641.00000000000000        1.5109208150418652E-008
   642.00000000000000        1.4423661834901222E-008
   643.00000000000000        1.3769086627514473E-008
   644.00000000000000        1.3144089427722413E-008
   645.00000000000000        1.2547339520908524E-008
   646.00000000000000        1.1977565797170427E-008
   647.00000000000000        1.1433554093533357E-008
   648.00000000000000        1.0914144654128642E-008
   649.00000000000000        1.0418229703127758E-008
   650.00000000000000        9.9447511254504623E-009
   651.00000000000000        9.4926982504814952E-009
   652.00000000000000        9.0611057342451316E-009
   653.00000000000000        8.6490515356816468E-009
   654.00000000000000        8.2556549828665439E-009
   655.00000000000000        7.8800749251912437E-009
   656.00000000000000        7.5215079677042895E-009
   657.00000000000000        7.1791867839752841E-009
   658.00000000000000        6.8523785040070902E-009
   659.00000000000000        6.5403831738725134E-009
   660.00000000000000        6.2425322838995066E-009
   661.00000000000000        5.9581873623693144E-009
   662.00000000000000        5.6867386318237898E-009
   663.00000000000000        5.4276037252082656E-009
   664.00000000000000        5.1802264591978126E-009
   665.00000000000000        4.9440756621713692E-009
   666.00000000000000        4.7186440544106029E-009
   667.00000000000000        4.5034471782073090E-009
   668.00000000000000        4.2980223756650416E-009
   669.00000000000000        4.1019278120788059E-009
   670.00000000000000        3.9147415428700920E-009
   671.00000000000000        3.7360606221428779E-009
   672.00000000000000        3.5655002510140256E-009
   673.00000000000000        3.4026929639499590E-009
   674.00000000000000        3.2472878514226535E-009
   675.00000000000000        3.0989498172703693E-009
   676.00000000000000        2.9573588692214369E-009
   677.00000000000000        2.8222094411061952E-009
   678.00000000000000        2.6932097453492254E-009
   679.00000000000000        2.5700811543942120E-009
   680.00000000000000        2.4525576097754444E-009
   681.00000000000000        2.3403850576053034E-009
   682.00000000000000        2.2333209093026950E-009
   683.00000000000000        2.1311335264387241E-009
   684.00000000000000        2.0336017286259299E-009
   685.00000000000000        1.9405143234251491E-009
   686.00000000000000        1.8516696572893298E-009
   687.00000000000000        1.7668751866070376E-009
   688.00000000000000        1.6859470679501969E-009
   689.00000000000000        1.6087097666701488E-009
   690.00000000000000        1.5349956830241491E-009
   691.00000000000000        1.4646447950505285E-009
   692.00000000000000        1.3975043174459305E-009
   693.00000000000000        1.3334283757304151E-009
   694.00000000000000        1.2722776950188478E-009
   695.00000000000000        1.2139193027462265E-009
   696.00000000000000        1.1582262447246547E-009
   697.00000000000000        1.1050773139363514E-009
   698.00000000000000        1.0543567914943275E-009
   699.00000000000000        1.0059541992270443E-009
   700.00000000000000        9.5976406336793110E-010
   701.00000000000000        9.1568568885339574E-010
   702.00000000000000        8.7362294375550679E-010
   703.00000000000000        8.3348405339600722E-010
   704.00000000000000        7.9518140370902707E-010
   705.00000000000000        7.5863135343868029E-010
   706.00000000000000        7.2375405477663557E-010
   707.00000000000000        6.9047328206176880E-010
   708.00000000000000        6.5871626818133827E-010
   709.00000000000000        6.2841354832885611E-010
   710.00000000000000        5.9949881078943214E-010
   711.00000000000000        5.7190875443773678E-010
   712.00000000000000        5.4558295264812516E-010
   713.00000000000000        5.2046372332955976E-010
   714.00000000000000        4.9649600481099872E-010
   715.00000000000000        4.7362723731491130E-010
   716.00000000000000        4.5180724976864034E-010
   717.00000000000000        4.3098815171410321E-010
   718.00000000000000        4.1112423008728833E-010
   719.00000000000000        3.9217185064911486E-010
   720.00000000000000        3.7408936385899436E-010
   721.00000000000000        3.5683701499165775E-010
   722.00000000000000        3.4037685830693323E-010
   723.00000000000000        3.2467267509041446E-010
   724.00000000000000        3.0968989539128522E-010
   725.00000000000000        2.9539552329119851E-010
   726.00000000000000        2.8175806554568240E-010
   727.00000000000000        2.6874746344643679E-010
   728.00000000000000        2.5633502775989414E-010
   729.00000000000000        2.4449337660367267E-010
   730.00000000000000        2.3319637612889734E-010
   731.00000000000000        2.2241908388221321E-010
   732.00000000000000        2.1213769472692692E-010
   733.00000000000000        2.0232948920822405E-010
   734.00000000000000        1.9297278425240709E-010
   735.00000000000000        1.8404688609517057E-010
   736.00000000000000        1.7553204533856060E-010
   737.00000000000000        1.6740941404075920E-010
   738.00000000000000        1.5966100474716477E-010
   739.00000000000000        1.5226965137534359E-010
   740.00000000000000        1.4521897187028706E-010
   741.00000000000000        1.3849333255023319E-010
   742.00000000000000        1.3207781406687697E-010
   743.00000000000000        1.2595817890712852E-010
   744.00000000000000        1.2012084036698058E-010
   745.00000000000000        1.1455283293105120E-010
   746.00000000000000        1.0924178399440142E-010
   747.00000000000000        1.0417588686608118E-010
   748.00000000000000        9.9343874996547759E-011
   749.00000000000000        9.4734997373716686E-011
   750.00000000000000        9.0338995034899296E-011
   751.00000000000000        8.6146078644213863E-011
   752.00000000000000        8.2146907087370164E-011
   753.00000000000000        7.8332567037863073E-011
   754.00000000000000        7.4694553450673176E-011
   755.00000000000000        7.1224750941559480E-011
   756.00000000000000        6.7915416011937211E-011
   757.00000000000000        6.4759160081064305E-011
   758.00000000000000        6.1748933289075679E-011
   759.00000000000000        5.8878009035967767E-011
   760.00000000000000        5.6139969223248087E-011
   761.00000000000000        5.3528690166459527E-011
   762.00000000000000        5.1038329148210853E-011
   763.00000000000000        4.8663311582716625E-011
   764.00000000000000        4.6398318764165536E-011
   765.00000000000000        4.4238276172466770E-011
   766.00000000000000        4.2178342311139873E-011
   767.00000000000000        4.0213898053223389E-011
   768.00000000000000        3.8340536472199438E-011
   769.00000000000000        3.6554053135931908E-011
   770.00000000000000        3.4850436842639327E-011
   771.00000000000000        3.3225860778859034E-011
   772.00000000000000        3.1676674080255402E-011
   773.00000000000000        3.0199393777007199E-011
   774.00000000000000        2.8790697106320432E-011
   775.00000000000000        2.7447414175404408E-011
   776.00000000000000        2.6166520959008073E-011
   777.00000000000000        2.4945132616323627E-011
   778.00000000000000        2.3780497112753148E-011
   779.00000000000000        2.2669989132699204E-011
   780.00000000000000        2.1611104270149037E-011
   781.00000000000000        2.0601453484436863E-011
   782.00000000000000        1.9638757809130878E-011
   783.00000000000000        1.8720843302534995E-011
   784.00000000000000        1.7845636228824546E-011
   785.00000000000000        1.7011158459327980E-011
   786.00000000000000        1.6215523083934621E-011
   787.00000000000000        1.5456930223077518E-011
   788.00000000000000        1.4733663031157159E-011
   789.00000000000000        1.4044083882697247E-011
   790.00000000000000        1.3386630732912822E-011
   791.00000000000000        1.2759813644747689E-011
   792.00000000000000        1.2162211474802247E-011
   793.00000000000000        1.1592468710912240E-011
   794.00000000000000        1.1049292454470131E-011
   795.00000000000000        1.0531449540892266E-011
   796.00000000000000        1.0037763791934944E-011
   797.00000000000000        9.5671133938506650E-012
   798.00000000000000        9.1184283956431160E-012
   799.00000000000000        8.6906883219457473E-012
   800.00000000000000        8.2829198952941711E-012
   801.00000000000000        7.8941948628011413E-012
   802.00000000000000        7.5236279224693588E-012
   803.00000000000000        7.1703747445947101E-012
   804.00000000000000        6.8336300839171967E-012
   805.00000000000000        6.5126259783766191E-012
   806.00000000000000        6.2066300305172141E-012
   807.00000000000000        5.9149437677647784E-012
   808.00000000000000        5.6369010779731963E-012
   809.00000000000000        5.3718667167996100E-012
   810.00000000000000        5.1192348836251296E-012
   811.00000000000000        4.8784278628868308E-012
   812.00000000000000        4.6488947278296054E-012
   813.00000000000000        4.4301101038225988E-012
   814.00000000000000        4.2215729885159990E-012
   815.00000000000000        4.0228056262353403E-012
   816.00000000000000        3.8333524341324894E-012
   817.00000000000000        3.6527789777233806E-012
   818.00000000000000        3.4806709935506389E-012
   819.00000000000000        3.3166334568133988E-012
   820.00000000000000        3.1602896919044083E-012
   821.00000000000000        3.0112805238880451E-012
   822.00000000000000        2.8692634690435966E-012
   823.00000000000000        2.7339119626825233E-012
   824.00000000000000        2.6049146225313242E-012
   825.00000000000000        2.4819745460492812E-012
   826.00000000000000        2.3648086401233770E-012
   827.00000000000000        2.2531469816568659E-012
   828.00000000000000        2.1467322076323823E-012
   829.00000000000000        2.0453189332978662E-012
   830.00000000000000        1.9486731971834842E-012
   831.00000000000000        1.8565719317186993E-012
   832.00000000000000        1.7688024582727023E-012
   833.00000000000000        1.6851620054970037E-012
   834.00000000000000        1.6054572498997208E-012
   835.00000000000000        1.5295038776292591E-012
   836.00000000000000        1.4571261664932739E-012
   837.00000000000000        1.3881565872824384E-012
   838.00000000000000        1.3224354235109719E-012
   839.00000000000000        1.2598104087274549E-012
   840.00000000000000        1.2001363805872937E-012
   841.00000000000000        1.1432749509158477E-012
   842.00000000000000        1.0890941910260732E-012
   843.00000000000000        1.0374683315888404E-012
   844.00000000000000        9.8827747638550497E-013
   845.00000000000000        9.4140732930386899E-013
   846.00000000000000        8.9674893396717641E-013
   847.00000000000000        8.5419842541450911E-013
   848.00000000000000        8.1365679327677500E-013
   849.00000000000000        7.7502965591914137E-013
   850.00000000000000        7.3822704504363675E-013
   851.00000000000000        7.0316320027022304E-013
   852.00000000000000        6.6975637323566303E-013
   853.00000000000000        6.3792864077163565E-013
   854.00000000000000        6.0760572674266107E-013
   855.00000000000000        5.7871683214470698E-013
   856.00000000000000        5.5119447308275978E-013
   857.00000000000000        5.2497432626395470E-013
   858.00000000000000        4.9999508165892800E-013
   859.00000000000000        4.7619830200050466E-013
   860.00000000000000        4.5352828880378751E-013
   861.00000000000000        4.3193195460624554E-013
   862.00000000000000        4.1135870114048702E-013
   863.00000000000000        3.9176030316530699E-013
   864.00000000000000        3.7309079769345607E-013
   865.00000000000000        3.5530637836658188E-013
   866.00000000000000        3.3836529473920296E-013
   867.00000000000000        3.2222775624458309E-013
   868.00000000000000        3.0685584062588750E-013
   869.00000000000000        2.9221340662588318E-013
   870.00000000000000        2.7826601073809278E-013
   871.00000000000000        2.6498082783124054E-013
   872.00000000000000        2.5232657546769419E-013
   873.00000000000000        2.4027344174468631E-013
   874.00000000000000        2.2879301649510767E-013
   875.00000000000000        2.1785822569221343E-013
   876.00000000000000        2.0744326890962212E-013
   877.00000000000000        1.9752355969503732E-013
   878.00000000000000        1.8807566872251078E-013
   879.00000000000000        1.7907726959436553E-013
   880.00000000000000        1.7050708716984258E-013
   881.00000000000000        1.6234484830323382E-013
   882.00000000000000        1.5457123487959772E-013
   883.00000000000000        1.4716783904149091E-013
   884.00000000000000        1.4011712050484723E-013
   885.00000000000000        1.3340236586705996E-013
   886.00000000000000        1.2700764981466814E-013
   887.00000000000000        1.2091779814239238E-013
   888.00000000000000        1.1511835249931577E-013
   889.00000000000000        1.0959553678193510E-013
   890.00000000000000        1.0433622509749367E-013
   891.00000000000000        9.9327911224560902E-014
   892.00000000000000        9.4558679501211152E-014
   893.00000000000000        9.0017177074382781E-014
   894.00000000000000        8.5692587447041537E-014
   895.00000000000000        8.1574605262781694E-014
   896.00000000000000        7.7653412270187984E-014
   897.00000000000000        7.3919654412078042E-014
   898.00000000000000        7.0364419987169829E-014
   899.00000000000000        6.6979218834254862E-014
   900.00000000000000        6.3755962491190988E-014
   901.00000000000000        6.0686945283298826E-014
   902.00000000000000        5.7764826297812397E-014
   903.00000000000000        5.4982612203086844E-014
   904.00000000000000        5.2333640873127813E-014
   905.00000000000000        4.9811565779903516E-014
   906.00000000000000        4.7410341117591196E-014
   907.00000000000000        4.5124207624599278E-014
   908.00000000000000        4.2947679070791599E-014
   909.00000000000000        4.0875529378845220E-014
   910.00000000000000        3.8902780350130916E-014
   911.00000000000000        3.7024689966868528E-014
   912.00000000000000        3.5236741243630328E-014
   913.00000000000000        3.3534631602520735E-014
   914.00000000000000        3.1914262747538802E-014
   915.00000000000000        3.0371731014801711E-014
   916.00000000000000        2.8903318176350730E-014
   917.00000000000000        2.7505482676336050E-014
   918.00000000000000        2.6174851279342839E-014
   919.00000000000000        2.4908211111570079E-014
   920.00000000000000        2.3702502076470163E-014
   921.00000000000000        2.2554809627315654E-014
   922.00000000000000        2.1462357879979732E-014
   923.00000000000000        2.0422503049988210E-014
   924.00000000000000        1.9432727198652560E-014
   925.00000000000000        1.8490632273794699E-014
   926.00000000000000        1.7593934431257013E-014
   927.00000000000000        1.6740458624030700E-014
   928.00000000000000        1.5928133446447959E-014
   929.00000000000000        1.5154986221480265E-014
   930.00000000000000        1.4419138319726572E-014
   931.00000000000000        1.3718800699226764E-014
   932.00000000000000        1.3052269655724096E-014
   933.00000000000000        1.2417922773506123E-014
   934.00000000000000        1.1814215067394524E-014
   935.00000000000000        1.1239675306909896E-014
   936.00000000000000        1.0692902514048456E-014
   937.00000000000000        1.0172562626513749E-014
   938.00000000000000        9.6773853186225117E-015
   939.00000000000000        9.2061609724742034E-015
   940.00000000000000        8.7577377923128745E-015
   941.00000000000000        8.3310190553495691E-015
   942.00000000000000        7.9249604926200729E-015
   943.00000000000000        7.5385677937617031E-015
   944.00000000000000        7.1708942298718220E-015
   945.00000000000000        6.8210383888911404E-015
   946.00000000000000        6.4881420182093206E-015
   947.00000000000000        6.1713879694440359E-015
   948.00000000000000        5.8699982405762604E-015
   949.00000000000000        5.5832321108558070E-015
   950.00000000000000        5.3103843641011728E-015
   951.00000000000000        5.0507835962276267E-015
   952.00000000000000        4.8037906030284565E-015
   953.00000000000000        4.5687968444251604E-015
   954.00000000000000        4.3452229815766327E-015
   955.00000000000000        4.1325174834093827E-015
   956.00000000000000        3.9301552992901806E-015
   957.00000000000000        3.7376365947185143E-015
   958.00000000000000        3.5544855470613581E-015
   959.00000000000000        3.3802491984940667E-015
   960.00000000000000        3.2144963634433766E-015
   961.00000000000000        3.0568165879562149E-015
   962.00000000000000        2.9068191585394985E-015
   963.00000000000000        2.7641321581311509E-015
   964.00000000000000        2.6284015669722114E-015
   965.00000000000000        2.4992904062564002E-015
   966.00000000000000        2.3764779225316123E-015
   967.00000000000000        2.2596588109248242E-015
   968.00000000000000        2.1485424753512963E-015
   969.00000000000000        2.0428523239573440E-015
   970.00000000000000        1.9423250981262726E-015
   971.00000000000000        1.8467102334579993E-015
   972.00000000000000        1.7557692512059517E-015
   973.00000000000000        1.6692751787280616E-015
   974.00000000000000        1.5870119975751058E-015
   975.00000000000000        1.5087741179059166E-015
   976.00000000000000        1.4343658779799842E-015
   977.00000000000000        1.3636010675376623E-015
   978.00000000000000        1.2963024739334387E-015
   979.00000000000000        1.2323014499423826E-015
   980.00000000000000        1.1714375022100376E-015
   981.00000000000000        1.1135578993652262E-015
   982.00000000000000        1.0585172988611653E-015
   983.00000000000000        1.0061773916549310E-015
   984.00000000000000        9.5640656387688741E-016
   985.00000000000000        9.0907957468227153E-016
   986.00000000000000        8.6407724951506416E-016
   987.00000000000000        8.2128618805085711E-016
   988.00000000000000        7.8059848611996346E-016
   989.00000000000000        7.4191147094530917E-016
   990.00000000000000        7.0512744906111308E-016
   991.00000000000000        6.7015346630816254E-016
   992.00000000000000        6.3690107933045160E-016
   993.00000000000000        6.0528613802510903E-016
   994.00000000000000        5.7522857842324991E-016
   995.00000000000000        5.4665222550462782E-016
   996.00000000000000        5.1948460547210561E-016
   997.00000000000000        4.9365676703485242E-016
   998.00000000000000        4.6910311127007375E-016
   999.00000000000000        4.4576122965411540E-016
   1000.0000000000000        4.2357174987263286E-016
