# Recoil energy (kev)        Event rate (events/gev)
   1.0000000000000000        2889.0249191310095     
   2.0000000000000000        5631.7468076802406     
   3.0000000000000000        8232.0722035171239     
   4.0000000000000000        10693.936706066990     
   5.0000000000000000        13021.293367049107     
   6.0000000000000000        15218.102013368070     
   7.0000000000000000        17288.319447863727     
   8.0000000000000000        19235.890476228731     
   9.0000000000000000        21064.739710905385     
   10.000000000000000        22778.764105172795     
   11.000000000000000        24381.826172940371     
   12.000000000000000        25877.747851971784     
   13.000000000000000        27270.304970381643     
   14.000000000000000        28563.222278276990     
   15.000000000000000        29760.169008357560     
   16.000000000000000        30864.754931152078     
   17.000000000000000        31880.526872345723     
   18.000000000000000        32810.965661360147     
   19.000000000000000        33659.483481973875     
   20.000000000000000        34429.421597329456     
   21.000000000000000        35124.048423160784     
   22.000000000000000        35746.557924492838     
   23.000000000000000        36300.068312425996     
   24.000000000000000        36787.621018906822     
   25.000000000000000        37212.179928624173     
   26.000000000000000        37576.630848346038     
   27.000000000000000        37883.781195133110     
   28.000000000000000        38136.359885934631     
   29.000000000000000        38337.017412089008     
   30.000000000000000        38488.326083220651     
   31.000000000000000        38592.780425946134     
   32.000000000000000        38652.797723677540     
   33.000000000000000        38670.718684647938     
   34.000000000000000        38648.808226070294     
   35.000000000000000        38589.256363098386     
   36.000000000000000        38494.179191968869     
   37.000000000000000        38365.619957381889     
   38.000000000000000        38205.550194821459     
   39.000000000000000        38015.870939124514     
   40.000000000000000        37798.413991186317     
   41.000000000000000        37554.943235235420     
   42.000000000000000        37287.155999630580     
   43.000000000000000        36996.684454621020     
   44.000000000000000        36685.097040974979     
   45.000000000000000        36353.899923819357     
   46.000000000000000        36004.538466447688     
   47.000000000000000        35638.398719243793     
   48.000000000000000        35256.808919236588     
   49.000000000000000        34861.040996151474     
   50.000000000000000        34452.312081148317     
   51.000000000000000        34031.786014748177     
   52.000000000000000        33600.574850738660     
   53.000000000000000        33159.740353123154     
   54.000000000000000        32710.295483435948     
   55.000000000000000        32253.205875985528     
   56.000000000000000        31789.391298817318     
   57.000000000000000        31319.727098397365     
   58.000000000000000        30845.045626219919     
   59.000000000000000        30366.137645727114     
   60.000000000000000        29883.753718104388     
   61.000000000000000        29398.605565678463     
   62.000000000000000        28911.367411797193     
   63.000000000000000        28422.677296212933     
   64.000000000000000        27933.138365123545     
   65.000000000000000        27443.320135149308     
   66.000000000000000        26953.759730637452     
   67.000000000000000        26464.963093795137     
   68.000000000000000        25977.406167247391     
   69.000000000000000        25491.536048711165     
   70.000000000000000        25007.772117559467     
   71.000000000000000        24526.507133128547     
   72.000000000000000        24048.108304693094     
   73.000000000000000        23572.918333100821     
   74.000000000000000        23101.256424117957     
   75.000000000000000        22633.419273594900     
   76.000000000000000        22169.682024609057     
   77.000000000000000        21710.299196791828     
   78.000000000000000        21255.505588086391     
   79.000000000000000        20805.517149221982     
   80.000000000000000        20360.531831225209     
   81.000000000000000        19920.730406319304     
   82.000000000000000        19486.277262589876     
   83.000000000000000        19057.321172821234     
   84.000000000000000        18633.996037927838     
   85.000000000000000        18216.421605425385     
   86.000000000000000        17804.704163402446     
   87.000000000000000        17398.937210467837     
   88.000000000000000        16999.202102160434     
   89.000000000000000        16605.568674319598     
   90.000000000000000        16218.095843920773     
   91.000000000000000        15836.832187889000     
   92.000000000000000        15461.816500407078     
   93.000000000000000        15093.078329238288     
   94.000000000000000        14730.638491586786     
   95.000000000000000        14374.509570018268     
   96.000000000000000        14024.696388963770     
   97.000000000000000        13681.196472328325     
   98.000000000000000        13344.000482723150     
   99.000000000000000        13013.092642837002     
   100.00000000000000        12688.451139458735     
   101.00000000000000        12370.048510657412     
   102.00000000000000        12057.852016621446     
   103.00000000000000        11751.823994652232     
   104.00000000000000        11451.922198800357     
   105.00000000000000        11158.100124626641     
   106.00000000000000        10870.307319561331     
   107.00000000000000        10588.489679328162     
   108.00000000000000        10312.589730890701     
   109.00000000000000        10042.546902370981     
   110.00000000000000        9778.2977803804661     
   111.00000000000000        9519.7763551955941     
   112.00000000000000        9266.9142542003829     
   113.00000000000000        9019.6409640093007     
   114.00000000000000        8777.8840416747880     
   115.00000000000000        8541.5693153735629     
   116.00000000000000        8310.6210749574038     
   117.00000000000000        8084.9622527433266     
   118.00000000000000        7864.5145949098096     
   119.00000000000000        7649.1988238553231     
   120.00000000000000        7438.9347918661979     
   121.00000000000000        7233.6416264317622     
   122.00000000000000        7033.2378675346345     
   123.00000000000000        6837.6415972356190     
   124.00000000000000        6646.7705618626333     
   125.00000000000000        6460.5422871044693     
   126.00000000000000        6278.8741863012956     
   127.00000000000000        6101.6836622144856     
   128.00000000000000        5928.8882025500407     
   129.00000000000000        5760.4054695011991     
   130.00000000000000        5596.1533835672117     
   131.00000000000000        5436.0502018970164     
   132.00000000000000        5280.0145913987571     
   133.00000000000000        5127.9656968472846     
   134.00000000000000        4979.8232042150266     
   135.00000000000000        4835.5073994430031     
   136.00000000000000        4694.9392228617444     
   137.00000000000000        4558.0403194645914     
   138.00000000000000        4424.7330852284040     
   139.00000000000000        4294.9407096699542     
   140.00000000000000        4168.5872148194094     
   141.00000000000000        4045.5974907856121     
   142.00000000000000        3925.8973280814994     
   143.00000000000000        3809.4134468715565     
   144.00000000000000        3696.0735232972734     
   145.00000000000000        3585.8062130303247     
   146.00000000000000        3478.5411721977630     
   147.00000000000000        3374.2090758175259     
   148.00000000000000        3272.7416338773282     
   149.00000000000000        3174.0716051846211     
   150.00000000000000        3078.1328091102187     
   151.00000000000000        2984.8601353428871     
   152.00000000000000        2894.1895517680614     
   153.00000000000000        2806.0581105783176     
   154.00000000000000        2720.4039527192831     
   155.00000000000000        2637.1663107700588     
   156.00000000000000        2556.2855103531374     
   157.00000000000000        2477.7029701642809     
   158.00000000000000        2401.3612007094875     
   159.00000000000000        2327.2038018318299     
   160.00000000000000        2255.1754591074091     
   161.00000000000000        2185.2219391862322     
   162.00000000000000        2117.2900841501264     
   163.00000000000000        2051.3278049566779     
   164.00000000000000        1987.2840740349095     
   165.00000000000000        1925.1089170952696     
   166.00000000000000        1864.7534042136363     
   167.00000000000000        1806.1696402460591     
   168.00000000000000        1749.3107546282981     
   169.00000000000000        1694.1308906115630     
   170.00000000000000        1640.5851939831318     
   171.00000000000000        1588.6298013184153     
   172.00000000000000        1538.2218278082462     
   173.00000000000000        1489.3193547033452     
   174.00000000000000        1441.8814164153132     
   175.00000000000000        1395.8679873118315     
   176.00000000000000        1351.2399682413427     
   177.00000000000000        1307.9591728209043     
   178.00000000000000        1265.9883135188350     
   179.00000000000000        1225.2909875620987     
   180.00000000000000        1185.8316626967082     
   181.00000000000000        1147.5756628277188     
   182.00000000000000        1110.4891535639081     
   183.00000000000000        1074.5391276907128     
   184.00000000000000        1039.6933905936178     
   185.00000000000000        1005.9205456527599     
   186.00000000000000        973.18997962828143     
   187.00000000000000        941.47184805472136     
   188.00000000000000        910.73706066147645     
   189.00000000000000        880.95726683538203     
   190.00000000000000        852.10484114018720     
   191.00000000000000        824.15286890685672     
   192.00000000000000        797.07513190756163     
   193.00000000000000        770.84609412529312     
   194.00000000000000        745.44088763014406     
   195.00000000000000        720.83529857251210     
   196.00000000000000        697.00575330260517     
   197.00000000000000        673.92930462490290     
   198.00000000000000        651.58361819550998     
   199.00000000000000        629.94695906961158     
   200.00000000000000        608.99817840565788     
   201.00000000000000        588.71670033218186     
   202.00000000000000        569.08250898269011     
   203.00000000000000        550.07613570339845     
   204.00000000000000        531.67864643813243     
   205.00000000000000        513.87162929419947     
   206.00000000000000        496.63718229252243     
   207.00000000000000        479.95790130498654     
   208.00000000000000        463.81686818139758     
   209.00000000000000        448.19763906816900     
   210.00000000000000        433.08423292042590     
   211.00000000000000        418.46112020888245     
   212.00000000000000        404.31321182250304     
   213.00000000000000        390.62584816768782     
   214.00000000000000        377.38478846438466     
   215.00000000000000        364.57620023929474     
   216.00000000000000        352.18664901607769     
   217.00000000000000        340.20308820220919     
   218.00000000000000        328.61284917195098     
   219.00000000000000        317.40363154465422     
   220.00000000000000        306.56349365745342     
   221.00000000000000        296.08084323123541     
   222.00000000000000        285.94442822853654     
   223.00000000000000        276.14332790199126     
   224.00000000000000        266.66694403168856     
   225.00000000000000        257.50499234972943     
   226.00000000000000        248.64749415017855     
   227.00000000000000        240.08476808242168     
   228.00000000000000        231.80742212591255     
   229.00000000000000        223.80634574417201     
   230.00000000000000        216.07270221580916     
   231.00000000000000        208.59792114029287     
   232.00000000000000        201.37369111610602     
   233.00000000000000        194.39195258887634     
   234.00000000000000        187.64489086701190     
   235.00000000000000        181.12492930234751     
   236.00000000000000        174.82472263323058     
   237.00000000000000        168.73715048748087     
   238.00000000000000        162.85531104261577     
   239.00000000000000        157.17251484069305     
   240.00000000000000        151.68227875514162     
   241.00000000000000        146.37832010690670     
   242.00000000000000        141.25455092722910     
   243.00000000000000        136.30507236440107     
   244.00000000000000        131.52416923180922     
   245.00000000000000        126.90630469457604     
   246.00000000000000        122.44611509215639     
   247.00000000000000        118.13840489419992     
   248.00000000000000        113.97814178704452     
   249.00000000000000        109.96045188818782     
   250.00000000000000        106.08061508613322     
   251.00000000000000        102.33406050298612     
   252.00000000000000        98.716362077235843     
   253.00000000000000        95.223234264145361     
   254.00000000000000        91.850527851225479     
   255.00000000000000        88.594225886272895     
   256.00000000000000        85.450439715492990     
   257.00000000000000        82.415405129248001     
   258.00000000000000        79.485478613005924     
   259.00000000000000        76.657133701095162     
   260.00000000000000        73.926957430898781     
   261.00000000000000        71.291646895158749     
   262.00000000000000        68.748005890092585     
   263.00000000000000        66.292941657054342     
   264.00000000000000        63.923461715515714     
   265.00000000000000        61.636670785169287     
   266.00000000000000        59.429767794996856     
   267.00000000000000        57.300042977177135     
   268.00000000000000        55.244875043747577     
   269.00000000000000        53.261728443972537     
   270.00000000000000        51.348150700397007     
   271.00000000000000        49.501769821614523     
   272.00000000000000        47.720291789803497     
   273.00000000000000        46.001498121132997     
   274.00000000000000        44.343243497167336     
   275.00000000000000        42.743453465435515     
   276.00000000000000        41.200122207377142     
   277.00000000000000        39.711310371902151     
   278.00000000000000        38.275142972841827     
   279.00000000000000        36.889807348606027     
   280.00000000000000        35.553551182394450     
   281.00000000000000        34.264680581344855     
   282.00000000000000        33.021558213039384     
   283.00000000000000        31.822601497819999     
   284.00000000000000        30.666280855401691     
   285.00000000000000        29.551118004303234     
   286.00000000000000        28.475684312653726     
   287.00000000000000        27.438599198956947     
   288.00000000000000        26.438528581438664     
   289.00000000000000        25.474183374626175     
   290.00000000000000        24.544318031844448     
   291.00000000000000        23.647729132345034     
   292.00000000000000        22.783254011811270     
   293.00000000000000        21.949769435017469     
   294.00000000000000        21.146190309446862     
   295.00000000000000        20.371468438703161     
   296.00000000000000        19.624591314578883     
   297.00000000000000        18.904580946673338     
   298.00000000000000        18.210492728478869     
   299.00000000000000        17.541414338881957     
   300.00000000000000        16.896464678053110     
   301.00000000000000        16.274792836725386     
   302.00000000000000        15.675577097886096     
   303.00000000000000        15.098023969932774     
   304.00000000000000        14.541367250369204     
   305.00000000000000        14.004867119140101     
   306.00000000000000        13.487809260727852     
   307.00000000000000        12.989504014158488     
   308.00000000000000        12.509285550085272     
   309.00000000000000        12.046511074140982     
   310.00000000000000        11.600560055773963     
   311.00000000000000        11.170833481799686     
   312.00000000000000        10.756753133925507     
   313.00000000000000        10.357760889522378     
   314.00000000000000        9.9733180449406724     
   315.00000000000000        9.6029046606835688     
   316.00000000000000        9.2460189277732319     
   317.00000000000000        8.9021765546612475     
   318.00000000000000        8.5709101740541076     
   319.00000000000000        8.2517687690430481     
   320.00000000000000        7.9443171179418091     
   321.00000000000000        7.6481352572563734     
   322.00000000000000        7.3628179622248346     
   323.00000000000000        7.0879742443814671     
   324.00000000000000        6.8232268656171922     
   325.00000000000000        6.5682118682198025     
   326.00000000000000        6.3225781203964599     
   327.00000000000000        6.0859868767920942     
   328.00000000000000        5.8581113535335980     
   329.00000000000000        5.6386363173421099     
   330.00000000000000        5.4272576882697852     
   331.00000000000000        5.2236821556306401     
   332.00000000000000        5.0276268067068219     
   333.00000000000000        4.8388187678251704     
   334.00000000000000        4.6569948574098969     
   335.00000000000000        4.4819012506303899     
   336.00000000000000        4.3132931552724747     
   337.00000000000000        4.1509344984747907     
   338.00000000000000        3.9945976239807943     
   339.00000000000000        3.8440629995693407     
   340.00000000000000        3.6991189343347997     
   341.00000000000000        3.5595613054997037     
   342.00000000000000        3.4251932944513528     
   343.00000000000000        3.2958251317034359     
   344.00000000000000        3.1712738504930496     
   345.00000000000000        3.0513630487323273     
   346.00000000000000        2.9359226590424234     
   347.00000000000000        2.8247887266059388     
   348.00000000000000        2.7178031945824763     
   349.00000000000000        2.6148136968390228     
   350.00000000000000        2.5156733577558628     
   351.00000000000000        2.4202405988745666     
   352.00000000000000        2.3283789521636331     
   353.00000000000000        2.2399568796829215     
   354.00000000000000        2.1548475994355991     
   355.00000000000000        2.0729289172029617     
   356.00000000000000        1.9940830641637746     
   357.00000000000000        1.9181965401059700     
   358.00000000000000        1.8451599620447163     
   359.00000000000000        1.7748679180670826     
   360.00000000000000        1.7072188262284422     
   361.00000000000000        1.6421147983322595     
   362.00000000000000        1.5794615084297041     
   363.00000000000000        1.5191680658807503     
   364.00000000000000        1.4611468928239062     
   365.00000000000000        1.4053136059062150     
   366.00000000000000        1.3515869021301874     
   367.00000000000000        1.2998884486787685     
   368.00000000000000        1.2501427765841608     
   369.00000000000000        1.2022771781104580     
   370.00000000000000        1.1562216077243352     
   371.00000000000000        1.1119085865322016     
   372.00000000000000        1.0692731100660320     
   373.00000000000000        1.0282525593040786     
   374.00000000000000       0.98878661481637731     
   375.00000000000000       0.95081717392833398     
   376.00000000000000       0.91428827079960229     
   377.00000000000000       0.87914599931838489     
   378.00000000000000       0.84533843871488767     
   379.00000000000000       0.81281558180080082     
   380.00000000000000       0.78152926574454218     
   381.00000000000000       0.75143310529521579     
   382.00000000000000       0.72248242837105714     
   383.00000000000000       0.69463421393087443     
   384.00000000000000       0.66784703204975715     
   385.00000000000000       0.64208098612292908     
   386.00000000000000       0.61729765712420515     
   387.00000000000000       0.59346004984785494     
   388.00000000000000       0.57053254106520679     
   389.00000000000000       0.54848082952952137     
   390.00000000000000       0.52727188776490508     
   391.00000000000000       0.50687391557726225     
   392.00000000000000       0.48725629522729075     
   393.00000000000000       0.46838954820759604     
   394.00000000000000       0.45024529356791604     
   395.00000000000000       0.43279620773442434     
   396.00000000000000       0.41601598577076709     
   397.00000000000000       0.39987930403044880     
   398.00000000000000       0.38436178415168637     
   399.00000000000000       0.36943995834771698     
   400.00000000000000       0.35509123594698960     
   401.00000000000000       0.34129387113929105     
   402.00000000000000       0.32802693188537096     
   403.00000000000000       0.31527026994903551     
   404.00000000000000       0.30300449201213225     
   405.00000000000000       0.29121093183417207     
   406.00000000000000       0.27987162341963012     
   407.00000000000000       0.26896927515732866     
   408.00000000000000       0.25848724489739150     
   409.00000000000000       0.24840951593258326     
   410.00000000000000       0.23872067385188622     
   411.00000000000000       0.22940588423537037     
   412.00000000000000       0.22045087116038464     
   413.00000000000000       0.21184189649021568     
   414.00000000000000       0.20356573991733665     
   415.00000000000000       0.19560967973430912     
   416.00000000000000       0.18796147430636884     
   417.00000000000000       0.18060934422062358     
   418.00000000000000       0.17354195508765172     
   419.00000000000000       0.16674840097215146     
   420.00000000000000       0.16021818843009988     
   421.00000000000000       0.15394122113064104     
   422.00000000000000       0.14790778504175214     
   423.00000000000000       0.14210853415939653     
   424.00000000000000       0.13653447676062136     
   425.00000000000000       0.13117696216175509     
   426.00000000000000       0.12602766796348278     
   427.00000000000000       0.12107858776525901     
   428.00000000000000       0.11632201933210944     
   429.00000000000000       0.11175055319748103     
   430.00000000000000       0.10735706168637738     
   431.00000000000000       0.10313468834356306     
   432.00000000000000        9.9076837752178834E-002
   433.00000000000000        9.5177165728599578E-002
   434.00000000000000        9.1429569879907607E-002
   435.00000000000000        8.7828180510787446E-002
   436.00000000000000        8.4367351867175130E-002
   437.00000000000000        8.1041653704390135E-002
   438.00000000000000        7.7845863167952015E-002
   439.00000000000000        7.4774956975692419E-002
   440.00000000000000        7.1824103890171437E-002
   441.00000000000000        6.8988657470811357E-002
   442.00000000000000        6.6264149095534255E-002
   443.00000000000000        6.3646281242054611E-002
   444.00000000000000        6.1130921019328543E-002
   445.00000000000000        5.8714093940007137E-002
   446.00000000000000        5.6391977925067706E-002
   447.00000000000000        5.4160897532106192E-002
   448.00000000000000        5.2017318399094084E-002
   449.00000000000000        4.9957841895682552E-002
   450.00000000000000        4.7979199974434374E-002
   451.00000000000000        4.6078250214629704E-002
   452.00000000000000        4.4251971051561242E-002
   453.00000000000000        4.2497457184491293E-002
   454.00000000000000        4.0811915156680874E-002
   455.00000000000000        3.9192659101154721E-002
   456.00000000000000        3.7637106646079957E-002
   457.00000000000000        3.6142774973865970E-002
   458.00000000000000        3.4707277028306192E-002
   459.00000000000000        3.3328317864285945E-002
   460.00000000000000        3.2003691134780694E-002
   461.00000000000000        3.0731275710061151E-002
   462.00000000000000        2.9509032424205460E-002
   463.00000000000000        2.8335000944197112E-002
   464.00000000000000        2.7207296757062141E-002
   465.00000000000000        2.6124108270656275E-002
   466.00000000000000        2.5083694023887652E-002
   467.00000000000000        2.4084380002296932E-002
   468.00000000000000        2.3124557055081381E-002
   469.00000000000000        2.2202678409781358E-002
   470.00000000000000        2.1317257280993002E-002
   471.00000000000000        2.0466864569598273E-002
   472.00000000000000        1.9650126649141442E-002
   473.00000000000000        1.8865723236090572E-002
   474.00000000000000        1.8112385340856515E-002
   475.00000000000000        1.7388893296548680E-002
   476.00000000000000        1.6694074862558961E-002
   477.00000000000000        1.6026803400174174E-002
   478.00000000000000        1.5385996117519904E-002
   479.00000000000000        1.4770612381234956E-002
   480.00000000000000        1.4179652092377187E-002
   481.00000000000000        1.3612154124149824E-002
   482.00000000000000        1.3067194819124411E-002
   483.00000000000000        1.2543886543728858E-002
   484.00000000000000        1.2041376297846672E-002
   485.00000000000000        1.1558844377452377E-002
   486.00000000000000        1.1095503088290477E-002
   487.00000000000000        1.0650595508672403E-002
   488.00000000000000        1.0223394299542402E-002
   489.00000000000000        9.8132005600299384E-003
   490.00000000000000        9.4193427267714146E-003
   491.00000000000000        9.0411755153501534E-003
   492.00000000000000        8.6780789022636202E-003
   493.00000000000000        8.3294571458843603E-003
   494.00000000000000        7.9947378449436220E-003
   495.00000000000000        7.6733710331137617E-003
   496.00000000000000        7.3648283083263110E-003
   497.00000000000000        7.0686019955073370E-003
   498.00000000000000        6.7842043414653684E-003
   499.00000000000000        6.5111667407106782E-003
   500.00000000000000        6.2490389910340371E-003
   501.00000000000000        5.9973885777138362E-003
   502.00000000000000        5.7557999852646310E-003
   503.00000000000000        5.5238740356798799E-003
   504.00000000000000        5.3012272521618595E-003
   505.00000000000000        5.0874912473684820E-003
   506.00000000000000        4.8823121352437864E-003
   507.00000000000000        4.6853499655337165E-003
   508.00000000000000        4.4962781801229663E-003
   509.00000000000000        4.3147830903599920E-003
   510.00000000000000        4.1405633745704492E-003
   511.00000000000000        3.9733295949873158E-003
   512.00000000000000        3.8128037333571138E-003
   513.00000000000000        3.6587187445078005E-003
   514.00000000000000        3.5108181271920279E-003
   515.00000000000000        3.3688555115447146E-003
   516.00000000000000        3.2325942625190708E-003
   517.00000000000000        3.1018070986893595E-003
   518.00000000000000        2.9762757258314492E-003
   519.00000000000000        2.8557904847147679E-003
   520.00000000000000        2.7401500125607734E-003
   521.00000000000000        2.6291609176432354E-003
   522.00000000000000        2.5226374665262342E-003
   523.00000000000000        2.4204012834538866E-003
   524.00000000000000        2.3222810614254019E-003
   525.00000000000000        2.2281122845059960E-003
   526.00000000000000        2.1377369609411269E-003
   527.00000000000000        2.0510033666588066E-003
   528.00000000000000        1.9677657987596771E-003
   529.00000000000000        1.8878843386101638E-003
   530.00000000000000        1.8112246241686013E-003
   531.00000000000000        1.7376576311882858E-003
   532.00000000000000        1.6670594629549971E-003
   533.00000000000000        1.5993111482296225E-003
   534.00000000000000        1.5342984470788803E-003
   535.00000000000000        1.4719116642897987E-003
   536.00000000000000        1.4120454700741318E-003
   537.00000000000000        1.3545987277815556E-003
   538.00000000000000        1.2994743283500094E-003
   539.00000000000000        1.2465790312325539E-003
   540.00000000000000        1.1958233115499377E-003
   541.00000000000000        1.1471212132277409E-003
   542.00000000000000        1.1003902078860379E-003
   543.00000000000000        1.0555510592584970E-003
   544.00000000000000        1.0125276929266003E-003
   545.00000000000000        9.7124707116241608E-004
   546.00000000000000        9.3163907268173536E-004
   547.00000000000000        8.9363637711680789E-004
   548.00000000000000        8.5717435402518367E-004
   549.00000000000000        8.2219095625831243E-004
   550.00000000000000        7.8862661752030720E-004
   551.00000000000000        7.5642415395392936E-004
   552.00000000000000        7.2552866959672239E-004
   553.00000000000000        6.9588746555683317E-004
   554.00000000000000        6.6744995276344569E-004
   555.00000000000000        6.4016756815246569E-004
   556.00000000000000        6.1399369415351577E-004
   557.00000000000000        5.8888358134942303E-004
   558.00000000000000        5.6479427418432680E-004
   559.00000000000000        5.4168453960146579E-004
   560.00000000000000        5.1951479849601692E-004
   561.00000000000000        4.9824705987312160E-004
   562.00000000000000        4.7784485760524035E-004
   563.00000000000000        4.5827318968718597E-004
   564.00000000000000        4.3949845989106975E-004
   565.00000000000000        4.2148842172726869E-004
   566.00000000000000        4.0421212462099856E-004
   567.00000000000000        3.8763986221779305E-004
   568.00000000000000        3.7174312273432239E-004
   569.00000000000000        3.5649454127449192E-004
   570.00000000000000        3.4186785403356548E-004
   571.00000000000000        3.2783785431634243E-004
   572.00000000000000        3.1438035029811127E-004
   573.00000000000000        3.0147212445991108E-004
   574.00000000000000        2.8909089463238807E-004
   575.00000000000000        2.7721527658491749E-004
   576.00000000000000        2.6582474809931167E-004
   577.00000000000000        2.5489961446967555E-004
   578.00000000000000        2.4442097537224024E-004
   579.00000000000000        2.3437069305136090E-004
   580.00000000000000        2.2473136176968467E-004
   581.00000000000000        2.1548627847282147E-004
   582.00000000000000        2.0661941462054692E-004
   583.00000000000000        1.9811538913857567E-004
   584.00000000000000        1.8995944244674969E-004
   585.00000000000000        1.8213741152106239E-004
   586.00000000000000        1.7463570594879974E-004
   587.00000000000000        1.6744128493753065E-004
   588.00000000000000        1.6054163524027739E-004
   589.00000000000000        1.5392474996065927E-004
   590.00000000000000        1.4757910820322172E-004
   591.00000000000000        1.4149365553550372E-004
   592.00000000000000        1.3565778522974651E-004
   593.00000000000000        1.3006132025338992E-004
   594.00000000000000        1.2469449597869023E-004
   595.00000000000000        1.1954794358297341E-004
   596.00000000000000        1.1461267411219946E-004
   597.00000000000000        1.0988006318147738E-004
   598.00000000000000        1.0534183628733779E-004
   599.00000000000000        1.0099005470746178E-004
   600.00000000000000        9.6817101964569320E-005
   601.00000000000000        9.2815670832051026E-005
   602.00000000000000        8.8978750859866932E-005
   603.00000000000000        8.5299616400014551E-005
   604.00000000000000        8.1771815111727667E-005
   605.00000000000000        7.8389156927331560E-005
   606.00000000000000        7.5145703460438487E-005
   607.00000000000000        7.2035757838890380E-005
   608.00000000000000        6.9053854945534037E-005
   609.00000000000000        6.6194752050610490E-005
   610.00000000000000        6.3453419820149690E-005
   611.00000000000000        6.0825033685402911E-005
   612.00000000000000        5.8304965558918853E-005
   613.00000000000000        5.5888775883444059E-005
   614.00000000000000        5.3572206000387594E-005
   615.00000000000000        5.1351170825082876E-005
   616.00000000000000        4.9221751816626534E-005
   617.00000000000000        4.7180190230516248E-005
   618.00000000000000        4.5222880642809444E-005
   619.00000000000000        4.3346364734945867E-005
   620.00000000000000        4.1547325328827483E-005
   621.00000000000000        3.9822580662150021E-005
   622.00000000000000        3.8169078894375902E-005
   623.00000000000000        3.6583892834125865E-005
   624.00000000000000        3.5064214879138837E-005
   625.00000000000000        3.3607352160272479E-005
   626.00000000000000        3.2210721881396265E-005
   627.00000000000000        3.0871846847319303E-005
   628.00000000000000        2.9588351172222841E-005
   629.00000000000000        2.8357956161361082E-005
   630.00000000000000        2.7178476359093186E-005
   631.00000000000000        2.6047815756560422E-005
   632.00000000000000        2.4963964152621227E-005
   633.00000000000000        2.3924993661881922E-005
   634.00000000000000        2.2929055363925474E-005
   635.00000000000000        2.1974376088064218E-005
   636.00000000000000        2.1059255328178037E-005
   637.00000000000000        2.0182062282404986E-005
   638.00000000000000        1.9341233012673518E-005
   639.00000000000000        1.8535267719251967E-005
   640.00000000000000        1.7762728125692925E-005
   641.00000000000000        1.7022234969731457E-005
   642.00000000000000        1.6312465595871142E-005
   643.00000000000000        1.5632151645568023E-005
   644.00000000000000        1.4980076841079669E-005
   645.00000000000000        1.4355074859206835E-005
   646.00000000000000        1.3756027291307601E-005
   647.00000000000000        1.3181861686105654E-005
   648.00000000000000        1.2631549671954920E-005
   649.00000000000000        1.2104105155355421E-005
   650.00000000000000        1.1598582592647281E-005
   651.00000000000000        1.1114075331925458E-005
   652.00000000000000        1.0649714022344879E-005
   653.00000000000000        1.0204665088092445E-005
   654.00000000000000        9.7781292644154882E-006
   655.00000000000000        9.3693401931985096E-006
   656.00000000000000        8.9775630756822336E-006
   657.00000000000000        8.6020933800151224E-006
   658.00000000000000        8.2422556014200937E-006
   659.00000000000000        7.8974020728475393E-006
   660.00000000000000        7.5669118240721927E-006
   661.00000000000000        7.2501894872751605E-006
   662.00000000000000        6.9466642472250706E-006
   663.00000000000000        6.6557888342568414E-006
   664.00000000000000        6.3770385583109513E-006
   665.00000000000000        6.1099103823715700E-006
   666.00000000000000        5.8539220337054867E-006
   667.00000000000000        5.6086111513702223E-006
   668.00000000000000        5.3735344685195306E-006
   669.00000000000000        5.1482670280950597E-006
   670.00000000000000        4.9324014305505527E-006
   671.00000000000000        4.7255471123062851E-006
   672.00000000000000        4.5273296536877490E-006
   673.00000000000000        4.3373901151507541E-006
   674.00000000000000        4.1553844006436538E-006
   675.00000000000000        3.9809826470042656E-006
   676.00000000000000        3.8138686383330139E-006
   677.00000000000000        3.6537392443270707E-006
   678.00000000000000        3.5003038816011479E-006
   679.00000000000000        3.3532839970592500E-006
   680.00000000000000        3.2124125724211001E-006
   681.00000000000000        3.0774336490410230E-006
   682.00000000000000        2.9481018721944066E-006
   683.00000000000000        2.8241820540378475E-006
   684.00000000000000        2.7054487544830070E-006
   685.00000000000000        2.5916858792537116E-006
   686.00000000000000        2.4826862944265476E-006
   687.00000000000000        2.3782514567825516E-006
   688.00000000000000        2.2781910593253376E-006
   689.00000000000000        2.1823226913469084E-006
   690.00000000000000        2.0904715124479124E-006
   691.00000000000000        2.0024699399425501E-006
   692.00000000000000        1.9181573491015786E-006
   693.00000000000000        1.8373797857099754E-006
   694.00000000000000        1.7599896904351475E-006
   695.00000000000000        1.6858456345240199E-006
   696.00000000000000        1.6148120663658343E-006
   697.00000000000000        1.5467590684762923E-006
   698.00000000000000        1.4815621244771404E-006
   699.00000000000000        1.4191018956623722E-006
   700.00000000000000        1.3592640067588970E-006
   701.00000000000000        1.3019388405052567E-006
   702.00000000000000        1.2470213406878551E-006
   703.00000000000000        1.1944108232880000E-006
   704.00000000000000        1.1440107954079968E-006
   705.00000000000000        1.0957287816573398E-006
   706.00000000000000        1.0494761576937273E-006
   707.00000000000000        1.0051679906251724E-006
   708.00000000000000        9.6272288599245582E-007
   709.00000000000000        9.2206284106183914E-007
   710.00000000000000        8.8311310416923788E-007
   711.00000000000000        8.4580203986772734E-007
   712.00000000000000        8.1006099964012870E-007
   713.00000000000000        7.7582419794834661E-007
   714.00000000000000        7.4302859340031040E-007
   715.00000000000000        7.1161377482436209E-007
   716.00000000000000        6.8152185204960598E-007
   717.00000000000000        6.5269735119872879E-007
   718.00000000000000        6.2508711430805837E-007
   719.00000000000000        5.9864020309667326E-007
   720.00000000000000        5.7330780671440932E-007
   721.00000000000000        5.4904315330466653E-007
   722.00000000000000        5.2580142522546756E-007
   723.00000000000000        5.0353967777804186E-007
   724.00000000000000        4.8221676129860944E-007
   725.00000000000000        4.6179324647499451E-007
   726.00000000000000        4.4223135275523368E-007
   727.00000000000000        4.2349487972078815E-007
   728.00000000000000        4.0554914130236809E-007
   729.00000000000000        3.8836090272106587E-007
   730.00000000000000        3.7189832004261818E-007
   731.00000000000000        3.5613088223703388E-007
   732.00000000000000        3.4102935564020102E-007
   733.00000000000000        3.2656573071855103E-007
   734.00000000000000        3.1271317104160813E-007
   735.00000000000000        2.9944596437149284E-007
   736.00000000000000        2.8673947578183003E-007
   737.00000000000000        2.7457010272241190E-007
   738.00000000000000        2.6291523194921782E-007
   739.00000000000000        2.5175319824274627E-007
   740.00000000000000        2.4106324484080612E-007
   741.00000000000000        2.3082548551487895E-007
   742.00000000000000        2.2102086822218405E-007
   743.00000000000000        2.1163114026824456E-007
   744.00000000000000        2.0263881491752939E-007
   745.00000000000000        1.9402713939228149E-007
   746.00000000000000        1.8578006420208068E-007
   747.00000000000000        1.7788221374910997E-007
   748.00000000000000        1.7031885815629594E-007
   749.00000000000000        1.6307588626770175E-007
   750.00000000000000        1.5613977977268493E-007
   751.00000000000000        1.4949758840719062E-007
   752.00000000000000        1.4313690618762499E-007
   753.00000000000000        1.3704584863452276E-007
   754.00000000000000        1.3121303094494760E-007
   755.00000000000000        1.2562754707432078E-007
   756.00000000000000        1.2027894968999459E-007
   757.00000000000000        1.1515723096036164E-007
   758.00000000000000        1.1025280414489979E-007
   759.00000000000000        1.0555648595187729E-007
   760.00000000000000        1.0105947963189146E-007
   761.00000000000000        9.6753358776669835E-008
   762.00000000000000        9.2630051793889018E-008
   763.00000000000000        8.8681827029896776E-008
   764.00000000000000        8.4901278513455957E-008
   765.00000000000000        8.1281312294701601E-008
   766.00000000000000        7.7815133354574297E-008
   767.00000000000000        7.4496233061017017E-008
   768.00000000000000        7.1318377149222226E-008
   769.00000000000000        6.8275594204113094E-008
   770.00000000000000        6.5362164624190939E-008
   771.00000000000000        6.2572610046717231E-008
   772.00000000000000        5.9901683215032394E-008
   773.00000000000000        5.7344358269619119E-008
   774.00000000000000        5.4895821445261963E-008
   775.00000000000000        5.2551462157402121E-008
   776.00000000000000        5.0306864461480402E-008
   777.00000000000000        4.8157798869722467E-008
   778.00000000000000        4.6100214510494573E-008
   779.00000000000000        4.4130231615931174E-008
   780.00000000000000        4.2244134324171540E-008
   781.00000000000000        4.0438363783080479E-008
   782.00000000000000        3.8709511542885406E-008
   783.00000000000000        3.7054313225680989E-008
   784.00000000000000        3.5469642460246573E-008
   785.00000000000000        3.3952505071118134E-008
   786.00000000000000        3.2500033511292599E-008
   787.00000000000000        3.1109481528405465E-008
   788.00000000000000        2.9778219054622982E-008
   789.00000000000000        2.8503727310922251E-008
   790.00000000000000        2.7283594116791279E-008
   791.00000000000000        2.6115509396775004E-008
   792.00000000000000        2.4997260875643436E-008
   793.00000000000000        2.3926729954293596E-008
   794.00000000000000        2.2901887758836296E-008
   795.00000000000000        2.1920791355623763E-008
   796.00000000000000        2.0981580125279873E-008
   797.00000000000000        2.0082472289085005E-008
   798.00000000000000        1.9221761581336355E-008
   799.00000000000000        1.8397814061582486E-008
   800.00000000000000        1.7609065060874991E-008
   801.00000000000000        1.6854016256424301E-008
   802.00000000000000        1.6131232869291463E-008
   803.00000000000000        1.5439340979956169E-008
   804.00000000000000        1.4777024956829563E-008
   805.00000000000000        1.4143024992974250E-008
   806.00000000000000        1.3536134746505086E-008
   807.00000000000000        1.2955199080319065E-008
   808.00000000000000        1.2399111896992998E-008
   809.00000000000000        1.1866814064861607E-008
   810.00000000000000        1.1357291431447799E-008
   811.00000000000000        1.0869572920585161E-008
   812.00000000000000        1.0402728709719242E-008
   813.00000000000000        9.9558684840257107E-009
   814.00000000000000        9.5281397641203404E-009
   815.00000000000000        9.1187263042706732E-009
   816.00000000000000        8.7268465581531595E-009
   817.00000000000000        8.3517522093151056E-009
   818.00000000000000        7.9927267636265091E-009
   819.00000000000000        7.6490842011181198E-009
   820.00000000000000        7.3201676847081528E-009
   821.00000000000000        7.0053483234295375E-009
   822.00000000000000        6.7040239878657842E-009
   823.00000000000000        6.4156181756003615E-009
   824.00000000000000        6.1395789245770610E-009
   825.00000000000000        5.8753777723573107E-009
   826.00000000000000        5.6225087593417724E-009
   827.00000000000000        5.3804874741087190E-009
   828.00000000000000        5.1488501390951313E-009
   829.00000000000000        4.9271527349245605E-009
   830.00000000000000        4.7149701617524092E-009
   831.00000000000000        4.5118954360728104E-009
   832.00000000000000        4.3175389214916657E-009
   833.00000000000000        4.1315275920360409E-009
   834.00000000000000        3.9535043266292635E-009
   835.00000000000000        3.7831272334189056E-009
   836.00000000000000        3.6200690026982503E-009
   837.00000000000000        3.4640162872181949E-009
   838.00000000000000        3.3146691087322200E-009
   839.00000000000000        3.1717402896706430E-009
   840.00000000000000        3.0349549088830794E-009
   841.00000000000000        2.9040497804340163E-009
   842.00000000000000        2.7787729544790250E-009
   843.00000000000000        2.6588832392901527E-009
   844.00000000000000        2.5441497435374787E-009
   845.00000000000000        2.4343514379718534E-009
   846.00000000000000        2.3292767356896843E-009
   847.00000000000000        2.2287230901956990E-009
   848.00000000000000        2.1324966105105928E-009
   849.00000000000000        2.0404116926051250E-009
   850.00000000000000        1.9522906664696473E-009
   851.00000000000000        1.8679634581591120E-009
   852.00000000000000        1.7872672661799226E-009
   853.00000000000000        1.7100462516130600E-009
   854.00000000000000        1.6361512413920901E-009
   855.00000000000000        1.5654394441801799E-009
   856.00000000000000        1.4977741783127357E-009
   857.00000000000000        1.4330246112959519E-009
   858.00000000000000        1.3710655103716193E-009
   859.00000000000000        1.3117770036802352E-009
   860.00000000000000        1.2550443515737731E-009
   861.00000000000000        1.2007577276484663E-009
   862.00000000000000        1.1488120090858884E-009
   863.00000000000000        1.0991065759083478E-009
   864.00000000000000        1.0515451187708323E-009
   865.00000000000000        1.0060354549279276E-009
   866.00000000000000        9.6248935202950134E-010
   867.00000000000000        9.2082235941295137E-010
   868.00000000000000        8.8095364657470616E-010
   869.00000000000000        8.4280584851639163E-010
   870.00000000000000        8.0630491767421358E-010
   871.00000000000000        7.7137998215237492E-010
   872.00000000000000        7.3796320999320857E-010
   873.00000000000000        7.0598967922775543E-010
   874.00000000000000        6.7539725346166630E-010
   875.00000000000000        6.4612646276158267E-010
   876.00000000000000        6.1812038961673311E-010
   877.00000000000000        5.9132455976063939E-010
   878.00000000000000        5.6568683764631767E-010
   879.00000000000000        5.4115732637745310E-010
   880.00000000000000        5.1768827190633300E-010
   881.00000000000000        4.9523397131719234E-010
   882.00000000000000        4.7375068502132533E-010
   883.00000000000000        4.5319655269802253E-010
   884.00000000000000        4.3353151282173833E-010
   885.00000000000000        4.1471722562334499E-010
   886.00000000000000        3.9671699933928517E-010
   887.00000000000000        3.7949571960886966E-010
   888.00000000000000        3.6301978188585801E-010
   889.00000000000000        3.4725702673597679E-010
   890.00000000000000        3.3217667789780643E-010
   891.00000000000000        3.1774928298917416E-010
   892.00000000000000        3.0394665674667759E-010
   893.00000000000000        2.9074182669041232E-010
   894.00000000000000        2.7810898111065054E-010
   895.00000000000000        2.6602341927768915E-010
   896.00000000000000        2.5446150377998377E-010
   897.00000000000000        2.4340061490018728E-010
   898.00000000000000        2.3281910694202362E-010
   899.00000000000000        2.2269626642503357E-010
   900.00000000000000        2.1301227206750917E-010
   901.00000000000000        2.0374815648142621E-010
   902.00000000000000        1.9488576950639236E-010
   903.00000000000000        1.8640774311272094E-010
   904.00000000000000        1.7829745780669349E-010
   905.00000000000000        1.7053901047400608E-010
   906.00000000000000        1.6311718359995623E-010
   907.00000000000000        1.5601741580770871E-010
   908.00000000000000        1.4922577365835671E-010
   909.00000000000000        1.4272892465893898E-010
   910.00000000000000        1.3651411142682874E-010
   911.00000000000000        1.3056912696115349E-010
   912.00000000000000        1.2488229097396573E-010
   913.00000000000000        1.1944242723589256E-010
   914.00000000000000        1.1423884189293929E-010
   915.00000000000000        1.0926130271298266E-010
   916.00000000000000        1.0450001922217607E-010
   917.00000000000000        9.9945623693290523E-011
   918.00000000000000        9.5589152949559249E-011
   919.00000000000000        9.1422030949148253E-011
   920.00000000000000        8.7436052116905946E-011
   921.00000000000000        8.3623365391410274E-011
   922.00000000000000        7.9976458956741229E-011
   923.00000000000000        7.6488145629681710E-011
   924.00000000000000        7.3151548874300661E-011
   925.00000000000000        6.9960089417088637E-011
   926.00000000000000        6.6907472436921109E-011
   927.00000000000000        6.3987675305272839E-011
   928.00000000000000        6.1194935853105587E-011
   929.00000000000000        5.8523741141898443E-011
   930.00000000000000        5.5968816717207832E-011
   931.00000000000000        5.3525116324114709E-011
   932.00000000000000        5.1187812064762300E-011
   933.00000000000000        4.8952284979044578E-011
   934.00000000000000        4.6814116030313529E-011
   935.00000000000000        4.4769077478752578E-011
   936.00000000000000        4.2813124625790696E-011
   937.00000000000000        4.0942387913665807E-011
   938.00000000000000        3.9153165364891082E-011
   939.00000000000000        3.7441915347067138E-011
   940.00000000000000        3.5805249649069926E-011
   941.00000000000000        3.4239926855270780E-011
   942.00000000000000        3.2742846004995314E-011
   943.00000000000000        3.1311040524985025E-011
   944.00000000000000        2.9941672423139258E-011
   945.00000000000000        2.8632026732336315E-011
   946.00000000000000        2.7379506193578903E-011
   947.00000000000000        2.6181626168212404E-011
   948.00000000000000        2.5036009769352808E-011
   949.00000000000000        2.3940383203134864E-011
   950.00000000000000        2.2892571310747037E-011
   951.00000000000000        2.1890493302642362E-011
   952.00000000000000        2.0932158676657313E-011
   953.00000000000000        2.0015663312144216E-011
   954.00000000000000        1.9139185732544174E-011
   955.00000000000000        1.8300983529163419E-011
   956.00000000000000        1.7499389939226537E-011
   957.00000000000000        1.6732810571561634E-011
   958.00000000000000        1.5999720273581053E-011
   959.00000000000000        1.5298660133471663E-011
   960.00000000000000        1.4628234611780016E-011
   961.00000000000000        1.3987108796827782E-011
   962.00000000000000        1.3374005778624653E-011
   963.00000000000000        1.2787704136181962E-011
   964.00000000000000        1.2227035533345443E-011
   965.00000000000000        1.1690882418472293E-011
   966.00000000000000        1.1178175823485395E-011
   967.00000000000000        1.0687893258022007E-011
   968.00000000000000        1.0219056694581643E-011
   969.00000000000000        9.7707306407566936E-012
   970.00000000000000        9.3420202947880868E-012
   971.00000000000000        8.9320697808599625E-012
   972.00000000000000        8.5400604606956147E-012
   973.00000000000000        8.1652093181666631E-012
   974.00000000000000        7.8067674137655423E-012
   975.00000000000000        7.4640184059324430E-012
   976.00000000000000        7.1362771363527158E-012
   977.00000000000000        6.8228882764640705E-012
   978.00000000000000        6.5232250325362594E-012
   979.00000000000000        6.2366879067939673E-012
   980.00000000000000        5.9627035121675057E-012
   981.00000000000000        5.7007234383538951E-012
   982.00000000000000        5.4502231669768351E-012
   983.00000000000000        5.2107010337243238E-012
   984.00000000000000        4.9816772354372396E-012
   985.00000000000000        4.7626928802064600E-012
   986.00000000000000        4.5533090786226193E-012
   987.00000000000000        4.3531060744009794E-012
   988.00000000000000        4.1616824126795393E-012
   989.00000000000000        3.9786541443639086E-012
   990.00000000000000        3.8036540649614340E-012
   991.00000000000000        3.6363309864129072E-012
   992.00000000000000        3.4763490404973036E-012
   993.00000000000000        3.3233870124440372E-012
   994.00000000000000        3.1771377034462620E-012
   995.00000000000000        3.0373073208265444E-012
   996.00000000000000        2.9036148946581823E-012
   997.00000000000000        2.7757917196989807E-012
   998.00000000000000        2.6535808215411198E-012
   999.00000000000000        2.5367364459311086E-012
   1000.0000000000000        2.4250235702556835E-012
