# Recoil energy (kev)        Event rate (events/gev)
   1.0000000000000000        1.0291290305687330E-005
   2.0000000000000000        8.0245678660879679E-005
   3.0000000000000000        2.6391873560000580E-004
   4.0000000000000000        6.0950340122858861E-004
   5.0000000000000000        1.1596119274399587E-003
   6.0000000000000000        1.9515583159652253E-003
   7.0000000000000000        3.0176398080561250E-003
   8.0000000000000000        4.3854161449339620E-003
   9.0000000000000000        6.0779854689359250E-003
   10.000000000000000        8.1142558743181568E-003
   11.000000000000000        1.0509211744661972E-002
   12.000000000000000        1.3274174131466391E-002
   13.000000000000000        1.6417054536453007E-002
   14.000000000000000        1.9942601558981470E-002
   15.000000000000000        2.3852639960362892E-002
   16.000000000000000        2.8146301779327088E-002
   17.000000000000000        3.2820249207970102E-002
   18.000000000000000        3.7868889005689237E-002
   19.000000000000000        4.3284578290366353E-002
   20.000000000000000        4.9057821601842820E-002
   21.000000000000000        5.5177459182955010E-002
   22.000000000000000        6.1630846468464569E-002
   23.000000000000000        6.8404024812508499E-002
   24.000000000000000        7.5481883521042820E-002
   25.000000000000000        8.2848313287510036E-002
   26.000000000000000        9.0486351157931535E-002
   27.000000000000000        9.8378317176093605E-002
   28.000000000000000       0.10650594288075488     
   29.000000000000000       0.11485049184509080     
   30.000000000000000       0.12339287246417062     
   31.000000000000000       0.13211374320933486     
   32.000000000000000       0.14099361057914692     
   33.000000000000000       0.15001291998530797     
   34.000000000000000       0.15915213981874068     
   35.000000000000000       0.16839183894614757     
   36.000000000000000       0.17771275789087559     
   37.000000000000000       0.18709587395403862     
   38.000000000000000       0.19652246053269409     
   39.000000000000000       0.20597414089156377     
   40.000000000000000       0.21543293664347221     
   41.000000000000000       0.22488131119143351     
   42.000000000000000       0.23430220838227034     
   43.000000000000000       0.24367908661789978     
   44.000000000000000       0.25299594866602848     
   45.000000000000000       0.26223736740707621     
   46.000000000000000       0.27138850774875667     
   47.000000000000000       0.28043514493395333     
   48.000000000000000       0.28936367946138647     
   49.000000000000000       0.29816114883218742     
   50.000000000000000       0.30681523632884056     
   51.000000000000000       0.31531427702617165     
   52.000000000000000       0.32364726122710624     
   53.000000000000000       0.33180383550891140     
   54.000000000000000       0.33977430155853755     
   55.000000000000000       0.34754961296858311     
   56.000000000000000       0.35512137015830192     
   57.000000000000000       0.36248181357701298     
   58.000000000000000       0.36962381534026478     
   59.000000000000000       0.37654086944218101     
   60.000000000000000       0.38322708068058203     
   61.000000000000000       0.38967715242476764     
   62.000000000000000       0.39588637334924720     
   63.000000000000000       0.40185060325026895     
   64.000000000000000       0.40756625805568697     
   65.000000000000000       0.41303029413258868     
   66.000000000000000       0.41824019199110957     
   67.000000000000000       0.42319393947709855     
   68.000000000000000       0.42789001454064696     
   69.000000000000000       0.43232736766208341     
   70.000000000000000       0.43650540401177268     
   71.000000000000000       0.44042396541500312     
   72.000000000000000       0.44408331218836322     
   73.000000000000000       0.44748410490932861     
   74.000000000000000       0.45062738617626119     
   75.000000000000000       0.45351456241174742     
   76.000000000000000       0.45614738575801567     
   77.000000000000000       0.45852793610927484     
   78.000000000000000       0.46065860332203112     
   79.000000000000000       0.46254206964082178     
   80.000000000000000       0.46418129237343425     
   81.000000000000000       0.46557948684639000     
   82.000000000000000       0.46674010966839480     
   83.000000000000000       0.46766684232655586     
   84.000000000000000       0.46836357513737165     
   85.000000000000000       0.46883439157189966     
   86.000000000000000       0.46908355297204635     
   87.000000000000000       0.46911548367259331     
   88.000000000000000       0.46893475654138039     
   89.000000000000000       0.46854607894805139     
   90.000000000000000       0.46795427916979382     
   91.000000000000000       0.46716429324075476     
   92.000000000000000       0.46618115225011897     
   93.000000000000000       0.46500997009225781     
   94.000000000000000       0.46365593167093549     
   95.000000000000000       0.46212428155818902     
   96.000000000000000       0.46042031310725307     
   97.000000000000000       0.45854935801777180     
   98.000000000000000       0.45651677635045135     
   99.000000000000000       0.45432794698735823     
   100.00000000000000       0.45198825853318175     
   101.00000000000000       0.44950310065195331     
   102.00000000000000       0.44687785583300266     
   103.00000000000000       0.44411789157926490     
   104.00000000000000       0.44122855301044484     
   105.00000000000000       0.43821515587304538     
   106.00000000000000       0.43508297994876616     
   107.00000000000000       0.43183726285239155     
   108.00000000000000       0.42848319420990749     
   109.00000000000000       0.42502591020730973     
   110.00000000000000       0.42147048850026181     
   111.00000000000000       0.41782194347459006     
   112.00000000000000       0.41408522184739921     
   113.00000000000000       0.41026519859846472     
   114.00000000000000       0.40636667322146780     
   115.00000000000000       0.40239436628454528     
   116.00000000000000       0.39835291628964503     
   117.00000000000000       0.39424687682009740     
   118.00000000000000       0.39008071396590727     
   119.00000000000000       0.38585880401627198     
   120.00000000000000       0.38158543140890705     
   121.00000000000000       0.37726478692586651     
   122.00000000000000       0.37290096612562806     
   123.00000000000000       0.36849796800136619     
   124.00000000000000       0.36405969385545073     
   125.00000000000000       0.35958994638037767     
   126.00000000000000       0.35509242893651088     
   127.00000000000000       0.35057074501717767     
   128.00000000000000       0.34602839789185863     
   129.00000000000000       0.34146879041841616     
   130.00000000000000       0.33689522501549485     
   131.00000000000000       0.33231090378644867     
   132.00000000000000       0.32771892878637721     
   133.00000000000000       0.32312230242404366     
   134.00000000000000       0.31852392799071361     
   135.00000000000000       0.31392661030815039     
   136.00000000000000       0.30933305648823894     
   137.00000000000000       0.30474587679696535     
   138.00000000000000       0.30016758561567225     
   139.00000000000000       0.29560060249278053     
   140.00000000000000       0.29104725327937520     
   141.00000000000000       0.28650977134229588     
   142.00000000000000       0.28199029884860161     
   143.00000000000000       0.27749088811549949     
   144.00000000000000       0.27301350302006872     
   145.00000000000000       0.26856002046330973     
   146.00000000000000       0.26413223188329882     
   147.00000000000000       0.25973184481241696     
   148.00000000000000       0.25536048447385279     
   149.00000000000000       0.25101969541278246     
   150.00000000000000       0.24671094315784106     
   151.00000000000000       0.24243561590867421     
   152.00000000000000       0.23819502624561334     
   153.00000000000000       0.23399041285764161     
   154.00000000000000       0.22982294228505409     
   155.00000000000000       0.22569371067337612     
   156.00000000000000       0.22160374553530218     
   157.00000000000000       0.21755400751755224     
   158.00000000000000       0.21354539216976307     
   159.00000000000000       0.20957873171265487     
   160.00000000000000       0.20565479680288631     
   161.00000000000000       0.20177429829217350     
   162.00000000000000       0.19793788897837974     
   163.00000000000000       0.19414616534644086     
   164.00000000000000       0.19039966929712668     
   165.00000000000000       0.18669888986176522     
   166.00000000000000       0.18304426490120043     
   167.00000000000000       0.17943618278736345     
   168.00000000000000       0.17587498406596708     
   169.00000000000000       0.17236096309895108     
   170.00000000000000       0.16889436968539837     
   171.00000000000000       0.16547541065977864     
   172.00000000000000       0.16210425146644156     
   173.00000000000000       0.15878101770941955     
   174.00000000000000       0.15550579667664777     
   175.00000000000000       0.15227863883784901     
   176.00000000000000       0.14909955931536484     
   177.00000000000000       0.14596853932733980     
   178.00000000000000       0.14288552760271225     
   179.00000000000000       0.13985044176755404     
   180.00000000000000       0.13686316970236970     
   181.00000000000000       0.13392357087002532     
   182.00000000000000       0.13103147761404896     
   183.00000000000000       0.12818669642709724     
   184.00000000000000       0.12538900918944557     
   185.00000000000000       0.12263817437740539     
   186.00000000000000       0.11993392824162753     
   187.00000000000000       0.11727598595529867     
   188.00000000000000       0.11466404273227376     
   189.00000000000000       0.11209777491524632     
   190.00000000000000       0.10957684103407309     
   191.00000000000000       0.10710088283442988     
   192.00000000000000       0.10466952627699629     
   193.00000000000000       0.10228238250740189     
   194.00000000000000        9.9939048797192759E-002
   195.00000000000000        9.7639109456113746E-002
   196.00000000000000        9.5382136716016738E-002
   197.00000000000000        9.3167691586732784E-002
   198.00000000000000        9.0995324684270365E-002
   199.00000000000000        8.8864577031713354E-002
   200.00000000000000        8.6774980833222493E-002
   201.00000000000000        8.4726060221543359E-002
   202.00000000000000        8.2717331979457950E-002
   203.00000000000000        8.0748306235611356E-002
   204.00000000000000        7.8818487135170132E-002
   205.00000000000000        7.6927373485772638E-002
   206.00000000000000        7.5074459379239275E-002
   207.00000000000000        7.3259234789527158E-002
   208.00000000000000        7.1481186147405756E-002
   209.00000000000000        6.9739796892348729E-002
   210.00000000000000        6.8034548002134224E-002
   211.00000000000000        6.6364918500651404E-002
   212.00000000000000        6.4730385944411412E-002
   213.00000000000000        6.3130426888266075E-002
   214.00000000000000        6.1564517330833936E-002
   215.00000000000000        6.0032133140135654E-002
   216.00000000000000        5.8532750459940421E-002
   217.00000000000000        5.7065846097319857E-002
   218.00000000000000        5.5630897891908629E-002
   219.00000000000000        5.4227385067363416E-002
   220.00000000000000        5.2854788565511054E-002
   221.00000000000000        5.1512591363675107E-002
   222.00000000000000        5.0200278775655263E-002
   223.00000000000000        4.8917338736847081E-002
   224.00000000000000        4.7663262073965484E-002
   225.00000000000000        4.6437542759840099E-002
   226.00000000000000        4.5239678153747152E-002
   227.00000000000000        4.4069169227724844E-002
   228.00000000000000        4.2925520779323836E-002
   229.00000000000000        4.1808241631233402E-002
   230.00000000000000        4.0716844818213471E-002
   231.00000000000000        3.9650847761761879E-002
   232.00000000000000        3.8609772432933238E-002
   233.00000000000000        3.7593145503721150E-002
   234.00000000000000        3.6600498487406402E-002
   235.00000000000000        3.5631367868268302E-002
   236.00000000000000        3.4685295221043126E-002
   237.00000000000000        3.3761827320511237E-002
   238.00000000000000        3.2860516241584474E-002
   239.00000000000000        3.1980919450253567E-002
   240.00000000000000        3.1122599885754106E-002
   241.00000000000000        3.0285126034295607E-002
   242.00000000000000        2.9468071994690353E-002
   243.00000000000000        2.8671017536215457E-002
   244.00000000000000        2.7893548149028665E-002
   245.00000000000000        2.7135255087448216E-002
   246.00000000000000        2.6395735406408560E-002
   247.00000000000000        2.5674591991383659E-002
   248.00000000000000        2.4971433582071142E-002
   249.00000000000000        2.4285874790115305E-002
   250.00000000000000        2.3617536111146760E-002
   251.00000000000000        2.2966043931400271E-002
   252.00000000000000        2.2331030529172437E-002
   253.00000000000000        2.1712134071366636E-002
   254.00000000000000        2.1108998605370997E-002
   255.00000000000000        2.0521274046502749E-002
   256.00000000000000        1.9948616161248885E-002
   257.00000000000000        1.9390686546523012E-002
   258.00000000000000        1.8847152605153159E-002
   259.00000000000000        1.8317687517807543E-002
   260.00000000000000        1.7801970211558219E-002
   261.00000000000000        1.7299685325276815E-002
   262.00000000000000        1.6810523172048918E-002
   263.00000000000000        1.6334179698787518E-002
   264.00000000000000        1.5870356443220452E-002
   265.00000000000000        1.5418760488419380E-002
   266.00000000000000        1.4979104415032951E-002
   267.00000000000000        1.4551106251379330E-002
   268.00000000000000        1.4134489421549198E-002
   269.00000000000000        1.3728982691664499E-002
   270.00000000000000        1.3334320114430597E-002
   271.00000000000000        1.2950240972117144E-002
   272.00000000000000        1.2576489718095102E-002
   273.00000000000000        1.2212815917054701E-002
   274.00000000000000        1.1858974184022082E-002
   275.00000000000000        1.1514724122287594E-002
   276.00000000000000        1.1179830260356285E-002
   277.00000000000000        1.0854061988023852E-002
   278.00000000000000        1.0537193491678070E-002
   279.00000000000000        1.0229003688921523E-002
   280.00000000000000        9.9292761626069287E-003
   281.00000000000000        9.6377990943718045E-003
   282.00000000000000        9.3543651977567432E-003
   283.00000000000000        9.0787716509856242E-003
   284.00000000000000        8.8108200294843321E-003
   285.00000000000000        8.5503162382090814E-003
   286.00000000000000        8.2970704438544013E-003
   287.00000000000000        8.0508970070040809E-003
   288.00000000000000        7.8116144142885138E-003
   289.00000000000000        7.5790452106062446E-003
   290.00000000000000        7.3530159314656547E-003
   291.00000000000000        7.1333570354995390E-003
   292.00000000000000        6.9199028372020181E-003
   293.00000000000000        6.7124914399351292E-003
   294.00000000000000        6.5109646692493323E-003
   295.00000000000000        6.3151680065595996E-003
   296.00000000000000        6.1249505232163605E-003
   297.00000000000000        5.9401648150084595E-003
   298.00000000000000        5.7606669371324032E-003
   299.00000000000000        5.5863163396602886E-003
   300.00000000000000        5.4169758035367043E-003
   301.00000000000000        5.2525113771328307E-003
   302.00000000000000        5.0927923133837023E-003
   303.00000000000000        4.9376910075330429E-003
   304.00000000000000        4.7870829355082575E-003
   305.00000000000000        4.6408465929460678E-003
   306.00000000000000        4.4988634348878710E-003
   307.00000000000000        4.3610178161623851E-003
   308.00000000000000        4.2271969324714021E-003
   309.00000000000000        4.0972907621927620E-003
   310.00000000000000        3.9711920089142367E-003
   311.00000000000000        3.8487960447091316E-003
   312.00000000000000        3.7300008541646689E-003
   313.00000000000000        3.6147069791716943E-003
   314.00000000000000        3.5028174644842133E-003
   315.00000000000000        3.3942378040550392E-003
   316.00000000000000        3.2888758881538249E-003
   317.00000000000000        3.1866419512717810E-003
   318.00000000000000        3.0874485208170106E-003
   319.00000000000000        2.9912103666035919E-003
   320.00000000000000        2.8978444511358098E-003
   321.00000000000000        2.8072698806891798E-003
   322.00000000000000        2.7194078571884878E-003
   323.00000000000000        2.6341816308821770E-003
   324.00000000000000        2.5515164538126114E-003
   325.00000000000000        2.4713395340796888E-003
   326.00000000000000        2.3935799908960994E-003
   327.00000000000000        2.3181688104307878E-003
   328.00000000000000        2.2450388024373557E-003
   329.00000000000000        2.1741245576632003E-003
   330.00000000000000        2.1053624060348259E-003
   331.00000000000000        2.0386903756144802E-003
   332.00000000000000        1.9740481523224263E-003
   333.00000000000000        1.9113770404191853E-003
   334.00000000000000        1.8506199237413238E-003
   335.00000000000000        1.7917212276845238E-003
   336.00000000000000        1.7346268819266070E-003
   337.00000000000000        1.6792842838836966E-003
   338.00000000000000        1.6256422628916616E-003
   339.00000000000000        1.5736510451055366E-003
   340.00000000000000        1.5232622191084400E-003
   341.00000000000000        1.4744287022221822E-003
   342.00000000000000        1.4271047075110346E-003
   343.00000000000000        1.3812457114700518E-003
   344.00000000000000        1.3368084223892842E-003
   345.00000000000000        1.2937507493850043E-003
   346.00000000000000        1.2520317720889531E-003
   347.00000000000000        1.2116117109864386E-003
   348.00000000000000        1.1724518983942649E-003
   349.00000000000000        1.1345147500689274E-003
   350.00000000000000        1.0977637374360808E-003
   351.00000000000000        1.0621633604314771E-003
   352.00000000000000        1.0276791209443065E-003
   353.00000000000000        9.9427749685319575E-004
   354.00000000000000        9.6192591664543607E-004
   355.00000000000000        9.3059273460996503E-004
   356.00000000000000        9.0024720659456509E-004
   357.00000000000000        8.7085946631774297E-004
   358.00000000000000        8.4240050222577473E-004
   359.00000000000000        8.1484213488557198E-004
   360.00000000000000        7.8815699490373278E-004
   361.00000000000000        7.6231850136254436E-004
   362.00000000000000        7.3730084076353679E-004
   363.00000000000000        7.1307894646920338E-004
   364.00000000000000        6.8962847863376182E-004
   365.00000000000000        6.6692580461369117E-004
   366.00000000000000        6.4494797984898189E-004
   367.00000000000000        6.2367272920599564E-004
   368.00000000000000        6.0307842877304729E-004
   369.00000000000000        5.8314408809977906E-004
   370.00000000000000        5.6384933287154007E-004
   371.00000000000000        5.4517438801008310E-004
   372.00000000000000        5.2710006119193560E-004
   373.00000000000000        5.0960772677595206E-004
   374.00000000000000        4.9267931013165147E-004
   375.00000000000000        4.7629727235993700E-004
   376.00000000000000        4.6044459539810106E-004
   377.00000000000000        4.4510476750090174E-004
   378.00000000000000        4.3026176908975708E-004
   379.00000000000000        4.1590005896219203E-004
   380.00000000000000        4.0200456085368757E-004
   381.00000000000000        3.8856065034429727E-004
   382.00000000000000        3.7555414210247953E-004
   383.00000000000000        3.6297127745867845E-004
   384.00000000000000        3.5079871230132847E-004
   385.00000000000000        3.3902350528805791E-004
   386.00000000000000        3.2763310636500879E-004
   387.00000000000000        3.1661534558724878E-004
   388.00000000000000        3.0595842223343241E-004
   389.00000000000000        2.9565089420794733E-004
   390.00000000000000        2.8568166772388154E-004
   391.00000000000000        2.7603998726031273E-004
   392.00000000000000        2.6671542578749364E-004
   393.00000000000000        2.5769787525363089E-004
   394.00000000000000        2.4897753732707172E-004
   395.00000000000000        2.4054491438784718E-004
   396.00000000000000        2.3239080076257581E-004
   397.00000000000000        2.2450627419692690E-004
   398.00000000000000        2.1688268755985809E-004
   399.00000000000000        2.0951166077404633E-004
   400.00000000000000        2.0238507296697068E-004
   401.00000000000000        1.9549505483724031E-004
   402.00000000000000        1.8883398123087901E-004
   403.00000000000000        1.8239446392236003E-004
   404.00000000000000        1.7616934459531544E-004
   405.00000000000000        1.7015168801792944E-004
   406.00000000000000        1.6433477540811912E-004
   407.00000000000000        1.5871209798376052E-004
   408.00000000000000        1.5327735069323574E-004
   409.00000000000000        1.4802442612175791E-004
   410.00000000000000        1.4294740856896472E-004
   411.00000000000000        1.3804056829342127E-004
   412.00000000000000        1.3329835591971461E-004
   413.00000000000000        1.2871539700395819E-004
   414.00000000000000        1.2428648675360848E-004
   415.00000000000000        1.2000658489756479E-004
   416.00000000000000        1.1587081070263896E-004
   417.00000000000000        1.1187443813255914E-004
   418.00000000000000        1.0801289114575773E-004
   419.00000000000000        1.0428173912828278E-004
   420.00000000000000        1.0067669245825839E-004
   421.00000000000000        9.7193598198382243E-005
   422.00000000000000        9.3828435913071004E-005
   423.00000000000000        9.0577313606900455E-005
   424.00000000000000        8.7436463781086852E-005
   425.00000000000000        8.4402239604840915E-005
   426.00000000000000        8.1471111198477462E-005
   427.00000000000000        7.8639662025262075E-005
   428.00000000000000        7.5904585389032872E-005
   429.00000000000000        7.3262681034715348E-005
   430.00000000000000        7.0710851848915942E-005
   431.00000000000000        6.8246100657844280E-005
   432.00000000000000        6.5865527119894344E-005
   433.00000000000000        6.3566324710260112E-005
   434.00000000000000        6.1345777795053857E-005
   435.00000000000000        5.9201258792424256E-005
   436.00000000000000        5.7130225418272051E-005
   437.00000000000000        5.5130218014186242E-005
   438.00000000000000        5.3198856955307789E-005
   439.00000000000000        5.1333840135877653E-005
   440.00000000000000        4.9532940530279119E-005
   441.00000000000000        4.7794003827447809E-005
   442.00000000000000        4.6114946136573187E-005
   443.00000000000000        4.4493751762070620E-005
   444.00000000000000        4.2928471045851989E-005
   445.00000000000000        4.1417218274978929E-005
   446.00000000000000        3.9958169652831875E-005
   447.00000000000000        3.8549561331970312E-005
   448.00000000000000        3.7189687506919585E-005
   449.00000000000000        3.5876898565153538E-005
   450.00000000000000        3.4609599294598776E-005
   451.00000000000000        3.3386247146022575E-005
   452.00000000000000        3.2205350548715822E-005
   453.00000000000000        3.1065467277923218E-005
   454.00000000000000        2.9965202872509975E-005
   455.00000000000000        2.8903209101405140E-005
   456.00000000000000        2.7878182477390718E-005
   457.00000000000000        2.6888862816849594E-005
   458.00000000000000        2.5934031844123752E-005
   459.00000000000000        2.5012511839168468E-005
   460.00000000000000        2.4123164327225363E-005
   461.00000000000000        2.3264888809272888E-005
   462.00000000000000        2.2436621532045696E-005
   463.00000000000000        2.1637334296448497E-005
   464.00000000000000        2.0866033303223968E-005
   465.00000000000000        2.0121758034760470E-005
   466.00000000000000        1.9403580171966212E-005
   467.00000000000000        1.8710602545154951E-005
   468.00000000000000        1.8041958117927982E-005
   469.00000000000000        1.7396809003058508E-005
   470.00000000000000        1.6774345509417127E-005
   471.00000000000000        1.6173785219000213E-005
   472.00000000000000        1.5594372093156244E-005
   473.00000000000000        1.5035375607120774E-005
   474.00000000000000        1.4496089912006098E-005
   475.00000000000000        1.3975833023410325E-005
   476.00000000000000        1.3473946035835342E-005
   477.00000000000000        1.2989792362127477E-005
   478.00000000000000        1.2522756997177499E-005
   479.00000000000000        1.2072245805135495E-005
   480.00000000000000        1.1637684829422887E-005
   481.00000000000000        1.1218519624840870E-005
   482.00000000000000        1.0814214611094036E-005
   483.00000000000000        1.0424252447072111E-005
   484.00000000000000        1.0048133425248908E-005
   485.00000000000000        9.6853748855747753E-006
   486.00000000000000        9.3355106482623544E-006
   487.00000000000000        8.9980904648770234E-006
   488.00000000000000        8.6726794871652619E-006
   489.00000000000000        8.3588577530690443E-006
   490.00000000000000        8.0562196893899966E-006
   491.00000000000000        7.7643736305849033E-006
   492.00000000000000        7.4829413531882746E-006
   493.00000000000000        7.2115576253713821E-006
   494.00000000000000        6.9498697711663072E-006
   495.00000000000000        6.6975372488910552E-006
   496.00000000000000        6.4542312433323858E-006
   497.00000000000000        6.2196342712508802E-006
   498.00000000000000        5.9934397997898169E-006
   499.00000000000000        5.7753518773787140E-006
   500.00000000000000        5.5650847767379869E-006
   501.00000000000000        5.3623626496003423E-006
   502.00000000000000        5.1669191927777852E-006
   503.00000000000000        4.9784973252135711E-006
   504.00000000000000        4.7968488756700851E-006
   505.00000000000000        4.6217342807135651E-006
   506.00000000000000        4.4529222926673037E-006
   507.00000000000000        4.2901896972149179E-006
   508.00000000000000        4.1333210403454158E-006
   509.00000000000000        3.9821083643400895E-006
   510.00000000000000        3.8363509525122637E-006
   511.00000000000000        3.6958550824177625E-006
   512.00000000000000        3.5604337872647530E-006
   513.00000000000000        3.4299066252581174E-006
   514.00000000000000        3.3040994566231668E-006
   515.00000000000000        3.1828442280604034E-006
   516.00000000000000        3.0659787643913377E-006
   517.00000000000000        2.9533465671626394E-006
   518.00000000000000        2.8447966199830613E-006
   519.00000000000000        2.7401832003746932E-006
   520.00000000000000        2.6393656979270980E-006
   521.00000000000000        2.5422084385490428E-006
   522.00000000000000        2.4485805146196393E-006
   523.00000000000000        2.3583556208460187E-006
   524.00000000000000        2.2714118956417931E-006
   525.00000000000000        2.1876317678456774E-006
   526.00000000000000        2.1069018086052358E-006
   527.00000000000000        2.0291125882570153E-006
   528.00000000000000        1.9541585380389013E-006
   529.00000000000000        1.8819378164760817E-006
   530.00000000000000        1.8123521802869777E-006
   531.00000000000000        1.7453068596603751E-006
   532.00000000000000        1.6807104377597010E-006
   533.00000000000000        1.6184747343150722E-006
   534.00000000000000        1.5585146931679298E-006
   535.00000000000000        1.5007482736379856E-006
   536.00000000000000        1.4450963455853166E-006
   537.00000000000000        1.3914825880458428E-006
   538.00000000000000        1.3398333913212372E-006
   539.00000000000000        1.2900777624086703E-006
   540.00000000000000        1.2421472336593466E-006
   541.00000000000000        1.1959757745584476E-006
   542.00000000000000        1.1514997065224117E-006
   543.00000000000000        1.1086576206128739E-006
   544.00000000000000        1.0673902980701268E-006
   545.00000000000000        1.0276406335715711E-006
   546.00000000000000        9.8935356112418244E-007
   547.00000000000000        9.5247598250276593E-007
   548.00000000000000        9.1695669814859754E-007
   549.00000000000000        8.8274634044589519E-007
   550.00000000000000        8.4979730929625176E-007
   551.00000000000000        8.1806370991388409E-007
   552.00000000000000        7.8750129276666054E-007
   553.00000000000000        7.5806739559089493E-007
   554.00000000000000        7.2972088740984254E-007
   555.00000000000000        7.0242211448823901E-007
   556.00000000000000        6.7613284815750367E-007
   557.00000000000000        6.5081623444832162E-007
   558.00000000000000        6.2643674546937340E-007
   559.00000000000000        6.0296013247315366E-007
   560.00000000000000        5.8035338055146510E-007
   561.00000000000000        5.5858466490542909E-007
   562.00000000000000        5.3762330863640063E-007
   563.00000000000000        5.1743974200608813E-007
   564.00000000000000        4.9800546311582451E-007
   565.00000000000000        4.7929299995669208E-007
   566.00000000000000        4.6127587378362980E-007
   567.00000000000000        4.4392856376844423E-007
   568.00000000000000        4.2722647288788297E-007
   569.00000000000000        4.1114589500469220E-007
   570.00000000000000        3.9566398310063628E-007
   571.00000000000000        3.8075871862215018E-007
   572.00000000000000        3.6640888190039986E-007
   573.00000000000000        3.5259402360885336E-007
   574.00000000000000        3.3929443722280123E-007
   575.00000000000000        3.2649113244626353E-007
   576.00000000000000        3.1416580957308354E-007
   577.00000000000000        3.0230083474999506E-007
   578.00000000000000        2.9087921611051375E-007
   579.00000000000000        2.7988458074974659E-007
   580.00000000000000        2.6930115251090317E-007
   581.00000000000000        2.5911373055561293E-007
   582.00000000000000        2.4930766869082711E-007
   583.00000000000000        2.3986885542614833E-007
   584.00000000000000        2.3078369473633814E-007
   585.00000000000000        2.2203908750443048E-007
   586.00000000000000        2.1362241362193415E-007
   587.00000000000000        2.0552151472325382E-007
   588.00000000000000        1.9772467753229099E-007
   589.00000000000000        1.9022061779993641E-007
   590.00000000000000        1.8299846481187930E-007
   591.00000000000000        1.7604774644684124E-007
   592.00000000000000        1.6935837476606089E-007
   593.00000000000000        1.6292063211549852E-007
   594.00000000000000        1.5672515772282635E-007
   595.00000000000000        1.5076293477191003E-007
   596.00000000000000        1.4502527793812844E-007
   597.00000000000000        1.3950382136831347E-007
   598.00000000000000        1.3419050708981365E-007
   599.00000000000000        1.2907757383359109E-007
   600.00000000000000        1.2415754625684179E-007
   601.00000000000000        1.1942322455108542E-007
   602.00000000000000        1.1486767442222151E-007
   603.00000000000000        1.1048421742943394E-007
   604.00000000000000        1.0626642167033184E-007
   605.00000000000000        1.0220809280012724E-007
   606.00000000000000        9.8303265373078890E-008
   607.00000000000000        9.4546194494840546E-008
   608.00000000000000        9.0931347774724627E-008
   609.00000000000000        8.7453397567307629E-008
   610.00000000000000        8.4107213493132886E-008
   611.00000000000000        8.0887855228652236E-008
   612.00000000000000        7.7790565555865949E-008
   613.00000000000000        7.4810763662461974E-008
   614.00000000000000        7.1944038683588561E-008
   615.00000000000000        6.9186143476664348E-008
   616.00000000000000        6.6532988620982922E-008
   617.00000000000000        6.3980636634100470E-008
   618.00000000000000        6.1525296397319523E-008
   619.00000000000000        5.9163317782817504E-008
   620.00000000000000        5.6891186475252216E-008
   621.00000000000000        5.4705518980914841E-008
   622.00000000000000        5.2603057817740344E-008
   623.00000000000000        5.0580666879726699E-008
   624.00000000000000        4.8635326969550641E-008
   625.00000000000000        4.6764131493345320E-008
   626.00000000000000        4.4964282311873490E-008
   627.00000000000000        4.3233085742485469E-008
   628.00000000000000        4.1567948706471081E-008
   629.00000000000000        3.9966375016595082E-008
   630.00000000000000        3.8425961799805520E-008
   631.00000000000000        3.6944396050246329E-008
   632.00000000000000        3.5519451307922321E-008
   633.00000000000000        3.4148984458487895E-008
   634.00000000000000        3.2830932649818057E-008
   635.00000000000000        3.1563310321156766E-008
   636.00000000000000        3.0344206340800454E-008
   637.00000000000000        2.9171781248400784E-008
   638.00000000000000        2.8044264598128783E-008
   639.00000000000000        2.6959952399056845E-008
   640.00000000000000        2.5917204649256933E-008
   641.00000000000000        2.4914442960233530E-008
   642.00000000000000        2.3950148268426462E-008
   643.00000000000000        2.3022858630642911E-008
   644.00000000000000        2.2131167100380050E-008
   645.00000000000000        2.1273719682113054E-008
   646.00000000000000        2.0449213360728573E-008
   647.00000000000000        1.9656394203380837E-008
   648.00000000000000        1.8894055531145785E-008
   649.00000000000000        1.8161036157941249E-008
   650.00000000000000        1.7456218694277048E-008
   651.00000000000000        1.6778527913474796E-008
   652.00000000000000        1.6126929178094140E-008
   653.00000000000000        1.5500426924373736E-008
   654.00000000000000        1.4898063202578834E-008
   655.00000000000000        1.4318916271220076E-008
   656.00000000000000        1.3762099243182207E-008
   657.00000000000000        1.3226758781872518E-008
   658.00000000000000        1.2712073845565072E-008
   659.00000000000000        1.2217254478182304E-008
   660.00000000000000        1.1741540644819361E-008
   661.00000000000000        1.1284201110380720E-008
   662.00000000000000        1.0844532359747453E-008
   663.00000000000000        1.0421857557964175E-008
   664.00000000000000        1.0015525548976306E-008
   665.00000000000000        9.6249098915104646E-009
   666.00000000000000        9.2494079307356492E-009
   667.00000000000000        8.8884399043962312E-009
   668.00000000000000        8.5414480821512365E-009
   669.00000000000000        8.2078959369029091E-009
   670.00000000000000        7.8872673469420355E-009
   671.00000000000000        7.5790658277754998E-009
   672.00000000000000        7.2828137925479364E-009
   673.00000000000000        6.9980518400059939E-009
   674.00000000000000        6.7243380689918069E-009
   675.00000000000000        6.4612474184900057E-009
   676.00000000000000        6.2083710322870075E-009
   677.00000000000000        5.9653156473363822E-009
   678.00000000000000        5.7317030049566930E-009
   679.00000000000000        5.5071692840190653E-009
   680.00000000000000        5.2913645553145399E-009
   681.00000000000000        5.0839522563177548E-009
   682.00000000000000        4.8846086855955080E-009
   683.00000000000000        4.6930225161327251E-009
   684.00000000000000        4.5088943268774136E-009
   685.00000000000000        4.3319361518299393E-009
   686.00000000000000        4.1618710460281919E-009
   687.00000000000000        3.9984326678024184E-009
   688.00000000000000        3.8413648766972087E-009
   689.00000000000000        3.6904213464796643E-009
   690.00000000000000        3.5453651926749023E-009
   691.00000000000000        3.4059686140893615E-009
   692.00000000000000        3.2720125478024658E-009
   693.00000000000000        3.1432863371277022E-009
   694.00000000000000        3.0195874120593606E-009
   695.00000000000000        2.9007209817421376E-009
   696.00000000000000        2.7864997385161219E-009
   697.00000000000000        2.6767435731060392E-009
   698.00000000000000        2.5712793005401639E-009
   699.00000000000000        2.4699403963991752E-009
   700.00000000000000        2.3725667430100380E-009
   701.00000000000000        2.2790043852137936E-009
   702.00000000000000        2.1891052953507216E-009
   703.00000000000000        2.1027271471181939E-009
   704.00000000000000        2.0197330979704923E-009
   705.00000000000000        1.9399915797410052E-009
   706.00000000000000        1.8633760971801163E-009
   707.00000000000000        1.7897650341119561E-009
   708.00000000000000        1.7190414669258112E-009
   709.00000000000000        1.6510929851272635E-009
   710.00000000000000        1.5858115186846642E-009
   711.00000000000000        1.5230931719166437E-009
   712.00000000000000        1.4628380636752316E-009
   713.00000000000000        1.4049501735887317E-009
   714.00000000000000        1.3493371941368865E-009
   715.00000000000000        1.2959103883394604E-009
   716.00000000000000        1.2445844528475953E-009
   717.00000000000000        1.1952773862347348E-009
   718.00000000000000        1.1479103622920715E-009
   719.00000000000000        1.1024076081397717E-009
   720.00000000000000        1.0586962869736209E-009
   721.00000000000000        1.0167063852718004E-009
   722.00000000000000        9.7637060429453893E-010
   723.00000000000000        9.3762425571458370E-010
   724.00000000000000        9.0040516122285247E-010
   725.00000000000000        8.6465355595956428E-010
   726.00000000000000        8.3031199562644352E-010
   727.00000000000000        7.9732526714103312E-010
   728.00000000000000        7.6564030269963188E-010
   729.00000000000000        7.3520609711981499E-010
   730.00000000000000        7.0597362833888509E-010
   731.00000000000000        6.7789578094888383E-010
   732.00000000000000        6.5092727265320010E-010
   733.00000000000000        6.2502458353449944E-010
   734.00000000000000        6.0014588802728119E-010
   735.00000000000000        5.7625098949297583E-010
   736.00000000000000        5.5330125729865949E-010
   737.00000000000000        5.3125956630476493E-010
   738.00000000000000        5.1009023867034685E-010
   739.00000000000000        4.8975898788799812E-010
   740.00000000000000        4.7023286496387256E-010
   741.00000000000000        4.5148020666128582E-010
   742.00000000000000        4.3347058572965423E-010
   743.00000000000000        4.1617476304323007E-010
   744.00000000000000        3.9956464157709915E-010
   745.00000000000000        3.8361322215060027E-010
   746.00000000000000        3.6829456087087707E-010
   747.00000000000000        3.5358372821193620E-010
   748.00000000000000        3.3945676966688089E-010
   749.00000000000000        3.2589066791341342E-010
   750.00000000000000        3.1286330643504559E-010
   751.00000000000000        3.0035343454236176E-010
   752.00000000000000        2.8834063374107365E-010
   753.00000000000000        2.7680528539548951E-010
   754.00000000000000        2.6572853963787902E-010
   755.00000000000000        2.5509228547621893E-010
   756.00000000000000        2.4487912205459049E-010
   757.00000000000000        2.3507233102208162E-010
   758.00000000000000        2.2565584996793739E-010
   759.00000000000000        2.1661424688209773E-010
   760.00000000000000        2.0793269560195956E-010
   761.00000000000000        1.9959695220756829E-010
   762.00000000000000        1.9159333232899893E-010
   763.00000000000000        1.8390868933090874E-010
   764.00000000000000        1.7653039334071616E-010
   765.00000000000000        1.6944631108805158E-010
   766.00000000000000        1.6264478652436766E-010
   767.00000000000000        1.5611462219278172E-010
   768.00000000000000        1.4984506131939319E-010
   769.00000000000000        1.4382577059833097E-010
   770.00000000000000        1.3804682364393083E-010
   771.00000000000000        1.3249868508439909E-010
   772.00000000000000        1.2717219527230390E-010
   773.00000000000000        1.2205855558819830E-010
   774.00000000000000        1.1714931431454185E-010
   775.00000000000000        1.1243635305799390E-010
   776.00000000000000        1.0791187369897301E-010
   777.00000000000000        1.0356838584815992E-010
   778.00000000000000        9.9398694790460834E-011
   779.00000000000000        9.5395889897595991E-011
   780.00000000000000        9.1553333491292914E-011
   781.00000000000000        8.7864650139687480E-011
   782.00000000000000        8.4323716370228283E-011
   783.00000000000000        8.0924650783014660E-011
   784.00000000000000        7.7661804549097717E-011
   785.00000000000000        7.4529752278902257E-011
   786.00000000000000        7.1523283246447869E-011
   787.00000000000000        6.8637392955639993E-011
   788.00000000000000        6.5867275035382494E-011
   789.00000000000000        6.3208313450828500E-011
   790.00000000000000        6.0656075018508712E-011
   791.00000000000000        5.8206302213593230E-011
   792.00000000000000        5.5854906257979495E-011
   793.00000000000000        5.3597960478318656E-011
   794.00000000000000        5.1431693923534893E-011
   795.00000000000000        4.9352485231774123E-011
   796.00000000000000        4.7356856737113665E-011
   797.00000000000000        4.5441468806739960E-011
   798.00000000000000        4.3603114399641112E-011
   799.00000000000000        4.1838713838231495E-011
   800.00000000000000        4.0145309784636288E-011
   801.00000000000000        3.8520062413678792E-011
   802.00000000000000        3.6960244774947872E-011
   803.00000000000000        3.5463238336579482E-011
   804.00000000000000        3.4026528703701576E-011
   805.00000000000000        3.2647701504735460E-011
   806.00000000000000        3.1324438439041327E-011
   807.00000000000000        3.0054513479613998E-011
   808.00000000000000        2.8835789224798341E-011
   809.00000000000000        2.7666213393226840E-011
   810.00000000000000        2.6543815456390022E-011
   811.00000000000000        2.5466703403484379E-011
   812.00000000000000        2.4433060633376071E-011
   813.00000000000000        2.3441142968728498E-011
   814.00000000000000        2.2489275787525977E-011
   815.00000000000000        2.1575851267409498E-011
   816.00000000000000        2.0699325738429850E-011
   817.00000000000000        1.9858217139974968E-011
   818.00000000000000        1.9051102577808177E-011
   819.00000000000000        1.8276615977307122E-011
   820.00000000000000        1.7533445829137442E-011
   821.00000000000000        1.6820333023753300E-011
   822.00000000000000        1.6136068771247965E-011
   823.00000000000000        1.5479492603214630E-011
   824.00000000000000        1.4849490453408896E-011
   825.00000000000000        1.4244992814130166E-011
   826.00000000000000        1.3664972965351728E-011
   827.00000000000000        1.3108445273754897E-011
   828.00000000000000        1.2574463558923503E-011
   829.00000000000000        1.2062119524071022E-011
   830.00000000000000        1.1570541248763802E-011
   831.00000000000000        1.1098891741215393E-011
   832.00000000000000        1.0646367547809450E-011
   833.00000000000000        1.0212197417607216E-011
   834.00000000000000        9.7956410196806449E-012
   835.00000000000000        9.3959877111976168E-012
   836.00000000000000        9.0125553542620011E-012
   837.00000000000000        8.6446891795980825E-012
   838.00000000000000        8.2917606952313585E-012
   839.00000000000000        7.9531666384021570E-012
   840.00000000000000        7.6283279690085488E-012
   841.00000000000000        7.3166889029445660E-012
   842.00000000000000        7.0177159837640975E-012
   843.00000000000000        6.7308971911620581E-012
   844.00000000000000        6.4557410848219239E-012
   845.00000000000000        6.1917759822365139E-012
   846.00000000000000        5.9385491691632265E-012
   847.00000000000000        5.6956261414288295E-012
   848.00000000000000        5.4625898768442706E-012
   849.00000000000000        5.2390401360457041E-012
   850.00000000000000        5.0245927911176192E-012
   851.00000000000000        4.8188791809034088E-012
   852.00000000000000        4.6215454919481606E-012
   853.00000000000000        4.4322521640631826E-012
   854.00000000000000        4.2506733195381781E-012
   855.00000000000000        4.0764962150676980E-012
   856.00000000000000        3.9094207154928668E-012
   857.00000000000000        3.7491587884976043E-012
   858.00000000000000        3.5954340194288837E-012
   859.00000000000000        3.4479811454457749E-012
   860.00000000000000        3.3065456082322220E-012
   861.00000000000000        3.1708831245388776E-012
   862.00000000000000        3.0407592738475234E-012
   863.00000000000000        2.9159491024805529E-012
   864.00000000000000        2.7962367435034377E-012
   865.00000000000000        2.6814150517944719E-012
   866.00000000000000        2.5712852536809963E-012
   867.00000000000000        2.4656566105633843E-012
   868.00000000000000        2.3643460959730795E-012
   869.00000000000000        2.2671780855310946E-012
   870.00000000000000        2.1739840592950684E-012
   871.00000000000000        2.0846023160030848E-012
   872.00000000000000        1.9988776987419871E-012
   873.00000000000000        1.9166613315859514E-012
   874.00000000000000        1.8378103667698094E-012
   875.00000000000000        1.7621877419785631E-012
   876.00000000000000        1.6896619473501970E-012
   877.00000000000000        1.6201068018064031E-012
   878.00000000000000        1.5534012383395202E-012
   879.00000000000000        1.4894290978995660E-012
   880.00000000000000        1.4280789315392132E-012
   881.00000000000000        1.3692438104876975E-012
   882.00000000000000        1.3128211438377453E-012
   883.00000000000000        1.2587125035430428E-012
   884.00000000000000        1.2068234564339339E-012
   885.00000000000000        1.1570634029724308E-012
   886.00000000000000        1.1093454224774048E-012
   887.00000000000000        1.0635861245620744E-012
   888.00000000000000        1.0197055065361245E-012
   889.00000000000000        9.7762681653408465E-013
   890.00000000000000        9.3727642214207016E-013
   891.00000000000000        8.9858368430258252E-013
   892.00000000000000        8.6148083628724544E-013
   893.00000000000000        8.2590286753474434E-013
   894.00000000000000        7.9178741215959198E-013
   895.00000000000000        7.5907464194529958E-013
   896.00000000000000        7.2770716364211773E-013
   897.00000000000000        6.9762992039799741E-013
   898.00000000000000        6.6879009715673818E-013
   899.00000000000000        6.4113702986507098E-013
   900.00000000000000        6.1462211833601627E-013
   901.00000000000000        5.8919874262222560E-013
   902.00000000000000        5.6482218275878992E-013
   903.00000000000000        5.4144954174052779E-013
   904.00000000000000        5.1903967160412813E-013
   905.00000000000000        4.9755310249090508E-013
   906.00000000000000        4.7695197457043743E-013
   907.00000000000000        4.5719997271060993E-013
   908.00000000000000        4.3826226378380798E-013
   909.00000000000000        4.2010543650355478E-013
   910.00000000000000        4.0269744368999970E-013
   911.00000000000000        3.8600754686685374E-013
   912.00000000000000        3.7000626309614905E-013
   913.00000000000000        3.5466531396092043E-013
   914.00000000000000        3.3995757660955808E-013
   915.00000000000000        3.2585703677906529E-013
   916.00000000000000        3.1233874371754113E-013
   917.00000000000000        2.9937876692969816E-013
   918.00000000000000        2.8695415467205567E-013
   919.00000000000000        2.7504289412739703E-013
   920.00000000000000        2.6362387319101563E-013
   921.00000000000000        2.5267684380381666E-013
   922.00000000000000        2.4218238677007531E-013
   923.00000000000000        2.3212187800005423E-013
   924.00000000000000        2.2247745612009081E-013
   925.00000000000000        2.1323199139511126E-013
   926.00000000000000        2.0436905591062735E-013
   927.00000000000000        1.9587289496354169E-013
   928.00000000000000        1.8772839961296271E-013
   929.00000000000000        1.7992108034431990E-013
   930.00000000000000        1.7243704180180551E-013
   931.00000000000000        1.6526295854611508E-013
   932.00000000000000        1.5838605179608508E-013
   933.00000000000000        1.5179406711451631E-013
   934.00000000000000        1.4547525300006510E-013
   935.00000000000000        1.3941834034862984E-013
   936.00000000000000        1.3361252274908554E-013
   937.00000000000000        1.2804743757970394E-013
   938.00000000000000        1.2271314787284406E-013
   939.00000000000000        1.1760012491691754E-013
   940.00000000000000        1.1269923156577072E-013
   941.00000000000000        1.0800170622691477E-013
   942.00000000000000        1.0349914750112363E-013
   943.00000000000000        9.9183499447054854E-014
   944.00000000000000        9.5047037445578950E-014
   945.00000000000000        9.1082354639583791E-014
   946.00000000000000        8.7282348925893531E-014
   947.00000000000000        8.3640210477014733E-014
   948.00000000000000        8.0149409771168046E-014
   949.00000000000000        7.6803686110085328E-014
   950.00000000000000        7.3597036604742651E-014
   951.00000000000000        7.0523705610104829E-014
   952.00000000000000        6.7578174590644092E-014
   953.00000000000000        6.4755152399188251E-014
   954.00000000000000        6.2049565952306997E-014
   955.00000000000000        5.9456551286157100E-014
   956.00000000000000        5.6971444977359144E-014
   957.00000000000000        5.4589775914050948E-014
   958.00000000000000        5.2307257402940799E-014
   959.00000000000000        5.0119779598685272E-014
   960.00000000000000        4.8023402242504753E-014
   961.00000000000000        4.6014347697479193E-014
   962.00000000000000        4.4088994268453193E-014
   963.00000000000000        4.2243869794990243E-014
   964.00000000000000        4.0475645506272523E-014
   965.00000000000000        3.8781130127283311E-014
   966.00000000000000        3.7157264226062244E-014
   967.00000000000000        3.5601114792214942E-014
   968.00000000000000        3.4109870037265370E-014
   969.00000000000000        3.2680834407832184E-014
   970.00000000000000        3.1311423802943458E-014
   971.00000000000000        2.9999160987189755E-014
   972.00000000000000        2.8741671191733875E-014
   973.00000000000000        2.7536677895524477E-014
   974.00000000000000        2.6381998779361231E-014
   975.00000000000000        2.5275541845776234E-014
   976.00000000000000        2.4215301697966563E-014
   977.00000000000000        2.3199355971285028E-014
   978.00000000000000        2.2225861911075993E-014
   979.00000000000000        2.1293053090876088E-014
   980.00000000000000        2.0399236265260694E-014
   981.00000000000000        1.9542788351828519E-014
   982.00000000000000        1.8722153537062041E-014
   983.00000000000000        1.7935840500997873E-014
   984.00000000000000        1.7182419755859259E-014
   985.00000000000000        1.6460521093988306E-014
   986.00000000000000        1.5768831140616833E-014
   987.00000000000000        1.5106091007189216E-014
   988.00000000000000        1.4471094041122968E-014
   989.00000000000000        1.3862683668067070E-014
   990.00000000000000        1.3279751322874638E-014
   991.00000000000000        1.2721234465655969E-014
   992.00000000000000        1.2186114679436533E-014
   993.00000000000000        1.1673415846076612E-014
   994.00000000000000        1.1182202397247526E-014
   995.00000000000000        1.0711577637394045E-014
   996.00000000000000        1.0260682135731750E-014
   997.00000000000000        9.8286921844546719E-015
   998.00000000000000        9.4148183204357192E-015
   999.00000000000000        9.0183039078231130E-015
   1000.0000000000000        8.6384237790314016E-015
