# Recoil energy (kev)        Event rate (events/gev)
   1.0000000000000000       0.68971639554984698     
   2.0000000000000000        2.6890097645893172     
   3.0000000000000000        5.8958942830687757     
   4.0000000000000000        10.212142415670534     
   5.0000000000000000        15.543305748327786     
   6.0000000000000000        21.798720526634810     
   7.0000000000000000        28.891499367188107     
   8.0000000000000000        36.738510510173903     
   9.0000000000000000        45.260345888170228     
   10.000000000000000        54.381279197916044     
   11.000000000000000        64.029215078490111     
   12.000000000000000        74.135630420709717     
   13.000000000000000        84.635508758389207     
   14.000000000000000        95.467268622187021     
   15.000000000000000        106.57268667090293     
   16.000000000000000        117.89681635309276     
   17.000000000000000        129.38790279353168     
   18.000000000000000        140.99729454423036     
   19.000000000000000        152.67935278819027     
   20.000000000000000        164.39135853572949     
   21.000000000000000        176.09341830785561     
   22.000000000000000        187.74836875863372     
   23.000000000000000        199.32168064870180     
   24.000000000000000        210.78136254480913     
   25.000000000000000        222.09786458542453     
   26.000000000000000        233.24398261993048     
   27.000000000000000        244.19476299853886     
   28.000000000000000        254.92740826176430     
   29.000000000000000        265.42118395191386     
   30.000000000000000        275.65732674452931     
   31.000000000000000        285.61895407490573     
   32.000000000000000        295.29097541365468     
   33.000000000000000        304.66000532565994     
   34.000000000000000        313.71427842859140     
   35.000000000000000        322.44356635036672     
   36.000000000000000        330.83909676941988     
   37.000000000000000        338.89347460734314     
   38.000000000000000        346.60060543032324     
   39.000000000000000        353.95562110367985     
   40.000000000000000        360.95480773275727     
   41.000000000000000        367.59553591325550     
   42.000000000000000        373.87619330484614     
   43.000000000000000        379.79611953347188     
   44.000000000000000        385.35554342008430     
   45.000000000000000        390.55552252662250     
   46.000000000000000        395.39788500379098     
   47.000000000000000        399.88517371955965     
   48.000000000000000        404.02059264225284     
   49.000000000000000        407.80795544762998     
   50.000000000000000        411.25163631533422     
   51.000000000000000        414.35652287661060     
   52.000000000000000        417.12797127208728     
   53.000000000000000        419.57176327576445     
   54.000000000000000        421.69406543906382     
   55.000000000000000        423.50139020682889     
   56.000000000000000        425.00055895557426     
   57.000000000000000        426.19866690292099     
   58.000000000000000        427.10304983613423     
   59.000000000000000        427.72125260684487     
   60.000000000000000        428.06099933848918     
   61.000000000000000        428.13016529261301     
   62.000000000000000        427.93675034002860     
   63.000000000000000        427.48885398280760     
   64.000000000000000        426.79465187324263     
   65.000000000000000        425.86237377623326     
   66.000000000000000        424.70028292195042     
   67.000000000000000        423.31665669622168     
   68.000000000000000        421.71976861668276     
   69.000000000000000        419.91787154351789     
   70.000000000000000        417.91918207442228     
   71.000000000000000        415.73186607431160     
   72.000000000000000        413.36402529126980     
   73.000000000000000        410.82368501123824     
   74.000000000000000        408.11878270499318     
   75.000000000000000        405.25715762209080     
   76.000000000000000        402.24654128754207     
   77.000000000000000        399.09454885818337     
   78.000000000000000        395.80867129685782     
   79.000000000000000        392.39626832371874     
   80.000000000000000        388.86456210518475     
   81.000000000000000        385.22063164227154     
   82.000000000000000        381.47140782124063     
   83.000000000000000        377.62366909072472     
   84.000000000000000        373.68403773069031     
   85.000000000000000        369.65897667978965     
   86.000000000000000        365.55478688886035     
   87.000000000000000        361.37760516950027     
   88.000000000000000        357.13340250778720     
   89.000000000000000        352.82798281440279     
   90.000000000000000        348.46698208349250     
   91.000000000000000        344.05586793374363     
   92.000000000000000        339.59993950622948     
   93.000000000000000        335.10432769462579     
   94.000000000000000        330.57399568446203     
   95.000000000000000        326.01373977907133     
   96.000000000000000        321.42819049089911     
   97.000000000000000        316.82181387779866     
   98.000000000000000        312.19891310487640     
   99.000000000000000        307.56363021336392     
   100.00000000000000        302.91994807888938     
   101.00000000000000        298.27169254236873     
   102.00000000000000        293.62253469757900     
   103.00000000000000        288.97599332029137     
   104.00000000000000        284.33543742459887     
   105.00000000000000        279.70408893286663     
   106.00000000000000        275.08502544642096     
   107.00000000000000        270.48118310483255     
   108.00000000000000        265.89535952230045     
   109.00000000000000        261.33021679032299     
   110.00000000000000        256.78828453644002     
   111.00000000000000        252.27196302946626     
   112.00000000000000        247.78352632219560     
   113.00000000000000        243.32512542312182     
   114.00000000000000        238.89879148925630     
   115.00000000000000        234.50643903262912     
   116.00000000000000        230.14986913357009     
   117.00000000000000        225.83077265430180     
   118.00000000000000        221.55073344686420     
   119.00000000000000        217.31123154979323     
   120.00000000000000        213.11364636839164     
   121.00000000000000        208.95925983382907     
   122.00000000000000        204.84925953666584     
   123.00000000000000        200.78474183076528     
   124.00000000000000        196.76671490388335     
   125.00000000000000        192.79610181154840     
   126.00000000000000        188.87374347115528     
   127.00000000000000        185.00040161347428     
   128.00000000000000        181.17676168905692     
   129.00000000000000        177.40343572728028     
   130.00000000000000        173.68096514601012     
   131.00000000000000        170.00982351009745     
   132.00000000000000        166.39041923714919     
   133.00000000000000        162.82309824920097     
   134.00000000000000        159.30814656913799     
   135.00000000000000        155.84579286087228     
   136.00000000000000        152.43621091246484     
   137.00000000000000        149.07952206154440     
   138.00000000000000        145.77579756251967     
   139.00000000000000        142.52506089522413     
   140.00000000000000        139.32729001476829     
   141.00000000000000        136.18241954249169     
   142.00000000000000        133.09034289802574     
   143.00000000000000        130.05091437258037     
   144.00000000000000        127.06395114367352     
   145.00000000000000        124.12923523160127     
   146.00000000000000        121.24651539804623     
   147.00000000000000        118.41550898728670     
   148.00000000000000        115.63590371054575     
   149.00000000000000        112.90735937408547     
   150.00000000000000        110.22950955171142     
   151.00000000000000        107.60196320239524     
   152.00000000000000        105.02430623379892     
   153.00000000000000        102.49610301249540     
   154.00000000000000        100.01689782174502     
   155.00000000000000        97.586216267709631     
   156.00000000000000        95.203566635027016     
   157.00000000000000        92.868441192679143     
   158.00000000000000        90.580317451133794     
   159.00000000000000        88.338659371741286     
   160.00000000000000        86.142918529391892     
   161.00000000000000        83.992535229456152     
   162.00000000000000        81.886939580036298     
   163.00000000000000        79.825552520567840     
   164.00000000000000        77.807786807819539     
   165.00000000000000        75.833047960336870     
   166.00000000000000        73.900735162383441     
   167.00000000000000        72.010242128428189     
   168.00000000000000        70.160957929227479     
   169.00000000000000        68.352267780549070     
   170.00000000000000        66.583553795570651     
   171.00000000000000        64.854195701993220     
   172.00000000000000        63.163571524884169     
   173.00000000000000        61.511058236272689     
   174.00000000000000        59.896032372492442     
   175.00000000000000        58.317870620271940     
   176.00000000000000        56.775950372543022     
   177.00000000000000        55.269650254940174     
   178.00000000000000        53.798350623937402     
   179.00000000000000        52.361434037560457     
   180.00000000000000        50.958285699595926     
   181.00000000000000        49.588293878200609     
   182.00000000000000        48.250850299799424     
   183.00000000000000        46.945350519143396     
   184.00000000000000        45.671194266381768     
   185.00000000000000        44.427785771983345     
   186.00000000000000        43.214534070325783     
   187.00000000000000        42.030853282754023     
   188.00000000000000        40.876162880887520     
   189.00000000000000        39.749887930944055     
   190.00000000000000        38.651459319820241     
   191.00000000000000        37.580313963659755     
   192.00000000000000        36.535894999616751     
   193.00000000000000        35.517651961504420     
   194.00000000000000        34.525040939999869     
   195.00000000000000        33.557524728061068     
   196.00000000000000        32.614572952190393     
   197.00000000000000        31.695662190162057     
   198.00000000000000        30.800276075815180     
   199.00000000000000        29.927905391493102     
   200.00000000000000        29.078048148696197     
   201.00000000000000        28.250209657493937     
   202.00000000000000        27.443902585229829     
   203.00000000000000        26.658647005031508     
   204.00000000000000        25.893970434625459     
   205.00000000000000        25.149407865938276     
   206.00000000000000        24.424501785949225     
   207.00000000000000        23.718802189247484     
   208.00000000000000        23.031866582726199     
   209.00000000000000        22.363259982835888     
   210.00000000000000        21.712554905802197     
   211.00000000000000        21.079331351199460     
   212.00000000000000        20.463176779256997     
   213.00000000000000        19.863686082262625     
   214.00000000000000        19.280461550412621     
   215.00000000000000        18.713112832445638     
   216.00000000000000        18.161256891385335     
   217.00000000000000        17.624517955702601     
   218.00000000000000        17.102527466198197     
   219.00000000000000        16.594924018892769     
   220.00000000000000        16.101353304201023     
   221.00000000000000        15.621468042656160     
   222.00000000000000        15.154927917436170     
   223.00000000000000        14.701399503939449     
   224.00000000000000        14.260556196640220     
   225.00000000000000        13.832078133447830     
   226.00000000000000        13.415652117785291     
   227.00000000000000        13.010971538589001     
   228.00000000000000        12.617736288426606     
   229.00000000000000        12.235652679919093     
   230.00000000000000        11.864433360644339     
   231.00000000000000        11.503797226692594     
   232.00000000000000        11.153469335034833     
   233.00000000000000        10.813180814858201     
   234.00000000000000        10.482668778014579     
   235.00000000000000        10.161676228722138     
   236.00000000000000        9.8499519726508993     
   237.00000000000000        9.5472505255186029     
   238.00000000000000        9.2533320213157104     
   239.00000000000000        8.9679621202714621     
   240.00000000000000        8.6909119166685365     
   241.00000000000000        8.4219578466065848     
   242.00000000000000        8.1608815958093572     
   243.00000000000000        7.9074700075661237     
   244.00000000000000        7.6615149908915168     
   245.00000000000000        7.4228134289825727     
   246.00000000000000        7.1911670880492924     
   247.00000000000000        6.9663825265874841     
   248.00000000000000        6.7482710051604418     
   249.00000000000000        6.5366483967501576     
   250.00000000000000        6.3313350977365390     
   251.00000000000000        6.1321559395568581     
   252.00000000000000        5.9389401010962795     
   253.00000000000000        5.7515210218546908     
   254.00000000000000        5.5697363159332527     
   255.00000000000000        5.3934276868796136     
   256.00000000000000        5.2224408434283767     
   257.00000000000000        5.0566254161698829     
   258.00000000000000        4.8958348751778145     
   259.00000000000000        4.7399264486233630     
   260.00000000000000        4.5887610424008667     
   261.00000000000000        4.4422031607876624     
   262.00000000000000        4.3001208281583105     
   263.00000000000000        4.1623855117709851     
   264.00000000000000        4.0288720456421352     
   265.00000000000000        3.8994585555229713     
   266.00000000000000        3.7740263849897415     
   267.00000000000000        3.6524600226576194     
   268.00000000000000        3.5346470305266009     
   269.00000000000000        3.4204779734661273     
   270.00000000000000        3.3098463498431290     
   271.00000000000000        3.2026485232973894     
   272.00000000000000        3.0987836556661055     
   273.00000000000000        2.9981536410588032     
   274.00000000000000        2.9006630410820549     
   275.00000000000000        2.8062190212122156     
   276.00000000000000        2.7147312883139265     
   277.00000000000000        2.6261120293004425     
   278.00000000000000        2.5402758509310797     
   279.00000000000000        2.4571397207403427     
   280.00000000000000        2.3766229090922253     
   281.00000000000000        2.2986469323524203     
   282.00000000000000        2.2231354971706208     
   283.00000000000000        2.1500144458641044     
   284.00000000000000        2.0792117028934403     
   285.00000000000000        2.0106572224202774     
   286.00000000000000        1.9442829369371013     
   287.00000000000000        1.8800227069576247     
   288.00000000000000        1.8178122717567742     
   289.00000000000000        1.7575892011482801     
   290.00000000000000        1.6992928482877199     
   291.00000000000000        1.6428643034885182     
   292.00000000000000        1.5882463490379675     
   293.00000000000000        1.5353834150001993     
   294.00000000000000        1.4842215359926900     
   295.00000000000000        1.4347083089226842     
   296.00000000000000        1.3867928516697057     
   297.00000000000000        1.3404257627002452     
   298.00000000000000        1.2955590816004543     
   299.00000000000000        1.2521462505125986     
   300.00000000000000        1.2101420764609505     
   301.00000000000000        1.1695026945527229     
   302.00000000000000        1.1301855320395349     
   303.00000000000000        1.0921492732249041     
   304.00000000000000        1.0553538252032901     
   305.00000000000000        1.0197602844160878     
   306.00000000000000       0.98533090401006274     
   307.00000000000000       0.95202906198378612     
   308.00000000000000       0.91981923010756261     
   309.00000000000000       0.88866694360243315     
   310.00000000000000       0.85853877156404990     
   311.00000000000000       0.82940228811697858     
   312.00000000000000       0.80122604428543764     
   313.00000000000000       0.77397954056626728     
   314.00000000000000       0.74763320019029356     
   315.00000000000000       0.72215834305812465     
   316.00000000000000       0.69752716033676865     
   317.00000000000000       0.67371268970339715     
   318.00000000000000       0.65068879122282486     
   319.00000000000000       0.62843012384547348     
   320.00000000000000       0.60691212251252225     
   321.00000000000000       0.58611097585536220     
   322.00000000000000       0.56600360447647680     
   323.00000000000000       0.54656763979900047     
   324.00000000000000       0.52778140347258951     
   325.00000000000000       0.50962388732308073     
   326.00000000000000       0.49207473383393185     
   327.00000000000000       0.47511421714733842     
   328.00000000000000       0.45872322457327996     
   329.00000000000000       0.44288323859482531     
   330.00000000000000       0.42757631935824852     
   331.00000000000000       0.41278508763671767     
   332.00000000000000       0.39849270825642580     
   333.00000000000000       0.38468287397430073     
   334.00000000000000       0.37133978979653953     
   335.00000000000000       0.35844815772750821     
   336.00000000000000       0.34599316193857166     
   337.00000000000000       0.33396045434678329     
   338.00000000000000       0.32233614059338234     
   339.00000000000000       0.31110676641240237     
   340.00000000000000       0.30025930437968784     
   341.00000000000000       0.28978114103297276     
   342.00000000000000       0.27966006435375801     
   343.00000000000000       0.26988425160192164     
   344.00000000000000       0.26044225749419403     
   345.00000000000000       0.25132300271779856     
   346.00000000000000       0.24251576277073597     
   347.00000000000000       0.23401015712035156     
   348.00000000000000       0.22579613867204101     
   349.00000000000000       0.21786398354004760     
   350.00000000000000       0.21020428111257677     
   351.00000000000000       0.20280792440349271     
   352.00000000000000       0.19566610068316889     
   353.00000000000000       0.18877028238110910     
   354.00000000000000       0.18211221825317736     
   355.00000000000000       0.17568392480643080     
   356.00000000000000       0.16947767797469820     
   357.00000000000000       0.16348600503819163     
   358.00000000000000       0.15770167678060296     
   359.00000000000000       0.15211769987730905     
   360.00000000000000       0.14672730950839585     
   361.00000000000000       0.14152396219043076     
   362.00000000000000       0.13650132882101126     
   363.00000000000000       0.13165328793025430     
   364.00000000000000       0.12697391913356690     
   365.00000000000000       0.12245749678013641     
   366.00000000000000       0.11809848379173772     
   367.00000000000000       0.11389152568656444     
   368.00000000000000       0.10983144478294736     
   369.00000000000000       0.10591323457792408     
   370.00000000000000       0.10213205429576172     
   371.00000000000000        9.8483223601655082E-002
   372.00000000000000        9.4962217475936930E-002
   373.00000000000000        9.1564661244260076E-002
   374.00000000000000        8.8286325759328654E-002
   375.00000000000000        8.5123122729848108E-002
   376.00000000000000        8.2071100192508947E-002
   377.00000000000000        7.9126438122888637E-002
   378.00000000000000        7.6285444181289616E-002
   379.00000000000000        7.3544549589629443E-002
   380.00000000000000        7.0900305135584832E-002
   381.00000000000000        6.8349377300308323E-002
   382.00000000000000        6.5888544506128993E-002
   383.00000000000000        6.3514693480736489E-002
   384.00000000000000        6.1224815734447928E-002
   385.00000000000000        5.9016004147242410E-002
   386.00000000000000        5.6885449662344482E-002
   387.00000000000000        5.4830438083211357E-002
   388.00000000000000        5.2848346970877605E-002
   389.00000000000000        5.0936642638685109E-002
   390.00000000000000        4.9092877241505795E-002
   391.00000000000000        4.7314685956651087E-002
   392.00000000000000        4.5599784253732345E-002
   393.00000000000000        4.3945965250813311E-002
   394.00000000000000        4.2351097154268699E-002
   395.00000000000000        4.0813120779839805E-002
   396.00000000000000        3.9330047152435703E-002
   397.00000000000000        3.7899955182313608E-002
   398.00000000000000        3.6520989415320011E-002
   399.00000000000000        3.5191357854956300E-002
   400.00000000000000        3.3909329854083105E-002
   401.00000000000000        3.2673234074144478E-002
   402.00000000000000        3.1481456509854171E-002
   403.00000000000000        3.0332438577341466E-002
   404.00000000000000        2.9224675263814670E-002
   405.00000000000000        2.8156713336853378E-002
   406.00000000000000        2.7127149611493099E-002
   407.00000000000000        2.6134629273327298E-002
   408.00000000000000        2.5177844255889995E-002
   409.00000000000000        2.4255531670645127E-002
   410.00000000000000        2.3366472287947672E-002
   411.00000000000000        2.2509489067397449E-002
   412.00000000000000        2.1683445736044128E-002
   413.00000000000000        2.0887245412953632E-002
   414.00000000000000        2.0119829278689050E-002
   415.00000000000000        1.9380175288297389E-002
   416.00000000000000        1.8667296926439966E-002
   417.00000000000000        1.7980242003342327E-002
   418.00000000000000        1.7318091490278950E-002
   419.00000000000000        1.6679958393346767E-002
   420.00000000000000        1.6064986664318874E-002
   421.00000000000000        1.5472350147402862E-002
   422.00000000000000        1.4901251560769956E-002
   423.00000000000000        1.4350921511748341E-002
   424.00000000000000        1.3820617544610498E-002
   425.00000000000000        1.3309623219918200E-002
   426.00000000000000        1.2817247224416142E-002
   427.00000000000000        1.2342822510499613E-002
   428.00000000000000        1.1885705464308857E-002
   429.00000000000000        1.1445275101532537E-002
   430.00000000000000        1.1020932290030901E-002
   431.00000000000000        1.0612098998415118E-002
   432.00000000000000        1.0218217569748261E-002
   433.00000000000000        9.8387500195554530E-003
   434.00000000000000        9.4731773573602327E-003
   435.00000000000000        9.1209989309828359E-003
   436.00000000000000        8.7817317928658122E-003
   437.00000000000000        8.4549100877094729E-003
   438.00000000000000        8.1400844607257897E-003
   439.00000000000000        7.8368214858396037E-003
   440.00000000000000        7.5447031131860463E-003
   441.00000000000000        7.2633261352748769E-003
   442.00000000000000        6.9923016712111858E-003
   443.00000000000000        6.7312546683814109E-003
   444.00000000000000        6.4798234210317928E-003
   445.00000000000000        6.2376591051847572E-003
   446.00000000000000        6.0044253293564821E-003
   447.00000000000000        5.7797977005545594E-003
   448.00000000000000        5.5634634050530036E-003
   449.00000000000000        5.3551208034558935E-003
   450.00000000000000        5.1544790395780587E-003
   451.00000000000000        4.9612576626849687E-003
   452.00000000000000        4.7751862626492876E-003
   453.00000000000000        4.5960041175956449E-003
   454.00000000000000        4.4234598536179483E-003
   455.00000000000000        4.2573111161685398E-003
   456.00000000000000        4.0973242527296882E-003
   457.00000000000000        3.9432740063912305E-003
   458.00000000000000        3.7949432199703157E-003
   459.00000000000000        3.6521225503206149E-003
   460.00000000000000        3.5146101924898132E-003
   461.00000000000000        3.3822116133954265E-003
   462.00000000000000        3.2547392946993790E-003
   463.00000000000000        3.1320124845722486E-003
   464.00000000000000        3.0138569580484241E-003
   465.00000000000000        2.9001047856821471E-003
   466.00000000000000        2.7905941102254871E-003
   467.00000000000000        2.6851689310565348E-003
   468.00000000000000        2.5836788960965384E-003
   469.00000000000000        2.4859791009621849E-003
   470.00000000000000        2.3919298951081813E-003
   471.00000000000000        2.3013966947227414E-003
   472.00000000000000        2.2142498021473799E-003
   473.00000000000000        2.1303642315983729E-003
   474.00000000000000        2.0496195409761583E-003
   475.00000000000000        1.9718996695550751E-003
   476.00000000000000        1.8970927813528353E-003
   477.00000000000000        1.8250911139859347E-003
   478.00000000000000        1.7557908328236288E-003
   479.00000000000000        1.6890918902588868E-003
   480.00000000000000        1.6248978899214683E-003
   481.00000000000000        1.5631159556636015E-003
   482.00000000000000        1.5036566051541817E-003
   483.00000000000000        1.4464336279235792E-003
   484.00000000000000        1.3913639677058944E-003
   485.00000000000000        1.3383676089304872E-003
   486.00000000000000        1.2873674672202249E-003
   487.00000000000000        1.2382892837578604E-003
   488.00000000000000        1.1910615233872257E-003
   489.00000000000000        1.1456152763201280E-003
   490.00000000000000        1.1018841633241004E-003
   491.00000000000000        1.0598042442706080E-003
   492.00000000000000        1.0193139299272166E-003
   493.00000000000000        9.8035389688097031E-004
   494.00000000000000        9.4286700548463739E-004
   495.00000000000000        9.0679822072027474E-004
   496.00000000000000        8.7209453587902704E-004
   497.00000000000000        8.3870489895876736E-004
   498.00000000000000        8.0658014168508174E-004
   499.00000000000000        7.7567291106382457E-004
   500.00000000000000        7.4593760337707206E-004
   501.00000000000000        7.1733030053689904E-004
   502.00000000000000        6.8980870871457019E-004
   503.00000000000000        6.6333209916540547E-004
   504.00000000000000        6.3786125117243765E-004
   505.00000000000000        6.1335839703446611E-004
   506.00000000000000        5.8978716902675519E-004
   507.00000000000000        5.6711254826503736E-004
   508.00000000000000        5.4530081540592992E-004
   509.00000000000000        5.2431950311901539E-004
   510.00000000000000        5.0413735026828919E-004
   511.00000000000000        4.8472425774256082E-004
   512.00000000000000        4.6605124587674002E-004
   513.00000000000000        4.4809041340771166E-004
   514.00000000000000        4.3081489791060753E-004
   515.00000000000000        4.1419883766306392E-004
   516.00000000000000        3.9821733488690312E-004
   517.00000000000000        3.8284642031843360E-004
   518.00000000000000        3.6806301906022434E-004
   519.00000000000000        3.5384491766886366E-004
   520.00000000000000        3.4017073243481515E-004
   521.00000000000000        3.2701987881193951E-004
   522.00000000000000        3.1437254195582895E-004
   523.00000000000000        3.0220964833138983E-004
   524.00000000000000        2.9051283835163793E-004
   525.00000000000000        2.7926444001089788E-004
   526.00000000000000        2.6844744347686742E-004
   527.00000000000000        2.5804547660735784E-004
   528.00000000000000        2.4804278135860864E-004
   529.00000000000000        2.3842419105328744E-004
   530.00000000000000        2.2917510847738869E-004
   531.00000000000000        2.2028148477633302E-004
   532.00000000000000        2.1172979912159907E-004
   533.00000000000000        2.0350703912024550E-004
   534.00000000000000        1.9560068194061786E-004
   535.00000000000000        1.8799867612855284E-004
   536.00000000000000        1.8068942408915590E-004
   537.00000000000000        1.7366176521028842E-004
   538.00000000000000        1.6690495960458836E-004
   539.00000000000000        1.6040867244774824E-004
   540.00000000000000        1.5416295889153728E-004
   541.00000000000000        1.4815824953082961E-004
   542.00000000000000        1.4238533640461204E-004
   543.00000000000000        1.3683535951166561E-004
   544.00000000000000        1.3149979382232849E-004
   545.00000000000000        1.2637043676834412E-004
   546.00000000000000        1.2143939619349930E-004
   547.00000000000000        1.1669907874834620E-004
   548.00000000000000        1.1214217871288856E-004
   549.00000000000000        1.0776166723170064E-004
   550.00000000000000        1.0355078194649515E-004
   551.00000000000000        9.9503017011708569E-005
   552.00000000000000        9.5612113479135599E-005
   553.00000000000000        9.1872050038215003E-005
   554.00000000000000        8.8277034098995351E-005
   555.00000000000000        8.4821493205290729E-005
   556.00000000000000        8.1500066765986270E-005
   557.00000000000000        7.8307598092882248E-005
   558.00000000000000        7.5239126733876095E-005
   559.00000000000000        7.2289881090704125E-005
   560.00000000000000        6.9455271310814301E-005
   561.00000000000000        6.6730882443359643E-005
   562.00000000000000        6.4112467849630495E-005
   563.00000000000000        6.1595942858606466E-005
   564.00000000000000        5.9177378658638651E-005
   565.00000000000000        5.6852996416607492E-005
   566.00000000000000        5.4619161616193044E-005
   567.00000000000000        5.2472378607224214E-005
   568.00000000000000        5.0409285358332461E-005
   569.00000000000000        4.8426648405453475E-005
   570.00000000000000        4.6521357988947396E-005
   571.00000000000000        4.4690423372409593E-005
   572.00000000000000        4.2930968336470040E-005
   573.00000000000000        4.1240226841127633E-005
   574.00000000000000        3.9615538850412166E-005
   575.00000000000000        3.8054346313369019E-005
   576.00000000000000        3.6554189295604679E-005
   577.00000000000000        3.5112702255824142E-005
   578.00000000000000        3.3727610461992572E-005
   579.00000000000000        3.2396726541972146E-005
   580.00000000000000        3.1117947163634254E-005
   581.00000000000000        2.9889249839670038E-005
   582.00000000000000        2.8708689852464392E-005
   583.00000000000000        2.7574397294585028E-005
   584.00000000000000        2.6484574220603415E-005
   585.00000000000000        2.5437491906099753E-005
   586.00000000000000        2.4431488209882904E-005
   587.00000000000000        2.3464965035582459E-005
   588.00000000000000        2.2536385888918573E-005
   589.00000000000000        2.1644273527089736E-005
   590.00000000000000        2.0787207696848875E-005
   591.00000000000000        1.9963822957961162E-005
   592.00000000000000        1.9172806588863594E-005
   593.00000000000000        1.8412896571461464E-005
   594.00000000000000        1.7682879652105786E-005
   595.00000000000000        1.6981589475907515E-005
   596.00000000000000        1.6307904791654321E-005
   597.00000000000000        1.5660747724681761E-005
   598.00000000000000        1.5039082115166462E-005
   599.00000000000000        1.4441911919388404E-005
   600.00000000000000        1.3868279671607084E-005
   601.00000000000000        1.3317265004278112E-005
   602.00000000000000        1.2787983224428886E-005
   603.00000000000000        1.2279583944083130E-005
   604.00000000000000        1.1791249762708794E-005
   605.00000000000000        1.1322194999735654E-005
   606.00000000000000        1.0871664475262783E-005
   607.00000000000000        1.0438932337145569E-005
   608.00000000000000        1.0023300932716923E-005
   609.00000000000000        9.6240997234662059E-006
   610.00000000000000        9.2406842410572359E-006
   611.00000000000000        8.8724350831304586E-006
   612.00000000000000        8.5187569473895279E-006
   613.00000000000000        8.1790777025291957E-006
   614.00000000000000        7.8528474946170315E-006
   615.00000000000000        7.5395378875884815E-006
   616.00000000000000        7.2386410365708382E-006
   617.00000000000000        6.9496688927935504E-006
   618.00000000000000        6.6721524388934113E-006
   619.00000000000000        6.4056409534640842E-006
   620.00000000000000        6.1497013037451416E-006
   621.00000000000000        5.9039172653854311E-006
   622.00000000000000        5.6678888682552672E-006
   623.00000000000000        5.4412317673211308E-006
   624.00000000000000        5.2235766376344092E-006
   625.00000000000000        5.0145685925170406E-006
   626.00000000000000        4.8138666240673389E-006
   627.00000000000000        4.6211430651370833E-006
   628.00000000000000        4.4360830719651981E-006
   629.00000000000000        4.2583841266830219E-006
   630.00000000000000        4.0877555589373123E-006
   631.00000000000000        3.9239180859018251E-006
   632.00000000000000        3.7666033699804346E-006
   633.00000000000000        3.6155535935267815E-006
   634.00000000000000        3.4705210499335401E-006
   635.00000000000000        3.3312677504670869E-006
   636.00000000000000        3.1975650462483748E-006
   637.00000000000000        3.0691932648014684E-006
   638.00000000000000        2.9459413606152578E-006
   639.00000000000000        2.8276065791826352E-006
   640.00000000000000        2.7139941340030822E-006
   641.00000000000000        2.6049168960535131E-006
   642.00000000000000        2.5001950952506713E-006
   643.00000000000000        2.3996560334470760E-006
   644.00000000000000        2.3031338085190527E-006
   645.00000000000000        2.2104690491224345E-006
   646.00000000000000        2.1215086597078202E-006
   647.00000000000000        2.0361055754023562E-006
   648.00000000000000        1.9541185263799838E-006
   649.00000000000000        1.8754118113563559E-006
   650.00000000000000        1.7998550798589788E-006
   651.00000000000000        1.7273231229352455E-006
   652.00000000000000        1.6576956719751036E-006
   653.00000000000000        1.5908572053364679E-006
   654.00000000000000        1.5266967624737938E-006
   655.00000000000000        1.4651077652813740E-006
   656.00000000000000        1.4059878463740260E-006
   657.00000000000000        1.3492386840383874E-006
   658.00000000000000        1.2947658435981369E-006
   659.00000000000000        1.2424786249461381E-006
   660.00000000000000        1.1922899160060549E-006
   661.00000000000000        1.1441160518953029E-006
   662.00000000000000        1.0978766795689428E-006
   663.00000000000000        1.0534946277339111E-006
   664.00000000000000        1.0108957818297223E-006
   665.00000000000000        9.7000896388048359E-007
   666.00000000000000        9.3076581702994413E-007
   667.00000000000000        8.9310069457888852E-007
   668.00000000000000        8.5695055335074925E-007
   669.00000000000000        8.2225485121821090E-007
   670.00000000000000        7.8895544863006371E-007
   671.00000000000000        7.5699651398324142E-007
   672.00000000000000        7.2632443269148958E-007
   673.00000000000000        6.9688771980748294E-007
   674.00000000000000        6.6863693606073331E-007
   675.00000000000000        6.4152460717898984E-007
   676.00000000000000        6.1550514636580685E-007
   677.00000000000000        5.9053477981194340E-007
   678.00000000000000        5.6657147512291705E-007
   679.00000000000000        5.4357487254945670E-007
   680.00000000000000        5.2150621891219404E-007
   681.00000000000000        5.0032830411577222E-007
   682.00000000000000        4.8000540015197630E-007
   683.00000000000000        4.6050320249496809E-007
   684.00000000000000        4.4178877379573122E-007
   685.00000000000000        4.2383048978621284E-007
   686.00000000000000        4.0659798730726391E-007
   687.00000000000000        3.9006211437765740E-007
   688.00000000000000        3.7419488222471384E-007
   689.00000000000000        3.5896941920010031E-007
   690.00000000000000        3.4435992650739793E-007
   691.00000000000000        3.3034163567075177E-007
   692.00000000000000        3.1689076767668398E-007
   693.00000000000000        3.0398449372392109E-007
   694.00000000000000        2.9160089751829577E-007
   695.00000000000000        2.7971893905253429E-007
   696.00000000000000        2.6831841981291032E-007
   697.00000000000000        2.5737994935697385E-007
   698.00000000000000        2.4688491320880281E-007
   699.00000000000000        2.3681544202025810E-007
   700.00000000000000        2.2715438194872603E-007
   701.00000000000000        2.1788526620372072E-007
   702.00000000000000        2.0899228771665772E-007
   703.00000000000000        2.0046027288974619E-007
   704.00000000000000        1.9227465638179482E-007
   705.00000000000000        1.8442145689024840E-007
   706.00000000000000        1.7688725389046756E-007
   707.00000000000000        1.6965916529463447E-007
   708.00000000000000        1.6272482599429121E-007
   709.00000000000000        1.5607236725179590E-007
   710.00000000000000        1.4969039690737398E-007
   711.00000000000000        1.4356798036975814E-007
   712.00000000000000        1.3769462235961943E-007
   713.00000000000000        1.3206024937622176E-007
   714.00000000000000        1.2665519285886401E-007
   715.00000000000000        1.2147017301578838E-007
   716.00000000000000        1.1649628329431554E-007
   717.00000000000000        1.1172497546694928E-007
   718.00000000000000        1.0714804530924251E-007
   719.00000000000000        1.0275761884606790E-007
   720.00000000000000        9.8546139143979457E-008
   721.00000000000000        9.4506353628070413E-008
   722.00000000000000        9.0631301902715258E-008
   723.00000000000000        8.6914304056296547E-008
   724.00000000000000        8.3348949430829545E-008
   725.00000000000000        7.9929085838156880E-008
   726.00000000000000        7.6648809205078187E-008
   727.00000000000000        7.3502453630472703E-008
   728.00000000000000        7.0484581838166115E-008
   729.00000000000000        6.7589976009876832E-008
   730.00000000000000        6.4813628983246805E-008
   731.00000000000000        6.2150735800515106E-008
   732.00000000000000        5.9596685593956228E-008
   733.00000000000000        5.7147053794784808E-008
   734.00000000000000        5.4797594652698848E-008
   735.00000000000000        5.2544234053795267E-008
   736.00000000000000        5.0383062625012399E-008
   737.00000000000000        4.8310329113772482E-008
   738.00000000000000        4.6322434031910883E-008
   739.00000000000000        4.4415923553416544E-008
   740.00000000000000        4.2587483655924958E-008
   741.00000000000000        4.0833934496288594E-008
   742.00000000000000        3.9152225010948603E-008
   743.00000000000000        3.7539427732176256E-008
   744.00000000000000        3.5992733811619427E-008
   745.00000000000000        3.4509448242923106E-008
   746.00000000000000        3.3086985275511259E-008
   747.00000000000000        3.1722864011940122E-008
   748.00000000000000        3.0414704181520580E-008
   749.00000000000000        2.9160222083201809E-008
   750.00000000000000        2.7957226690992666E-008
   751.00000000000000        2.6803615915439480E-008
   752.00000000000000        2.5697373014960539E-008
   753.00000000000000        2.4636563151071589E-008
   754.00000000000000        2.3619330081765067E-008
   755.00000000000000        2.2643892987544255E-008
   756.00000000000000        2.1708543424830377E-008
   757.00000000000000        2.0811642401656025E-008
   758.00000000000000        1.9951617570779914E-008
   759.00000000000000        1.9126960535531668E-008
   760.00000000000000        1.8336224263894903E-008
   761.00000000000000        1.7578020606504552E-008
   762.00000000000000        1.6851017914416425E-008
   763.00000000000000        1.6153938752657784E-008
   764.00000000000000        1.5485557705738635E-008
   765.00000000000000        1.4844699271448015E-008
   766.00000000000000        1.4230235839406135E-008
   767.00000000000000        1.3641085750983949E-008
   768.00000000000000        1.3076211437339064E-008
   769.00000000000000        1.2534617632438892E-008
   770.00000000000000        1.2015349658074049E-008
   771.00000000000000        1.1517491777979363E-008
   772.00000000000000        1.1040165618295250E-008
   773.00000000000000        1.0582528651714098E-008
   774.00000000000000        1.0143772742758749E-008
   775.00000000000000        9.7231227517447016E-009
   776.00000000000000        9.3198351950738934E-009
   777.00000000000000        8.9331969595996250E-009
   778.00000000000000        8.5625240688978361E-009
   779.00000000000000        8.2071604993578913E-009
   780.00000000000000        7.8664770440972886E-009
   781.00000000000000        7.5398702227789328E-009
   782.00000000000000        7.2267612354883825E-009
   783.00000000000000        6.9265949589017262E-009
   784.00000000000000        6.6388389830440050E-009
   785.00000000000000        6.3629826870091143E-009
   786.00000000000000        6.0985363520729849E-009
   787.00000000000000        5.8450303106983307E-009
   788.00000000000000        5.6020141299853491E-009
   789.00000000000000        5.3690558281853832E-009
   790.00000000000000        5.1457411229445025E-009
   791.00000000000000        4.9316727100011329E-009
   792.00000000000000        4.7264695711117349E-009
   793.00000000000000        4.5297663100263892E-009
   794.00000000000000        4.3412125153852919E-009
   795.00000000000000        4.1604721494507782E-009
   796.00000000000000        3.9872229616336231E-009
   797.00000000000000        3.8211559258144400E-009
   798.00000000000000        3.6619747004994675E-009
   799.00000000000000        3.5093951108908580E-009
   800.00000000000000        3.3631446519866300E-009
   801.00000000000000        3.2229620118608167E-009
   802.00000000000000        3.0885966143106411E-009
   803.00000000000000        2.9598081800870927E-009
   804.00000000000000        2.8363663059594424E-009
   805.00000000000000        2.7180500608918500E-009
   806.00000000000000        2.6046475986419863E-009
   807.00000000000000        2.4959557861165175E-009
   808.00000000000000        2.3917798468467103E-009
   809.00000000000000        2.2919330189731353E-009
   810.00000000000000        2.1962362271514971E-009
   811.00000000000000        2.1045177678169896E-009
   812.00000000000000        2.0166130072659254E-009
   813.00000000000000        1.9323640920360930E-009
   814.00000000000000        1.8516196710875384E-009
   815.00000000000000        1.7742346293054193E-009
   816.00000000000000        1.7000698318669505E-009
   817.00000000000000        1.6289918790311749E-009
   818.00000000000000        1.5608728709295520E-009
   819.00000000000000        1.4955901819518491E-009
   820.00000000000000        1.4330262443376693E-009
   821.00000000000000        1.3730683406005790E-009
   822.00000000000000        1.3156084044261697E-009
   823.00000000000000        1.2605428296999996E-009
   824.00000000000000        1.2077722873353732E-009
   825.00000000000000        1.1572015495843762E-009
   826.00000000000000        1.1087393215277150E-009
   827.00000000000000        1.0622980794521120E-009
   828.00000000000000        1.0177939158349096E-009
   829.00000000000000        9.7514639066768606E-010
   830.00000000000000        9.3427838886059497E-010
   831.00000000000000        8.9511598348062990E-010
   832.00000000000000        8.5758830458604618E-010
   833.00000000000000        8.2162741342935643E-010
   834.00000000000000        7.8716818181036257E-010
   835.00000000000000        7.5414817636961584E-010
   836.00000000000000        7.2250754762082359E-010
   837.00000000000000        6.9218892352959995E-010
   838.00000000000000        6.6313730745278846E-010
   839.00000000000000        6.3529998026109913E-010
   840.00000000000000        6.0862640647428484E-010
   841.00000000000000        5.8306814424525274E-010
   842.00000000000000        5.5857875903616440E-010
   843.00000000000000        5.3511374083596035E-010
   844.00000000000000        5.1263042477471514E-010
   845.00000000000000        4.9108791499619789E-010
   846.00000000000000        4.7044701165561583E-010
   847.00000000000000        4.5067014091505403E-010
   848.00000000000000        4.3172128781388349E-010
   849.00000000000000        4.1356593189701095E-010
   850.00000000000000        3.9617098548802579E-010
   851.00000000000000        3.7950473449929510E-010
   852.00000000000000        3.6353678167514946E-010
   853.00000000000000        3.4823799216880668E-010
   854.00000000000000        3.3358044135745425E-010
   855.00000000000000        3.1953736480401006E-010
   856.00000000000000        3.0608311027761375E-010
   857.00000000000000        2.9319309174872678E-010
   858.00000000000000        2.8084374527785350E-010
   859.00000000000000        2.6901248672041376E-010
   860.00000000000000        2.5767767117336086E-010
   861.00000000000000        2.4681855409219705E-010
   862.00000000000000        2.3641525400989914E-010
   863.00000000000000        2.2644871679213970E-010
   864.00000000000000        2.1690068136577854E-010
   865.00000000000000        2.0775364686022312E-010
   866.00000000000000        1.9899084110374260E-010
   867.00000000000000        1.9059619041905808E-010
   868.00000000000000        1.8255429066498129E-010
   869.00000000000000        1.7485037947291060E-010
   870.00000000000000        1.6747030962913815E-010
   871.00000000000000        1.6040052355591648E-010
   872.00000000000000        1.5362802884616985E-010
   873.00000000000000        1.4714037480852670E-010
   874.00000000000000        1.4092562998119014E-010
   875.00000000000000        1.3497236057483344E-010
   876.00000000000000        1.2926960980627565E-010
   877.00000000000000        1.2380687808637371E-010
   878.00000000000000        1.1857410402695236E-010
   879.00000000000000        1.1356164623309129E-010
   880.00000000000000        1.0876026584847077E-010
   881.00000000000000        1.0416110982275922E-010
   882.00000000000000        9.9755694871309350E-011
   883.00000000000000        9.5535892098716840E-011
   884.00000000000000        9.1493912258821888E-011
   885.00000000000000        8.7622291624999901E-011
   886.00000000000000        8.3913878445559429E-011
   887.00000000000000        8.0361819960147070E-011
   888.00000000000000        7.6959549954042993E-011
   889.00000000000000        7.3700776828143112E-011
   890.00000000000000        7.0579472163409655E-011
   891.00000000000000        6.7589859759335632E-011
   892.00000000000000        6.4726405126914313E-011
   893.00000000000000        6.1983805417337985E-011
   894.00000000000000        5.9356979768440718E-011
   895.00000000000000        5.6841060051660000E-011
   896.00000000000000        5.4431382002935046E-011
   897.00000000000000        5.2123476721744695E-011
   898.00000000000000        4.9913062523023124E-011
   899.00000000000000        4.7796037127408218E-011
   900.00000000000000        4.5768470175823052E-011
   901.00000000000000        4.3826596054989770E-011
   902.00000000000000        4.1966807021021164E-011
   903.00000000000000        4.0185646608761949E-011
   904.00000000000000        3.8479803315055978E-011
   905.00000000000000        3.6846104544620879E-011
   906.00000000000000        3.5281510807643762E-011
   907.00000000000000        3.3783110158696588E-011
   908.00000000000000        3.2348112866973007E-011
   909.00000000000000        3.0973846308271513E-011
   910.00000000000000        2.9657750069537162E-011
   911.00000000000000        2.8397371257162986E-011
   912.00000000000000        2.7190360000606966E-011
   913.00000000000000        2.6034465143228037E-011
   914.00000000000000        2.4927530112582309E-011
   915.00000000000000        2.3867488962745283E-011
   916.00000000000000        2.2852362581514721E-011
   917.00000000000000        2.1880255055667680E-011
   918.00000000000000        2.0949350187710784E-011
   919.00000000000000        2.0057908157834676E-011
   920.00000000000000        1.9204262325052849E-011
   921.00000000000000        1.8386816161741489E-011
   922.00000000000000        1.7604040316046795E-011
   923.00000000000000        1.6854469796847777E-011
   924.00000000000000        1.6136701276183510E-011
   925.00000000000000        1.5449390504268245E-011
   926.00000000000000        1.4791249832410991E-011
   927.00000000000000        1.4161045839361387E-011
   928.00000000000000        1.3557597056777538E-011
   929.00000000000000        1.2979771789699041E-011
   930.00000000000000        1.2426486028069408E-011
   931.00000000000000        1.1896701445525586E-011
   932.00000000000000        1.1389423481822219E-011
   933.00000000000000        1.0903699505410463E-011
   934.00000000000000        1.0438617052835501E-011
   935.00000000000000        9.9933021417562751E-012
   936.00000000000000        9.5669176545199928E-012
   937.00000000000000        9.1586617893569129E-012
   938.00000000000000        8.7677665763744381E-012
   939.00000000000000        8.3934964556554065E-012
   940.00000000000000        8.0351469148692100E-012
   941.00000000000000        7.6920431839183049E-012
   942.00000000000000        7.3635389842412983E-012
   943.00000000000000        7.0490153304943965E-012
   944.00000000000000        6.7478793824257140E-012
   945.00000000000000        6.4595633448519691E-012
   946.00000000000000        6.1835234137266647E-012
   947.00000000000000        5.9192387663817747E-012
   948.00000000000000        5.6662105940938334E-012
   949.00000000000000        5.4239611752131562E-012
   950.00000000000000        5.1920329871582764E-012
   951.00000000000000        4.9699878556560198E-012
   952.00000000000000        4.7574061396693294E-012
   953.00000000000000        4.5538859505239969E-012
   954.00000000000000        4.3590424038037567E-012
   955.00000000000000        4.1725069026451166E-012
   956.00000000000000        3.9939264511204958E-012
   957.00000000000000        3.8229629964493513E-012
   958.00000000000000        3.6592927988347778E-012
   959.00000000000000        3.5026058277683322E-012
   960.00000000000000        3.3526051836963851E-012
   961.00000000000000        3.2090065439876013E-012
   962.00000000000000        3.0715376321837049E-012
   963.00000000000000        2.9399377095597905E-012
   964.00000000000000        2.8139570880602660E-012
   965.00000000000000        2.6933566637147566E-012
   966.00000000000000        2.5779074696773040E-012
   967.00000000000000        2.4673902480662652E-012
   968.00000000000000        2.3615950398173743E-012
   969.00000000000000        2.2603207917960722E-012
   970.00000000000000        2.1633749804444296E-012
   971.00000000000000        2.0705732512705975E-012
   972.00000000000000        1.9817390735163529E-012
   973.00000000000000        1.8967034093664324E-012
   974.00000000000000        1.8153043970892357E-012
   975.00000000000000        1.7373870475252867E-012
   976.00000000000000        1.6628029533631787E-012
   977.00000000000000        1.5914100106659998E-012
   978.00000000000000        1.5230721521347572E-012
   979.00000000000000        1.4576590916155331E-012
   980.00000000000000        1.3950460793789132E-012
   981.00000000000000        1.3351136677185705E-012
   982.00000000000000        1.2777474864363007E-012
   983.00000000000000        1.2228380277977245E-012
   984.00000000000000        1.1702804405610895E-012
   985.00000000000000        1.1199743326975049E-012
   986.00000000000000        1.0718235824376153E-012
   987.00000000000000        1.0257361572946474E-012
   988.00000000000000        9.8162394072820448E-013
   989.00000000000000        9.3940256612773596E-013
   990.00000000000000        8.9899125780780819E-013
   991.00000000000000        8.6031267871990505E-013
   992.00000000000000        8.2329278459852204E-013
   993.00000000000000        7.8786068427060796E-013
   994.00000000000000        7.5394850586880028E-013
   995.00000000000000        7.2149126870014279E-013
   996.00000000000000        6.9042676053193433E-013
   997.00000000000000        6.6069542006681861E-013
   998.00000000000000        6.3224022438819489E-013
   999.00000000000000        6.0500658116695348E-013
   1000.0000000000000        5.7894222542852512E-013
