# Recoil energy (kev)        Event rate (events/gev)
   1.0000000000000000        389712.11149374931     
   2.0000000000000000        758885.85077116778     
   3.0000000000000000        1108109.9844621862     
   4.0000000000000000        1437974.9248948635     
   5.0000000000000000        1749071.1515627857     
   6.0000000000000000        2041987.7676085248     
   7.0000000000000000        2317311.1831066236     
   8.0000000000000000        2575623.9173412141     
   9.0000000000000000        2817503.5126677426     
   10.000000000000000        3043521.5529260314     
   11.000000000000000        3254242.7797334031     
   12.000000000000000        3450224.3003326035     
   13.000000000000000        3632014.8810001481     
   14.000000000000000        3800154.3203370562     
   15.000000000000000        3955172.8970662798     
   16.000000000000000        4097590.8872498744     
   17.000000000000000        4227918.1461147275     
   18.000000000000000        4346653.7499388708     
   19.000000000000000        4454285.6937014088     
   20.000000000000000        4551290.6404385818     
   21.000000000000000        4638133.7184767649     
   22.000000000000000        4715268.3629305447     
   23.000000000000000        4783136.1980613638     
   24.000000000000000        4842166.9572892673     
   25.000000000000000        4892778.4378379816     
   26.000000000000000        4935376.4871721547     
   27.000000000000000        4970355.0185552435     
   28.000000000000000        4998096.0532178879     
   29.000000000000000        5018969.7867799094     
   30.000000000000000        5033334.6777145481     
   31.000000000000000        5041537.5557817509     
   32.000000000000000        5043913.7484882949     
   33.000000000000000        5040787.2237570044     
   34.000000000000000        5032470.7471048348     
   35.000000000000000        5019266.0517415088     
   36.000000000000000        5001464.0201059021     
   37.000000000000000        4979344.8754574964     
   38.000000000000000        4953178.3822348230     
   39.000000000000000        4923224.0539823808     
   40.000000000000000        4889731.3677320313     
   41.000000000000000        4852939.9838048266     
   42.000000000000000        4813079.9700746238     
   43.000000000000000        4770372.0298060151     
   44.000000000000000        4725027.7322462434     
   45.000000000000000        4677249.7452140599     
   46.000000000000000        4627232.0689879283     
   47.000000000000000        4575160.2708523413     
   48.000000000000000        4521211.7197134253     
   49.000000000000000        4465555.8202449996     
   50.000000000000000        4408354.2460725158     
   51.000000000000000        4349761.1715463437     
   52.000000000000000        4289923.5016967319     
   53.000000000000000        4228981.1000013053     
   54.000000000000000        4167067.0136320987     
   55.000000000000000        4104307.6958826929     
   56.000000000000000        4040823.2255077097     
   57.000000000000000        3976727.5227363436     
   58.000000000000000        3912128.5617491147     
   59.000000000000000        3847128.5794326658     
   60.000000000000000        3781824.2802513596     
   61.000000000000000        3716307.0370966909     
   62.000000000000000        3650663.0879960624     
   63.000000000000000        3584973.7285818541     
   64.000000000000000        3519315.5002392880     
   65.000000000000000        3453760.3738682703     
   66.000000000000000        3388375.9292093534     
   67.000000000000000        3323225.5296983090     
   68.000000000000000        3258368.4928264599     
   69.000000000000000        3193860.2559959786     
   70.000000000000000        3129752.5378702604     
   71.000000000000000        3066093.4952294342     
   72.000000000000000        3002927.8753502327     
   73.000000000000000        2940297.1639378038     
   74.000000000000000        2878239.7286445256     
   75.000000000000000        2816790.9582178649     
   76.000000000000000        2755983.3973253337     
   77.000000000000000        2695846.8771103192     
   78.000000000000000        2636408.6415374423     
   79.000000000000000        2577693.4695905149     
   80.000000000000000        2519723.7933901683     
   81.000000000000000        2462519.8123015598     
   82.000000000000000        2406099.6031056307     
   83.000000000000000        2350479.2263099486     
   84.000000000000000        2295672.8286773958     
   85.000000000000000        2241692.7420527185     
   86.000000000000000        2188549.5785686295     
   87.000000000000000        2136252.3223141916     
   88.000000000000000        2084808.4175492574     
   89.000000000000000        2034223.8535493740     
   90.000000000000000        1984503.2461659384     
   91.000000000000000        1935649.9161866903     
   92.000000000000000        1887665.9645815569     
   93.000000000000000        1840552.3447186728     
   94.000000000000000        1794308.9316351435     
   95.000000000000000        1748934.5884464984     
   96.000000000000000        1704427.2299781598     
   97.000000000000000        1660783.8837015775     
   98.000000000000000        1618000.7480566199     
   99.000000000000000        1576073.2482409517     
   100.00000000000000        1534996.0895459959     
   101.00000000000000        1494763.3083178964     
   102.00000000000000        1455368.3206206453     
   103.00000000000000        1416803.9686773261     
   104.00000000000000        1379062.5651638631     
   105.00000000000000        1342135.9354285246     
   106.00000000000000        1306015.4577086994     
   107.00000000000000        1270692.1014152037     
   108.00000000000000        1236156.4635526855     
   109.00000000000000        1202398.8033433107     
   110.00000000000000        1169409.0751192041     
   111.00000000000000        1137176.9595476682     
   112.00000000000000        1105691.8932515716     
   113.00000000000000        1074943.0968857100     
   114.00000000000000        1044919.6017283795     
   115.00000000000000        1015610.2748458190     
   116.00000000000000        987003.84288559284     
   117.00000000000000        959088.91455341957     
   118.00000000000000        931854.00182641950     
   119.00000000000000        905287.53995418339     
   120.00000000000000        879377.90629755636     
   121.00000000000000        854113.43805354019     
   122.00000000000000        829482.44891318027     
   123.00000000000000        805473.24469791364     
   124.00000000000000        782074.13801833941     
   125.00000000000000        759273.46199798991     
   126.00000000000000        737059.58310330124     
   127.00000000000000        715420.91311957035     
   128.00000000000000        694345.92031138088     
   129.00000000000000        673823.13980466453     
   130.00000000000000        653841.18322624778     
   131.00000000000000        634388.74763550446     
   132.00000000000000        615454.62378151400     
   133.00000000000000        597027.70371787390     
   134.00000000000000        579096.98780621297     
   135.00000000000000        561651.59113825264     
   136.00000000000000        544680.74940517475     
   137.00000000000000        528173.82424197672     
   138.00000000000000        512120.30807342666     
   139.00000000000000        496509.82848719740     
   140.00000000000000        481332.15215879824     
   141.00000000000000        466577.18835190224     
   142.00000000000000        452234.99201677286     
   143.00000000000000        438295.76650854747     
   144.00000000000000        424749.86594627140     
   145.00000000000000        411587.79723270389     
   146.00000000000000        398800.22175409208     
   147.00000000000000        386377.95677831012     
   148.00000000000000        374311.97656896006     
   149.00000000000000        362593.41323229956     
   150.00000000000000        351213.55731312977     
   151.00000000000000        340163.85815503483     
   152.00000000000000        329435.92403976014     
   153.00000000000000        319021.52211976773     
   154.00000000000000        308912.57815744280     
   155.00000000000000        299101.17608377105     
   156.00000000000000        289579.55738875311     
   157.00000000000000        280340.12035519344     
   158.00000000000000        271375.41914702655     
   159.00000000000000        262678.16276275873     
   160.00000000000000        254241.21386410974     
   161.00000000000000        246057.58748946266     
   162.00000000000000        238120.44966124475     
   163.00000000000000        230423.11589590326     
   164.00000000000000        222959.04962473275     
   165.00000000000000        215721.86053334922     
   166.00000000000000        208705.30282724902     
   167.00000000000000        201903.27343046680     
   168.00000000000000        195309.81012400109     
   169.00000000000000        188919.08963031523     
   170.00000000000000        182725.42564986093     
   171.00000000000000        176723.26685528751     
   172.00000000000000        170907.19484863229     
   173.00000000000000        165271.92208654436     
   174.00000000000000        159812.28977825338     
   175.00000000000000        154523.26576076954     
   176.00000000000000        149399.94235549652     
   177.00000000000000        144437.53421021858     
   178.00000000000000        139631.37613016626     
   179.00000000000000        134976.92090163974     
   180.00000000000000        130469.73711145490     
   181.00000000000000        126105.50696526124     
   182.00000000000000        121880.02410758629     
   183.00000000000000        117789.19144626711     
   184.00000000000000        113829.01898375656     
   185.00000000000000        109995.62165760688     
   186.00000000000000        106285.21719228019     
   187.00000000000000        102694.12396427605     
   188.00000000000000        99218.758882410402     
   189.00000000000000        95855.635284955017     
   190.00000000000000        92601.360855191655     
   191.00000000000000        89452.635556825277     
   192.00000000000000        86406.249590573163     
   193.00000000000000        83459.081373127847     
   194.00000000000000        80608.095539588772     
   195.00000000000000        77850.340970355508     
   196.00000000000000        75182.948843371269     
   197.00000000000000        72603.130712520302     
   198.00000000000000        70108.176612891213     
   199.00000000000000        67695.453193536436     
   200.00000000000000        65362.401878285178     
   201.00000000000000        63106.537055084271     
   202.00000000000000        60925.444294283625     
   203.00000000000000        58816.778596208424     
   204.00000000000000        56778.262668305360     
   205.00000000000000        54807.685232090167     
   206.00000000000000        52902.899360067706     
   207.00000000000000        51061.820842753434     
   208.00000000000000        49282.426585865629     
   209.00000000000000        47562.753037723458     
   210.00000000000000        45900.894646841305     
   211.00000000000000        44295.002349669754     
   212.00000000000000        42743.282088398257     
   213.00000000000000        41243.993358704138     
   214.00000000000000        39795.447787296820     
   215.00000000000000        38396.007739080509     
   216.00000000000000        37044.084953731770     
   217.00000000000000        35738.139211462003     
   218.00000000000000        34476.677027714948     
   219.00000000000000        33258.250376525742     
   220.00000000000000        32081.455442250975     
   221.00000000000000        30944.931399363519     
   222.00000000000000        29847.359219981987     
   223.00000000000000        28787.460508804361     
   224.00000000000000        27763.996365088584     
   225.00000000000000        26775.766271318058     
   226.00000000000000        25821.607008182651     
   227.00000000000000        24900.391595487996     
   228.00000000000000        24011.028258606078     
   229.00000000000000        23152.459420069485     
   230.00000000000000        22323.660715905058     
   231.00000000000000        21523.640036300563     
   232.00000000000000        20751.436590190893     
   233.00000000000000        20006.119993348831     
   234.00000000000000        19286.789379562531     
   235.00000000000000        18592.572534480063     
   236.00000000000000        17922.625051699350     
   237.00000000000000        17276.129510682811     
   238.00000000000000        16652.294676075559     
   239.00000000000000        16050.354718005205     
   240.00000000000000        15469.568452945741     
   241.00000000000000        14909.218604726435     
   242.00000000000000        14368.611085269307     
   243.00000000000000        13847.074294643928     
   244.00000000000000        13343.958440027740     
   245.00000000000000        12858.634873163994     
   246.00000000000000        12390.495445916116     
   247.00000000000000        11938.951883516016     
   248.00000000000000        11503.435175112654     
   249.00000000000000        11083.394981227595     
   250.00000000000000        10678.299057733006     
   251.00000000000000        10287.632695967617     
   252.00000000000000        9910.8981786157456     
   253.00000000000000        9547.6142509756464     
   254.00000000000000        9197.3156072515976     
   255.00000000000000        8859.5523915078338     
   256.00000000000000        8533.8897129287579     
   257.00000000000000        8219.9071750347848     
   258.00000000000000        7917.1984185096735     
   259.00000000000000        7625.3706773001304     
   260.00000000000000        7344.0443476549408     
   261.00000000000000        7072.8525697760015     
   262.00000000000000        6811.4408217605196     
   263.00000000000000        6559.4665255181808     
   264.00000000000000        6316.5986643544747     
   265.00000000000000        6082.5174119161256     
   266.00000000000000        5856.9137722012156     
   267.00000000000000        5639.4892303419538     
   268.00000000000000        5429.9554138743215     
   269.00000000000000        5228.0337642148570     
   270.00000000000000        5033.4552180698129     
   271.00000000000000        4845.9598985087614     
   272.00000000000000        4665.2968154396513     
   273.00000000000000        4491.2235752288125     
   274.00000000000000        4323.5060992143171     
   275.00000000000000        4161.9183508668402     
   276.00000000000000        4006.2420713583892     
   277.00000000000000        3856.2665233039406     
   278.00000000000000        3711.7882424466579     
   279.00000000000000        3572.6107970630133     
   280.00000000000000        3438.5445548691278     
   281.00000000000000        3309.4064572147254     
   282.00000000000000        3185.0198003567857     
   283.00000000000000        3065.2140236092791     
   284.00000000000000        2949.8245041709438     
   285.00000000000000        2838.6923584375832     
   286.00000000000000        2731.6642496105874     
   287.00000000000000        2628.5922014174448     
   288.00000000000000        2529.3334177654574     
   289.00000000000000        2433.7501081537907     
   290.00000000000000        2341.7093186738020     
   291.00000000000000        2253.0827684320261     
   292.00000000000000        2167.7466912341838     
   293.00000000000000        2085.5816823732193     
   294.00000000000000        2006.4725503682694     
   295.00000000000000        1930.3081735055603     
   296.00000000000000        1856.9813610362676     
   297.00000000000000        1786.3887188902968     
   298.00000000000000        1718.4305197686688     
   299.00000000000000        1653.0105774809840     
   300.00000000000000        1590.0361253980475     
   301.00000000000000        1529.4176988934737     
   302.00000000000000        1471.0690216513019     
   303.00000000000000        1414.9068957203203     
   304.00000000000000        1360.8510951990611     
   305.00000000000000        1308.8242634385979     
   306.00000000000000        1258.7518136535721     
   307.00000000000000        1210.5618328349726     
   308.00000000000000        1164.1849888611684     
   309.00000000000000        1119.5544407066593     
   310.00000000000000        1076.6057516510816     
   311.00000000000000        1035.2768053934631     
   312.00000000000000        995.50772497989169     
   313.00000000000000        957.24079445506004     
   314.00000000000000        920.42038315113155     
   315.00000000000000        884.99287252953877     
   316.00000000000000        850.90658549417901     
   317.00000000000000        818.11171809659470     
   318.00000000000000        786.56027355621961     
   319.00000000000000        756.20599852116766     
   320.00000000000000        727.00432149697735     
   321.00000000000000        698.91229337321897     
   322.00000000000000        671.88852997984282     
   323.00000000000000        645.89315660711884     
   324.00000000000000        620.88775442529732     
   325.00000000000000        596.83530874170992     
   326.00000000000000        573.70015903527496     
   327.00000000000000        551.44795070996372     
   328.00000000000000        530.04558851072920     
   329.00000000000000        509.46119154706537     
   330.00000000000000        489.66404987108587     
   331.00000000000000        470.62458255870524     
   332.00000000000000        452.31429724399936     
   333.00000000000000        434.70575105850781     
   334.00000000000000        417.77251292863207     
   335.00000000000000        401.48912718589838     
   336.00000000000000        385.83107844609299     
   337.00000000000000        370.77475771486098     
   338.00000000000000        356.29742967853201     
   339.00000000000000        342.37720114042133     
   340.00000000000000        328.99299056391021     
   341.00000000000000        316.12449868505507     
   342.00000000000000        303.75218015853358     
   343.00000000000000        291.85721620192976     
   344.00000000000000        280.42148820450177     
   345.00000000000000        269.42755226766229     
   346.00000000000000        258.85861464544996     
   347.00000000000000        248.69850805429706     
   348.00000000000000        238.93166882243119     
   349.00000000000000        229.54311485013858     
   350.00000000000000        220.51842435316794     
   351.00000000000000        211.84371536231509     
   352.00000000000000        203.50562595327429     
   353.00000000000000        195.49129518155459     
   354.00000000000000        187.78834469815948     
   355.00000000000000        180.38486102252929     
   356.00000000000000        173.26937844999861     
   357.00000000000000        166.43086257178769     
   358.00000000000000        159.85869438626014     
   359.00000000000000        153.54265498093483     
   360.00000000000000        147.47291076534268     
   361.00000000000000        141.63999923556662     
   362.00000000000000        136.03481525189483     
   363.00000000000000        130.64859781164154     
   364.00000000000000        125.47291729981961     
   365.00000000000000        120.49966320090614     
   366.00000000000000        115.72103225551751     
   367.00000000000000        111.12951704635306     
   368.00000000000000        106.71789499830352     
   369.00000000000000        102.47921777812326     
   370.00000000000000        98.406801079562186     
   371.00000000000000        94.494214780341267     
   372.00000000000000        90.735273457806926     
   373.00000000000000        87.124027250557958     
   374.00000000000000        83.654753053777085     
   375.00000000000000        80.321946036396398     
   376.00000000000000        77.120311468668973     
   377.00000000000000        74.044756849075000     
   378.00000000000000        71.090384319896700     
   379.00000000000000        68.252483361160486     
   380.00000000000000        65.526523752984332     
   381.00000000000000        62.908148796730586     
   382.00000000000000        60.393168785692367     
   383.00000000000000        57.977554716357567     
   384.00000000000000        55.657432231610429     
   385.00000000000000        53.429075787529626     
   386.00000000000000        51.288903035736489     
   387.00000000000000        49.233469413517426     
   388.00000000000000        47.259462934229319     
   389.00000000000000        45.363699170749690     
   390.00000000000000        43.543116424988192     
   391.00000000000000        41.794771076726356     
   392.00000000000000        40.115833105283109     
   393.00000000000000        38.503581777735015     
   394.00000000000000        36.955401497639762     
   395.00000000000000        35.468777808429884     
   396.00000000000000        34.041293545839878     
   397.00000000000000        32.670625133942295     
   398.00000000000000        31.354539019546330     
   399.00000000000000        30.090888239912612     
   400.00000000000000        28.877609118905958     
   401.00000000000000        27.712718086886628     
   402.00000000000000        26.594308619808185     
   403.00000000000000        25.520548293148913     
   404.00000000000000        24.489675946463411     
   405.00000000000000        23.499998954488600     
   406.00000000000000        22.549890600882804     
   407.00000000000000        21.637787550824481     
   408.00000000000000        20.762187418821288     
   409.00000000000000        19.921646428221749     
   410.00000000000000        19.114777159040184     
   411.00000000000000        18.340246380834166     
   412.00000000000000        17.596772967484409     
   413.00000000000000        16.883125890845733     
   414.00000000000000        16.198122290347264     
   415.00000000000000        15.540625615721389     
   416.00000000000000        14.909543840147606     
   417.00000000000000        14.303827741193805     
   418.00000000000000        13.722469247032304     
   419.00000000000000        13.164499845500730     
   420.00000000000000        12.628989053665880     
   421.00000000000000        12.115042945631256     
   422.00000000000000        11.621802736417481     
   423.00000000000000        11.148443419817344     
   424.00000000000000        10.694172458207397     
   425.00000000000000        10.258228522372477     
   426.00000000000000        9.8398802794674562     
   427.00000000000000        9.4384252273126013     
   428.00000000000000        9.0531885732830339     
   429.00000000000000        8.6835221561173963     
   430.00000000000000        8.3288034090323855     
   431.00000000000000        7.9884343625885563     
   432.00000000000000        7.6618406858114056     
   433.00000000000000        7.3484707641247882     
   434.00000000000000        7.0477948127098644     
   435.00000000000000        6.7593040239501896     
   436.00000000000000        6.4825097476774820     
   437.00000000000000        6.2169427029761151     
   438.00000000000000        5.9621522203529906     
   439.00000000000000        5.7177055131229721     
   440.00000000000000        5.4831869769021759     
   441.00000000000000        5.2581975161432517     
   442.00000000000000        5.0423538966862962     
   443.00000000000000        4.8352881233369907     
   444.00000000000000        4.6366468415203776     
   445.00000000000000        4.4460907620944985     
   446.00000000000000        4.2632941084421834     
   447.00000000000000        4.0879440849915989     
   448.00000000000000        3.9197403663491110     
   449.00000000000000        3.7583946062572542     
   450.00000000000000        3.6036299656211619     
   451.00000000000000        3.4551806588744536     
   452.00000000000000        3.3127915179832588     
   453.00000000000000        3.1762175734134619     
   454.00000000000000        3.0452236514109634     
   455.00000000000000        2.9195839869704376     
   456.00000000000000        2.7990818518902421     
   457.00000000000000        2.6835091973346281     
   458.00000000000000        2.5726663103461060     
   459.00000000000000        2.4663614837716064     
   460.00000000000000        2.3644106990865845     
   461.00000000000000        2.2666373216205549     
   462.00000000000000        2.1728718077063949     
   463.00000000000000        2.0829514232938156     
   464.00000000000000        1.9967199735849279     
   465.00000000000000        1.9140275432661362     
   466.00000000000000        1.8347302469276470     
   467.00000000000000        1.7586899892762842     
   468.00000000000000        1.6857742347632738     
   469.00000000000000        1.6158557862623779     
   470.00000000000000        1.5488125724480570     
   471.00000000000000        1.4845274435362377     
   472.00000000000000        1.4228879750639458     
   473.00000000000000        1.3637862793951860     
   474.00000000000000        1.3071188246535888     
   475.00000000000000        1.2527862607930997     
   476.00000000000000        1.2006932525291489     
   477.00000000000000        1.1507483188634657     
   478.00000000000000        1.1028636789459219     
   479.00000000000000        1.0569551040263583     
   480.00000000000000        1.0129417752592762     
   481.00000000000000       0.97074614713304719     
   482.00000000000000       0.93029381630394936     
   483.00000000000000       0.89151339562425713     
   484.00000000000000       0.85433639316132703     
   485.00000000000000       0.81869709601240548     
   486.00000000000000       0.78453245872780331     
   487.00000000000000       0.75178199616179819     
   488.00000000000000       0.72038768057798042     
   489.00000000000000       0.69029384284227502     
   490.00000000000000       0.66144707754328269     
   491.00000000000000       0.63379615188589944     
   492.00000000000000       0.60729191821007311     
   493.00000000000000       0.58188722999214393     
   494.00000000000000       0.55753686119213341     
   495.00000000000000       0.53419742881506960     
   496.00000000000000       0.51182731856013919     
   497.00000000000000       0.49038661343587703     
   498.00000000000000       0.46983702522467330     
   499.00000000000000       0.45014182868413471     
   500.00000000000000       0.43126579837748230     
   501.00000000000000       0.41317514802912342     
   502.00000000000000       0.39583747230573191     
   503.00000000000000       0.37922169092696861     
   504.00000000000000       0.36329799501377541     
   505.00000000000000       0.34803779558570269     
   506.00000000000000       0.33341367412223377     
   507.00000000000000       0.31939933510635532     
   508.00000000000000       0.30596956047187174     
   509.00000000000000       0.29310016587893234     
   510.00000000000000       0.28076795874532501     
   511.00000000000000       0.26895069796378551     
   512.00000000000000       0.25762705523843871     
   513.00000000000000       0.24677657797599711     
   514.00000000000000       0.23637965366994559     
   515.00000000000000       0.22641747571831208     
   516.00000000000000       0.21687201061799047     
   517.00000000000000       0.20772596648080777     
   518.00000000000000       0.19896276281868228     
   519.00000000000000       0.19056650154728724     
   520.00000000000000       0.18252193915964748     
   521.00000000000000       0.17481446002296733     
   522.00000000000000       0.16743005075388356     
   523.00000000000000       0.16035527562903312     
   524.00000000000000       0.15357725298960428     
   525.00000000000000       0.14708363260012072     
   526.00000000000000       0.14086257392326562     
   527.00000000000000       0.13490272527412284     
   528.00000000000000       0.12919320381860172     
   529.00000000000000       0.12372357638223036     
   530.00000000000000       0.11848384103684140     
   531.00000000000000       0.11346440943395428     
   532.00000000000000       0.10865608985489542     
   533.00000000000000       0.10405007094889365     
   534.00000000000000        9.9637906131505471E-002
   535.00000000000000        9.5411498616870066E-002
   536.00000000000000        9.1363087058268774E-002
   537.00000000000000        8.7485231772570532E-002
   538.00000000000000        8.3770801525040017E-002
   539.00000000000000        8.0212960851958809E-002
   540.00000000000000        7.6805157899395612E-002
   541.00000000000000        7.3541112757333715E-002
   542.00000000000000        7.0414806269177455E-002
   543.00000000000000        6.7420469297462093E-002
   544.00000000000000        6.4552572427372584E-002
   545.00000000000000        6.1805816090375554E-002
   546.00000000000000        5.9175121091009572E-002
   547.00000000000000        5.6655619520538401E-002
   548.00000000000000        5.4242646041825465E-002
   549.00000000000000        5.1931729530413841E-002
   550.00000000000000        4.9718585057397374E-002
   551.00000000000000        4.7599106200254697E-002
   552.00000000000000        4.5569357668343073E-002
   553.00000000000000        4.3625568230319198E-002
   554.00000000000000        4.1764123931240731E-002
   555.00000000000000        3.9981561587595194E-002
   556.00000000000000        3.8274562548984072E-002
   557.00000000000000        3.6639946715634933E-002
   558.00000000000000        3.5074666801349325E-002
   559.00000000000000        3.3575802831920784E-002
   560.00000000000000        3.2140556869440541E-002
   561.00000000000000        3.0766247953313935E-002
   562.00000000000000        2.9450307249164920E-002
   563.00000000000000        2.8190273397168987E-002
   564.00000000000000        2.6983788051691188E-002
   565.00000000000000        2.5828591604439930E-002
   566.00000000000000        2.4722519083649797E-002
   567.00000000000000        2.3663496222123968E-002
   568.00000000000000        2.2649535687238910E-002
   569.00000000000000        2.1678733466311724E-002
   570.00000000000000        2.0749265400976623E-002
   571.00000000000000        1.9859383864491729E-002
   572.00000000000000        1.9007414576132385E-002
   573.00000000000000        1.8191753547065630E-002
   574.00000000000000        1.7410864152332950E-002
   575.00000000000000        1.6663274323775221E-002
   576.00000000000000        1.5947573858955458E-002
   577.00000000000000        1.5262411841325924E-002
   578.00000000000000        1.4606494167080424E-002
   579.00000000000000        1.3978581174326484E-002
   580.00000000000000        1.3377485370372455E-002
   581.00000000000000        1.2802069253113975E-002
   582.00000000000000        1.2251243222652204E-002
   583.00000000000000        1.1723963579441795E-002
   584.00000000000000        1.1219230605417489E-002
   585.00000000000000        1.0736086724684485E-002
   586.00000000000000        1.0273614740507166E-002
   587.00000000000000        9.8309361454566434E-003
   588.00000000000000        9.4072095017079284E-003
   589.00000000000000        9.0016288886002709E-003
   590.00000000000000        8.6134224146915545E-003
   591.00000000000000        8.2418507916494060E-003
   592.00000000000000        7.8862059674322457E-003
   593.00000000000000        7.5458098163168116E-003
   594.00000000000000        7.2200128834269250E-003
   595.00000000000000        6.9081931815151492E-003
   596.00000000000000        6.6097550378433258E-003
   597.00000000000000        6.3241279890897872E-003
   598.00000000000000        6.0507657223034571E-003
   599.00000000000000        5.7891450600001540E-003
   600.00000000000000        5.5387649875775413E-003
   601.00000000000000        5.2991457212976968E-003
   602.00000000000000        5.0698278151610878E-003
   603.00000000000000        4.8503713050610728E-003
   604.00000000000000        4.6403548886761745E-003
   605.00000000000000        4.4393751396200462E-003
   606.00000000000000        4.2470457544299556E-003
   607.00000000000000        4.0629968310328841E-003
   608.00000000000000        3.8868741773836982E-003
   609.00000000000000        3.7183386490246481E-003
   610.00000000000000        3.5570655143655782E-003
   611.00000000000000        3.4027438465347587E-003
   612.00000000000000        3.2550759406965897E-003
   613.00000000000000        3.1137767557783600E-003
   614.00000000000000        2.9785733795923714E-003
   615.00000000000000        2.8492045163796874E-003
   616.00000000000000        2.7254199958444761E-003
   617.00000000000000        2.6069803027837435E-003
   618.00000000000000        2.4936561264561562E-003
   619.00000000000000        2.3852279288675477E-003
   620.00000000000000        2.2814855311858030E-003
   621.00000000000000        2.1822277175296096E-003
   622.00000000000000        2.0872618554067610E-003
   623.00000000000000        1.9964035321080194E-003
   624.00000000000000        1.9094762063914285E-003
   625.00000000000000        1.8263108748181218E-003
   626.00000000000000        1.7467457521291854E-003
   627.00000000000000        1.6706259650766553E-003
   628.00000000000000        1.5978032591468284E-003
   629.00000000000000        1.5281357176371150E-003
   630.00000000000000        1.4614874925705063E-003
   631.00000000000000        1.3977285469518493E-003
   632.00000000000000        1.3367344078924163E-003
   633.00000000000000        1.2783859301473328E-003
   634.00000000000000        1.2225690696303717E-003
   635.00000000000000        1.1691746664880705E-003
   636.00000000000000        1.1180982373330298E-003
   637.00000000000000        1.0692397762522225E-003
   638.00000000000000        1.0225035642229196E-003
   639.00000000000000        9.7779798658327718E-004
   640.00000000000000        9.3503535821995529E-004
   641.00000000000000        8.9413175614888368E-004
   642.00000000000000        8.5500685917877062E-004
   643.00000000000000        8.1758379436008073E-004
   644.00000000000000        7.8178898993432825E-004
   645.00000000000000        7.4755203451054109E-004
   646.00000000000000        7.1480554220722096E-004
   647.00000000000000        6.8348502350891406E-004
   648.00000000000000        6.5352876159699403E-004
   649.00000000000000        6.2487769392428200E-004
   650.00000000000000        5.9747529881293835E-004
   651.00000000000000        5.7126748686385476E-004
   652.00000000000000        5.4620249697511284E-004
   653.00000000000000        5.2223079677516532E-004
   654.00000000000000        4.9930498728473097E-004
   655.00000000000000        4.7737971162904871E-004
   656.00000000000000        4.5641156762968728E-004
   657.00000000000000        4.3635902411222235E-004
   658.00000000000000        4.1718234077294485E-004
   659.00000000000000        3.9884349145430630E-004
   660.00000000000000        3.8130609068513923E-004
   661.00000000000000        3.6453532334781888E-004
   662.00000000000000        3.4849787734000904E-004
   663.00000000000000        3.3316187910461051E-004
   664.00000000000000        3.1849683190644053E-004
   665.00000000000000        3.0447355673955597E-004
   666.00000000000000        2.9106413575381645E-004
   667.00000000000000        2.7824185809410861E-004
   668.00000000000000        2.6598116804999204E-004
   669.00000000000000        2.5425761541793664E-004
   670.00000000000000        2.4304780798242945E-004
   671.00000000000000        2.3232936602603764E-004
   672.00000000000000        2.2208087878247749E-004
   673.00000000000000        2.1228186275025157E-004
   674.00000000000000        2.0291272178789730E-004
   675.00000000000000        1.9395470891524861E-004
   676.00000000000000        1.8538988974825874E-004
   677.00000000000000        1.7720110749801774E-004
   678.00000000000000        1.6937194946752023E-004
   679.00000000000000        1.6188671498249313E-004
   680.00000000000000        1.5473038469537392E-004
   681.00000000000000        1.4788859120398753E-004
   682.00000000000000        1.4134759092905254E-004
   683.00000000000000        1.3509423719690433E-004
   684.00000000000000        1.2911595447616085E-004
   685.00000000000000        1.2340071371917807E-004
   686.00000000000000        1.1793700876125837E-004
   687.00000000000000        1.1271383373253240E-004
   688.00000000000000        1.0772066143935544E-004
   689.00000000000000        1.0294742267388106E-004
   690.00000000000000        9.8384486412243192E-005
   691.00000000000000        9.4022640863423963E-005
   692.00000000000000        8.9853075332499348E-005
   693.00000000000000        8.5867362863535209E-005
   694.00000000000000        8.2057443628791828E-005
   695.00000000000000        7.8415609032395466E-005
   696.00000000000000        7.4934486497945171E-005
   697.00000000000000        7.1607024910810455E-005
   698.00000000000000        6.8426480687139085E-005
   699.00000000000000        6.5386404442773123E-005
   700.00000000000000        6.2480628236409114E-005
   701.00000000000000        5.9703253362419174E-005
   702.00000000000000        5.7048638669824248E-005
   703.00000000000000        5.4511389384868221E-005
   704.00000000000000        5.2086346415639916E-005
   705.00000000000000        4.9768576118075787E-005
   706.00000000000000        4.7553360503585917E-005
   707.00000000000000        4.5436187869347700E-005
   708.00000000000000        4.3412743833163511E-005
   709.00000000000000        4.1478902755515786E-005
   710.00000000000000        3.9630719532204569E-005
   711.00000000000000        3.7864421741666535E-005
   712.00000000000000        3.6176402131741467E-005
   713.00000000000000        3.4563211431310361E-005
   714.00000000000000        3.3021551472846814E-005
   715.00000000000000        3.1548268612518300E-005
   716.00000000000000        3.0140347435051333E-005
   717.00000000000000        2.8794904731108481E-005
   718.00000000000000        2.7509183735464262E-005
   719.00000000000000        2.6280548614744812E-005
   720.00000000000000        2.5106479194010057E-005
   721.00000000000000        2.3984565911874073E-005
   722.00000000000000        2.2912504994338732E-005
   723.00000000000000        2.1888093837910025E-005
   724.00000000000000        2.0909226592979659E-005
   725.00000000000000        1.9973889938843121E-005
   726.00000000000000        1.9080159042089740E-005
   727.00000000000000        1.8226193690453827E-005
   728.00000000000000        1.7410234594562795E-005
   729.00000000000000        1.6630599850329715E-005
   730.00000000000000        1.5885681555061572E-005
   731.00000000000000        1.5173942570644437E-005
   732.00000000000000        1.4493913427449126E-005
   733.00000000000000        1.3844189362884248E-005
   734.00000000000000        1.3223427488770308E-005
   735.00000000000000        1.2630344081973105E-005
   736.00000000000000        1.2063711992959347E-005
   737.00000000000000        1.1522358167178796E-005
   738.00000000000000        1.1005161274389185E-005
   739.00000000000000        1.0511049441251816E-005
   740.00000000000000        1.0038998082728237E-005
   741.00000000000000        9.5880278279972820E-006
   742.00000000000000        9.1572025368007266E-006
   743.00000000000000        8.7456274022966943E-006
   744.00000000000000        8.3524471366725151E-006
   745.00000000000000        7.9768442359294417E-006
   746.00000000000000        7.6180373204041470E-006
   747.00000000000000        7.2752795477433706E-006
   748.00000000000000        6.9478570951861379E-006
   749.00000000000000        6.6350877081454213E-006
   750.00000000000000        6.3363193122129114E-006
   751.00000000000000        6.0509286858285174E-006
   752.00000000000000        5.7783201909821381E-006
   753.00000000000000        5.5179245594256967E-006
   754.00000000000000        5.2691977319809478E-006
   755.00000000000000        5.0316197486353394E-006
   756.00000000000000        4.8046936872182351E-006
   757.00000000000000        4.5879446485414149E-006
   758.00000000000000        4.3809187859846340E-006
   759.00000000000000        4.1831823775894061E-006
   760.00000000000000        3.9943209388117002E-006
   761.00000000000000        3.8139383741613777E-006
   762.00000000000000        3.6416561660358026E-006
   763.00000000000000        3.4771125991249782E-006
   764.00000000000000        3.3199620188389451E-006
   765.00000000000000        3.1698741222735191E-006
   766.00000000000000        3.0265332802951463E-006
   767.00000000000000        2.8896378893871376E-006
   768.00000000000000        2.7588997519591589E-006
   769.00000000000000        2.6340434838764300E-006
   770.00000000000000        2.5148059480210551E-006
   771.00000000000000        2.4009357127480484E-006
   772.00000000000000        2.2921925341484312E-006
   773.00000000000000        2.1883468610793055E-006
   774.00000000000000        2.0891793619653108E-006
   775.00000000000000        1.9944804724197853E-006
   776.00000000000000        1.9040499627750318E-006
   777.00000000000000        1.8176965246503128E-006
   778.00000000000000        1.7352373757251579E-006
   779.00000000000000        1.6564978819202413E-006
   780.00000000000000        1.5813111962242676E-006
   781.00000000000000        1.5095179134375141E-006
   782.00000000000000        1.4409657401347444E-006
   783.00000000000000        1.3755091791806822E-006
   784.00000000000000        1.3130092281597906E-006
   785.00000000000000        1.2533330911108281E-006
   786.00000000000000        1.1963539029820866E-006
   787.00000000000000        1.1419504662497093E-006
   788.00000000000000        1.0900069991648555E-006
   789.00000000000000        1.0404128951198443E-006
   790.00000000000000        9.9306249264457043E-007
   791.00000000000000        9.4785485556656169E-007
   792.00000000000000        9.0469356288822727E-007
   793.00000000000000        8.6348650795411299E-007
   794.00000000000000        8.2414570649996985E-007
   795.00000000000000        7.8658711319306333E-007
   796.00000000000000        7.5073044629028029E-007
   797.00000000000000        7.1649902005701504E-007
   798.00000000000000        6.8381958460513645E-007
   799.00000000000000        6.5262217282372469E-007
   800.00000000000000        6.2283995409017214E-007
   801.00000000000000        5.9440909446294293E-007
   802.00000000000000        5.6726862307075028E-007
   803.00000000000000        5.4136030442482621E-007
   804.00000000000000        5.1662851639344316E-007
   805.00000000000000        4.9302013358883217E-007
   806.00000000000000        4.7048441592808298E-007
   807.00000000000000        4.4897290213955680E-007
   808.00000000000000        4.2843930799669178E-007
   809.00000000000000        4.0883942907064381E-007
   810.00000000000000        3.9013104780209859E-007
   811.00000000000000        3.7227384470165727E-007
   812.00000000000000        3.5522931349635536E-007
   813.00000000000000        3.3896068004801569E-007
   814.00000000000000        3.2343282487672474E-007
   815.00000000000000        3.0861220912999608E-007
   816.00000000000000        2.9446680384539167E-007
   817.00000000000000        2.8096602236078191E-007
   818.00000000000000        2.6808065573306598E-007
   819.00000000000000        2.5578281103222877E-007
   820.00000000000000        2.4404585238337548E-007
   821.00000000000000        2.3284434463514013E-007
   822.00000000000000        2.2215399953811539E-007
   823.00000000000000        2.1195162432209143E-007
   824.00000000000000        2.0221507256580735E-007
   825.00000000000000        1.9292319725763954E-007
   826.00000000000000        1.8405580595000187E-007
   827.00000000000000        1.7559361791467953E-007
   828.00000000000000        1.6751822321026856E-007
   829.00000000000000        1.5981204357693672E-007
   830.00000000000000        1.5245829507731562E-007
   831.00000000000000        1.4544095240609178E-007
   832.00000000000000        1.3874471479411452E-007
   833.00000000000000        1.3235497343622277E-007
   834.00000000000000        1.2625778037508081E-007
   835.00000000000000        1.2043981877632244E-007
   836.00000000000000        1.1488837453310600E-007
   837.00000000000000        1.0959130914103215E-007
   838.00000000000000        1.0453703378683157E-007
   839.00000000000000        9.9714484596892786E-008
   840.00000000000000        9.5113098993971059E-008
   841.00000000000000        9.0722793112747763E-008
   842.00000000000000        8.6533940227095919E-008
   843.00000000000000        8.2537350143996917E-008
   844.00000000000000        7.8724249521025994E-008
   845.00000000000000        7.5086263066255515E-008
   846.00000000000000        7.1615395581231851E-008
   847.00000000000000        6.8304014809461317E-008
   848.00000000000000        6.5144835054427904E-008
   849.00000000000000        6.2130901532867620E-008
   850.00000000000000        5.9255575430446915E-008
   851.00000000000000        5.6512519628517313E-008
   852.00000000000000        5.3895685071963010E-008
   853.00000000000000        5.1399297749531244E-008
   854.00000000000000        4.9017846259264424E-008
   855.00000000000000        4.6746069932904915E-008
   856.00000000000000        4.4578947494269326E-008
   857.00000000000000        4.2511686227744584E-008
   858.00000000000000        4.0539711634068689E-008
   859.00000000000000        3.8658657551611164E-008
   860.00000000000000        3.6864356722321751E-008
   861.00000000000000        3.5152831782447565E-008
   862.00000000000000        3.3520286658996189E-008
   863.00000000000000        3.1963098353783650E-008
   864.00000000000000        3.0477809097698645E-008
   865.00000000000000        2.9061118858598893E-008
   866.00000000000000        2.7709878186995876E-008
   867.00000000000000        2.6421081384372982E-008
   868.00000000000000        2.5191859979681883E-008
   869.00000000000000        2.4019476500189513E-008
   870.00000000000000        2.2901318523469028E-008
   871.00000000000000        2.1834892997918971E-008
   872.00000000000000        2.0817820819759182E-008
   873.00000000000000        1.9847831654981179E-008
   874.00000000000000        1.8922758995256519E-008
   875.00000000000000        1.8040535437294199E-008
   876.00000000000000        1.7199188175597531E-008
   877.00000000000000        1.6396834699038703E-008
   878.00000000000000        1.5631678682079313E-008
   879.00000000000000        1.4902006061886691E-008
   880.00000000000000        1.4206181292983683E-008
   881.00000000000000        1.3542643771441970E-008
   882.00000000000000        1.2909904420984999E-008
   883.00000000000000        1.2306542433720514E-008
   884.00000000000000        1.1731202158527226E-008
   885.00000000000000        1.1182590130453447E-008
   886.00000000000000        1.0659472234769576E-008
   887.00000000000000        1.0160670999606054E-008
   888.00000000000000        9.6850630113820406E-009
   889.00000000000000        9.2315764474835009E-009
   890.00000000000000        8.7991887209084314E-009
   891.00000000000000        8.3869242318195139E-009
   892.00000000000000        7.9938522211856584E-009
   893.00000000000000        7.6190847219012371E-009
   894.00000000000000        7.2617746029806552E-009
   895.00000000000000        6.9211137026279531E-009
   896.00000000000000        6.5963310461592669E-009
   897.00000000000000        6.2866911449520992E-009
   898.00000000000000        5.9914923727510712E-009
   899.00000000000000        5.7100654158372832E-009
   900.00000000000000        5.4417717937180406E-009
   901.00000000000000        5.1860024471474735E-009
   902.00000000000000        4.9421763904311595E-009
   903.00000000000000        4.7097394251046745E-009
   904.00000000000000        4.4881629122066696E-009
   905.00000000000000        4.2769426004944554E-009
   906.00000000000000        4.0755975080654348E-009
   907.00000000000000        3.8836688549661977E-009
   908.00000000000000        3.7007190444773428E-009
   909.00000000000000        3.5263306908673127E-009
   910.00000000000000        3.3601056915074216E-009
   911.00000000000000        3.2016643413362654E-009
   912.00000000000000        3.0506444877516636E-009
   913.00000000000000        2.9067007240948780E-009
   914.00000000000000        2.7695036199750957E-009
   915.00000000000000        2.6387389867618441E-009
   916.00000000000000        2.5141071766463136E-009
   917.00000000000000        2.3953224137477268E-009
   918.00000000000000        2.2821121558077525E-009
   919.00000000000000        2.1742164850819111E-009
   920.00000000000000        2.0713875271009621E-009
   921.00000000000000        1.9733888960338299E-009
   922.00000000000000        1.8799951654422368E-009
   923.00000000000000        1.7909913632710966E-009
   924.00000000000000        1.7061724899712838E-009
   925.00000000000000        1.6253430587016564E-009
   926.00000000000000        1.5483166566040934E-009
   927.00000000000000        1.4749155261920129E-009
   928.00000000000000        1.4049701659351580E-009
   929.00000000000000        1.3383189491659766E-009
   930.00000000000000        1.2748077604715304E-009
   931.00000000000000        1.2142896487739562E-009
   932.00000000000000        1.1566244963376693E-009
   933.00000000000000        1.1016787029765708E-009
   934.00000000000000        1.0493248847672407E-009
   935.00000000000000        9.9944158660589128E-010
   936.00000000000000        9.5191300797645570E-010
   937.00000000000000        9.0662874132661807E-010
   938.00000000000000        8.6348352247504719E-010
   939.00000000000000        8.2237699250034535E-010
   940.00000000000000        7.8321347058619527E-010
   941.00000000000000        7.4590173732196645E-010
   942.00000000000000        7.1035482798014079E-010
   943.00000000000000        6.7648983531410808E-010
   944.00000000000000        6.4422772144030119E-010
   945.00000000000000        6.1349313838899032E-010
   946.00000000000000        5.8421425692625366E-010
   947.00000000000000        5.5632260326865982E-010
   948.00000000000000        5.2975290332837145E-010
   949.00000000000000        5.0444293414398554E-010
   950.00000000000000        4.8033338216714889E-010
   951.00000000000000        4.5736770809080296E-010
   952.00000000000000        4.3549201791868228E-010
   953.00000000000000        4.1465493998981502E-010
   954.00000000000000        3.9480750768445519E-010
   955.00000000000000        3.7590304755063922E-010
   956.00000000000000        3.5789707260245362E-010
   957.00000000000000        3.4074718055214191E-010
   958.00000000000000        3.2441295674956811E-010
   959.00000000000000        3.0885588161243512E-010
   960.00000000000000        2.9403924234077940E-010
   961.00000000000000        2.7992804871872244E-010
   962.00000000000000        2.6648895281531770E-010
   963.00000000000000        2.5369017240510907E-010
   964.00000000000000        2.4150141793712060E-010
   965.00000000000000        2.2989382288881435E-010
   966.00000000000000        2.1883987734916135E-010
   967.00000000000000        2.0831336468196407E-010
   968.00000000000000        1.9828930112746256E-010
   969.00000000000000        1.8874387820682099E-010
   970.00000000000000        1.7965440780010310E-010
   971.00000000000000        1.7099926977449674E-010
   972.00000000000000        1.6275786204505638E-010
   973.00000000000000        1.5491055295571729E-010
   974.00000000000000        1.4743863587337434E-010
   975.00000000000000        1.4032428589288889E-010
   976.00000000000000        1.3355051855546695E-010
   977.00000000000000        1.2710115048733241E-010
   978.00000000000000        1.2096076186997476E-010
   979.00000000000000        1.1511466065723503E-010
   980.00000000000000        1.0954884845847170E-010
   981.00000000000000        1.0424998801066801E-010
   982.00000000000000        9.9205372165988605E-011
   983.00000000000000        9.4402894324593151E-011
   984.00000000000000        8.9831020245805491E-011
   985.00000000000000        8.5478761173755311E-011
   986.00000000000000        8.1335648216609453E-011
   987.00000000000000        7.7391707921288214E-011
   988.00000000000000        7.3637438988211505E-011
   989.00000000000000        7.0063790073229491E-011
   990.00000000000000        6.6662138626295031E-011
   991.00000000000000        6.3424270718745592E-011
   992.00000000000000        6.0342361813332492E-011
   993.00000000000000        5.7408958433208579E-011
   994.00000000000000        5.4616960688107787E-011
   995.00000000000000        5.1959605617908854E-011
   996.00000000000000        4.9430451315578269E-011
   997.00000000000000        4.7023361793275240E-011
   998.00000000000000        4.4732492557033920E-011
   999.00000000000000        4.2552276857090681E-011
   1000.0000000000000        4.0477412582387675E-011
