# Recoil energy (kev)        Event rate (events/gev)
   1.0000000000000000       0.38415079668293783     
   2.0000000000000000       0.74483937808780287     
   3.0000000000000000        1.0830153796614932     
   4.0000000000000000        1.3996025097300324     
   5.0000000000000000        1.6954986499058036     
   6.0000000000000000        1.9715760030441982     
   7.0000000000000000        2.2286812844888910     
   8.0000000000000000        2.4676359526062166     
   9.0000000000000000        2.6892364748572577     
   10.000000000000000        2.8942546258918416     
   11.000000000000000        3.0834378143720982     
   12.000000000000000        3.2575094354452845     
   13.000000000000000        3.4171692459864964     
   14.000000000000000        3.5630937599223191     
   15.000000000000000        3.6959366611268640     
   16.000000000000000        3.8163292315522503     
   17.000000000000000        3.9248807924172526     
   18.000000000000000        4.0221791564304663     
   19.000000000000000        4.1087910891688200     
   20.000000000000000        4.1852627778685632     
   21.000000000000000        4.2521203060147128     
   22.000000000000000        4.3098701322363855     
   23.000000000000000        4.3589995721300827     
   24.000000000000000        4.3999772817410392     
   25.000000000000000        4.4332537415343465     
   26.000000000000000        4.4592617397835710     
   27.000000000000000        4.4784168543944105     
   28.000000000000000        4.4911179322659480     
   29.000000000000000        4.4977475653713261     
   30.000000000000000        4.4986725628146234     
   31.000000000000000        4.4942444181906751     
   32.000000000000000        4.4847997716403016     
   33.000000000000000        4.4706608660549438     
   34.000000000000000        4.4521359969422578     
   35.000000000000000        4.4295199555181171     
   36.000000000000000        4.4030944646406889     
   37.000000000000000        4.3731286072492432     
   38.000000000000000        4.3398792470140375     
   39.000000000000000        4.3035914409444560     
   40.000000000000000        4.2644988437403715     
   41.000000000000000        4.2228241037070253     
   42.000000000000000        4.1787792500862748     
   43.000000000000000        4.1325660716874300     
   44.000000000000000        4.0843764867288410     
   45.000000000000000        4.0343929038273423     
   46.000000000000000        3.9827885740964204     
   47.000000000000000        3.9297279343361300     
   48.000000000000000        3.8753669413176541     
   49.000000000000000        3.8198533971843305     
   50.000000000000000        3.7633272660074972     
   51.000000000000000        3.7059209815512455     
   52.000000000000000        3.6477597463140556     
   53.000000000000000        3.5889618219281014     
   54.000000000000000        3.5296388110085641     
   55.000000000000000        3.4698959305556079     
   56.000000000000000        3.4098322770210232     
   57.000000000000000        3.3495410831598096     
   58.000000000000000        3.2891099667943688     
   59.000000000000000        3.2286211716254170     
   60.000000000000000        3.1681518002294267     
   61.000000000000000        3.1077740393873166     
   62.000000000000000        3.0475553778932616     
   63.000000000000000        2.9875588169961107     
   64.000000000000000        2.9278430736287282     
   65.000000000000000        2.8684627765830664     
   66.000000000000000        2.8094686557904405     
   67.000000000000000        2.7509077248680223     
   68.000000000000000        2.6928234570933229     
   69.000000000000000        2.6352559549689811     
   70.000000000000000        2.5782421135402980     
   71.000000000000000        2.5218157776277175     
   72.000000000000000        2.4660078931358442     
   73.000000000000000        2.4108466525998433     
   74.000000000000000        2.3563576351288358     
   75.000000000000000        2.3025639409046765     
   76.000000000000000        2.2494863203928062     
   77.000000000000000        2.1971432984201771     
   78.000000000000000        2.1455512932732992     
   79.000000000000000        2.0947247309673287     
   80.000000000000000        2.0446761548348564     
   81.000000000000000        1.9954163305807577     
   82.000000000000000        1.9469543469468880     
   83.000000000000000        1.8992977121279206     
   84.000000000000000        1.8524524460768999     
   85.000000000000000        1.8064231688364203     
   86.000000000000000        1.7612131850284725     
   87.000000000000000        1.7168245646332754     
   88.000000000000000        1.6732582201844310     
   89.000000000000000        1.6305139805049302     
   90.000000000000000        1.5885906611055449     
   91.000000000000000        1.5474861313642942     
   92.000000000000000        1.5071973786026289     
   93.000000000000000        1.4677205691711463     
   94.000000000000000        1.4290511066546490     
   95.000000000000000        1.3911836873034735     
   96.000000000000000        1.3541123527951007     
   97.000000000000000        1.3178305404272037     
   98.000000000000000        1.2823311308404204     
   99.000000000000000        1.2476064933663007     
   100.00000000000000        1.2136485290931496     
   101.00000000000000        1.1804487117396629     
   102.00000000000000        1.1479981264235803     
   103.00000000000000        1.1162875064099322     
   104.00000000000000        1.0853072679207361     
   105.00000000000000        1.0550475430855695     
   106.00000000000000        1.0254982111097144     
   107.00000000000000       0.99664892773429070     
   108.00000000000000       0.96848915306017691     
   109.00000000000000       0.94100817780524826     
   110.00000000000000       0.91419514806208602     
   111.00000000000000       0.88803908862099223     
   112.00000000000000       0.86252892492099620     
   113.00000000000000       0.83765350368927338     
   114.00000000000000       0.81340161232731523     
   115.00000000000000       0.78976199710013573     
   116.00000000000000       0.76672338018269570     
   117.00000000000000       0.74427447561586968     
   118.00000000000000       0.72240400422226558     
   119.00000000000000       0.70110070753041287     
   120.00000000000000       0.68035336075396258     
   121.00000000000000       0.66015078487084289     
   122.00000000000000       0.64048185784554434     
   123.00000000000000       0.62133552503609668     
   124.00000000000000       0.60270080882563759     
   125.00000000000000       0.58456681751696016     
   126.00000000000000       0.56692275352687160     
   127.00000000000000       0.54975792091574394     
   128.00000000000000       0.53306173228620268     
   129.00000000000000       0.51682371508354730     
   130.00000000000000       0.50103351732911894     
   131.00000000000000       0.48568091281658970     
   132.00000000000000       0.47075580579986637     
   133.00000000000000       0.45624823520009833     
   134.00000000000000       0.44214837835814619     
   135.00000000000000       0.42844655435768308     
   136.00000000000000       0.41513322694308574     
   137.00000000000000       0.40219900705515405     
   138.00000000000000       0.38963465500673705     
   139.00000000000000       0.37743108231934303     
   140.00000000000000       0.36557935324087604     
   141.00000000000000       0.35407068596373553     
   142.00000000000000       0.34289645356163717     
   143.00000000000000       0.33204818466268310     
   144.00000000000000       0.32151756387538794     
   145.00000000000000       0.31129643198359352     
   146.00000000000000       0.30137678592545514     
   147.00000000000000       0.29175077857095960     
   148.00000000000000       0.28241071831175169     
   149.00000000000000       0.27334906847635387     
   150.00000000000000       0.26455844658326427     
   151.00000000000000       0.25603162344376218     
   152.00000000000000       0.24776152212569275     
   153.00000000000000       0.23974121678891236     
   154.00000000000000       0.23196393140255767     
   155.00000000000000       0.22442303835375271     
   156.00000000000000       0.21711205695689226     
   157.00000000000000       0.21002465187215077     
   158.00000000000000       0.20315463144140641     
   159.00000000000000       0.19649594594933956     
   160.00000000000000       0.19004268581703337     
   161.00000000000000       0.18378907973501099     
   162.00000000000000       0.17772949274225525     
   163.00000000000000       0.17185842425738948     
   164.00000000000000       0.16617050606784725     
   165.00000000000000       0.16066050028252055     
   166.00000000000000       0.15532329725305882     
   167.00000000000000       0.15015391346867946     
   168.00000000000000       0.14514748942906505     
   169.00000000000000       0.14029928749963591     
   170.00000000000000       0.13560468975322204     
   171.00000000000000       0.13105919580191613     
   172.00000000000000       0.12665842062262528     
   173.00000000000000       0.12239809237962952     
   174.00000000000000       0.11827405024722801     
   175.00000000000000       0.11428224223534073     
   176.00000000000000       0.11041872302074313     
   177.00000000000000       0.10667965178641557     
   178.00000000000000       0.10306129007131777     
   179.00000000000000        9.9559999632717749E-002
   180.00000000000000        9.6172240323052369E-002
   181.00000000000000        9.2894567983140164E-002
   182.00000000000000        8.9723632353417765E-002
   183.00000000000000        8.6656175004738295E-002
   184.00000000000000        8.3689027290138662E-002
   185.00000000000000        8.0819108318855248E-002
   186.00000000000000        7.8043422953754812E-002
   187.00000000000000        7.5359059833234376E-002
   188.00000000000000        7.2763189418539403E-002
   189.00000000000000        7.0253062067351768E-002
   190.00000000000000        6.7826006134403663E-002
   191.00000000000000        6.5479426099790086E-002
   192.00000000000000        6.3210800725562857E-002
   193.00000000000000        6.1017681241117672E-002
   194.00000000000000        5.8897689557808629E-002
   195.00000000000000        5.6848516513157941E-002
   196.00000000000000        5.4867920144959344E-002
   197.00000000000000        5.2953723995520750E-002
   198.00000000000000        5.1103815446226220E-002
   199.00000000000000        4.9316144082550084E-002
   200.00000000000000        4.7588720089603589E-002
   201.00000000000000        4.5919612678248754E-002
   202.00000000000000        4.4306948541769947E-002
   203.00000000000000        4.2748910343053684E-002
   204.00000000000000        4.1243735232191270E-002
   205.00000000000000        3.9789713394380817E-002
   206.00000000000000        3.8385186627973869E-002
   207.00000000000000        3.7028546952485406E-002
   208.00000000000000        3.5718235246352939E-002
   209.00000000000000        3.4452739914208337E-002
   210.00000000000000        3.3230595583403230E-002
   211.00000000000000        3.2050381829504232E-002
   212.00000000000000        3.0910721930458095E-002
   213.00000000000000        2.9810281649107137E-002
   214.00000000000000        2.8747768043719989E-002
   215.00000000000000        2.7721928306187513E-002
   216.00000000000000        2.6731548627521053E-002
   217.00000000000000        2.5775453090279371E-002
   218.00000000000000        2.4852502587537805E-002
   219.00000000000000        2.3961593768006745E-002
   220.00000000000000        2.3101658006896987E-002
   221.00000000000000        2.2271660402123715E-002
   222.00000000000000        2.1470598795432436E-002
   223.00000000000000        2.0697502818030275E-002
   224.00000000000000        1.9951432960296254E-002
   225.00000000000000        1.9231479665145268E-002
   226.00000000000000        1.8536762444616862E-002
   227.00000000000000        1.7866429019257335E-002
   228.00000000000000        1.7219654479864736E-002
   229.00000000000000        1.6595640471164085E-002
   230.00000000000000        1.5993614396982010E-002
   231.00000000000000        1.5412828646490684E-002
   232.00000000000000        1.4852559841091373E-002
   233.00000000000000        1.4312108101511180E-002
   234.00000000000000        1.3790796334688056E-002
   235.00000000000000        1.3287969540022612E-002
   236.00000000000000        1.2802994134577469E-002
   237.00000000000000        1.2335257296809758E-002
   238.00000000000000        1.1884166328424936E-002
   239.00000000000000        1.1449148033945120E-002
   240.00000000000000        1.1029648117589013E-002
   241.00000000000000        1.0625130597065437E-002
   242.00000000000000        1.0235077233887389E-002
   243.00000000000000        9.8589869798183325E-003
   244.00000000000000        9.4963754390677071E-003
   245.00000000000000        9.1467743458586281E-003
   246.00000000000000        8.8097310569952830E-003
   247.00000000000000        8.4848080590641337E-003
   248.00000000000000        8.1715824899081628E-003
   249.00000000000000        7.8696456740196298E-003
   250.00000000000000        7.5786026715026844E-003
   251.00000000000000        7.2980718402625476E-003
   252.00000000000000        7.0276844110855425E-003
   253.00000000000000        6.7670840752783196E-003
   254.00000000000000        6.5159265845424735E-003
   255.00000000000000        6.2738793627658421E-003
   256.00000000000000        6.0406211294183202E-003
   257.00000000000000        5.8158415342459890E-003
   258.00000000000000        5.5992408029636445E-003
   259.00000000000000        5.3905293936517620E-003
   260.00000000000000        5.1894276635701163E-003
   261.00000000000000        4.9956655461059797E-003
   262.00000000000000        4.8089822375816478E-003
   263.00000000000000        4.6291258936509436E-003
   264.00000000000000        4.4558533350210015E-003
   265.00000000000000        4.2889297622413294E-003
   266.00000000000000        4.1281284793078486E-003
   267.00000000000000        3.9732306258352468E-003
   268.00000000000000        3.8240249175569706E-003
   269.00000000000000        3.6803073949177117E-003
   270.00000000000000        3.5418811795283360E-003
   271.00000000000000        3.4085562382593750E-003
   272.00000000000000        3.2801491547539987E-003
   273.00000000000000        3.1564829081470111E-003
   274.00000000000000        3.0373866587815107E-003
   275.00000000000000        2.9226955407200099E-003
   276.00000000000000        2.8122504608519071E-003
   277.00000000000000        2.7058979044041866E-003
   278.00000000000000        2.6034897466670117E-003
   279.00000000000000        2.5048830707507558E-003
   280.00000000000000        2.4099399911958596E-003
   281.00000000000000        2.3185274832611636E-003
   282.00000000000000        2.2305172177213462E-003
   283.00000000000000        2.1457854010083080E-003
   284.00000000000000        2.0642126205356131E-003
   285.00000000000000        1.9856836950497025E-003
   286.00000000000000        1.9100875298555015E-003
   287.00000000000000        1.8373169767682297E-003
   288.00000000000000        1.7672686986473151E-003
   289.00000000000000        1.6998430383721825E-003
   290.00000000000000        1.6349438921234815E-003
   291.00000000000000        1.5724785868372372E-003
   292.00000000000000        1.5123577617029494E-003
   293.00000000000000        1.4544952535802556E-003
   294.00000000000000        1.3988079862124754E-003
   295.00000000000000        1.3452158631185177E-003
   296.00000000000000        1.2936416640482158E-003
   297.00000000000000        1.2440109448892695E-003
   298.00000000000000        1.1962519409172943E-003
   299.00000000000000        1.1502954732835297E-003
   300.00000000000000        1.1060748586377411E-003
   301.00000000000000        1.0635258217870443E-003
   302.00000000000000        1.0225864112939490E-003
   303.00000000000000        9.8319691792003445E-004
   304.00000000000000        9.4529979582427121E-004
   305.00000000000000        9.0883958642772847E-004
   306.00000000000000        8.7376284485895389E-004
   307.00000000000000        8.4001806889704214E-004
   308.00000000000000        8.0755563033158874E-004
   309.00000000000000        7.7632770866146907E-004
   310.00000000000000        7.4628822705651108E-004
   311.00000000000000        7.1739279050847754E-004
   312.00000000000000        6.8959862610003795E-004
   313.00000000000000        6.6286452532252820E-004
   314.00000000000000        6.3715078837547348E-004
   315.00000000000000        6.1241917038279252E-004
   316.00000000000000        5.8863282946271657E-004
   317.00000000000000        5.6575627659031971E-004
   318.00000000000000        5.4375532719346431E-004
   319.00000000000000        5.2259705442482193E-004
   320.00000000000000        5.0224974405436475E-004
   321.00000000000000        4.8268285092850313E-004
   322.00000000000000        4.6386695694373249E-004
   323.00000000000000        4.4577373048420525E-004
   324.00000000000000        4.2837588727436112E-004
   325.00000000000000        4.1164715259919051E-004
   326.00000000000000        3.9556222484623648E-004
   327.00000000000000        3.8009674032492242E-004
   328.00000000000000        3.6522723932016880E-004
   329.00000000000000        3.5093113333865676E-004
   330.00000000000000        3.3718667350740616E-004
   331.00000000000000        3.2397292008567340E-004
   332.00000000000000        3.1126971305236420E-004
   333.00000000000000        2.9905764373243306E-004
   334.00000000000000        2.8731802742687322E-004
   335.00000000000000        2.7603287701210010E-004
   336.00000000000000        2.6518487747558022E-004
   337.00000000000000        2.5475736135568982E-004
   338.00000000000000        2.4473428505478195E-004
   339.00000000000000        2.3510020599553136E-004
   340.00000000000000        2.2584026059148426E-004
   341.00000000000000        2.1694014300382820E-004
   342.00000000000000        2.0838608465723702E-004
   343.00000000000000        2.0016483448855155E-004
   344.00000000000000        1.9226363990293592E-004
   345.00000000000000        1.8467022841300824E-004
   346.00000000000000        1.7737278993720015E-004
   347.00000000000000        1.7035995973445966E-004
   348.00000000000000        1.6362080195311016E-004
   349.00000000000000        1.5714479377247276E-004
   350.00000000000000        1.5092181011653921E-004
   351.00000000000000        1.4494210891968028E-004
   352.00000000000000        1.3919631692507978E-004
   353.00000000000000        1.3367541599718490E-004
   354.00000000000000        1.2837072993012976E-004
   355.00000000000000        1.2327391173468574E-004
   356.00000000000000        1.1837693138688948E-004
   357.00000000000000        1.1367206402205680E-004
   358.00000000000000        1.0915187855845510E-004
   359.00000000000000        1.0480922673544795E-004
   360.00000000000000        1.0063723255142276E-004
   361.00000000000000        9.6629282087331683E-005
   362.00000000000000        9.2779013702157167E-005
   363.00000000000000        8.9080308587074738E-005
   364.00000000000000        8.5527281665548574E-005
   365.00000000000000        8.2114272827028676E-005
   366.00000000000000        7.8835838482346461E-005
   367.00000000000000        7.5686743429309101E-005
   368.00000000000000        7.2661953017404658E-005
   369.00000000000000        6.9756625600895294E-005
   370.00000000000000        6.6966105269961526E-005
   371.00000000000000        6.4285914849911022E-005
   372.00000000000000        6.1711749158817954E-005
   373.00000000000000        5.9239468514292100E-005
   374.00000000000000        5.6865092480397159E-005
   375.00000000000000        5.4584793846060066E-005
   376.00000000000000        5.2394892826607161E-005
   377.00000000000000        5.0291851480360297E-005
   378.00000000000000        4.8272268332507616E-005
   379.00000000000000        4.6332873198741689E-005
   380.00000000000000        4.4470522201411344E-005
   381.00000000000000        4.2682192971197428E-005
   382.00000000000000        4.0964980027570316E-005
   383.00000000000000        3.9316090331517854E-005
   384.00000000000000        3.7732839004266843E-005
   385.00000000000000        3.6212645205944612E-005
   386.00000000000000        3.4753028168341097E-005
   387.00000000000000        3.3351603376134714E-005
   388.00000000000000        3.2006078891154051E-005
   389.00000000000000        3.0714251814431487E-005
   390.00000000000000        2.9474004880999924E-005
   391.00000000000000        2.8283303182558415E-005
   392.00000000000000        2.7140191013308250E-005
   393.00000000000000        2.6042788834430511E-005
   394.00000000000000        2.4989290352835797E-005
   395.00000000000000        2.3977959709977125E-005
   396.00000000000000        2.3007128776662536E-005
   397.00000000000000        2.2075194549957468E-005
   398.00000000000000        2.1180616648399861E-005
   399.00000000000000        2.0321914901893273E-005
   400.00000000000000        1.9497667032772333E-005
   401.00000000000000        1.8706506424657933E-005
   402.00000000000000        1.7947119975848781E-005
   403.00000000000000        1.7218246034108516E-005
   404.00000000000000        1.6518672409821718E-005
   405.00000000000000        1.5847234464606404E-005
   406.00000000000000        1.5202813272568946E-005
   407.00000000000000        1.4584333851497863E-005
   408.00000000000000        1.3990763461385035E-005
   409.00000000000000        1.3421109967761004E-005
   410.00000000000000        1.2874420267422133E-005
   411.00000000000000        1.2349778774217257E-005
   412.00000000000000        1.1846305962642430E-005
   413.00000000000000        1.1363156967080467E-005
   414.00000000000000        1.0899520234597565E-005
   415.00000000000000        1.0454616229286108E-005
   416.00000000000000        1.0027696186218392E-005
   417.00000000000000        9.6180409131451303E-006
   418.00000000000000        9.2249596381426100E-006
   419.00000000000000        8.8477889014778237E-006
   420.00000000000000        8.4858914900255293E-006
   421.00000000000000        8.1386554126305035E-006
   422.00000000000000        7.8054929148712026E-006
   423.00000000000000        7.4858395317343410E-006
   424.00000000000000        7.1791531767677221E-006
   425.00000000000000        6.8849132663307109E-006
   426.00000000000000        6.6026198776125540E-006
   427.00000000000000        6.3317929391388973E-006
   428.00000000000000        6.0719714525341973E-006
   429.00000000000000        5.8227127443528864E-006
   430.00000000000000        5.5835917468374586E-006
   431.00000000000000        5.3542003065029211E-006
   432.00000000000000        5.1341465194893999E-006
   433.00000000000000        4.9230540926627519E-006
   434.00000000000000        4.7205617294829025E-006
   435.00000000000000        4.5263225396939909E-006
   436.00000000000000        4.3400034719283993E-006
   437.00000000000000        4.1612847683484720E-006
   438.00000000000000        3.9898594404839082E-006
   439.00000000000000        3.8254327654541138E-006
   440.00000000000000        3.6677218017949873E-006
   441.00000000000000        3.5164549241391003E-006
   442.00000000000000        3.3713713760266497E-006
   443.00000000000000        3.2322208401515024E-006
   444.00000000000000        3.0987630253729455E-006
   445.00000000000000        2.9707672698490918E-006
   446.00000000000000        2.8480121596721764E-006
   447.00000000000000        2.7302851624091911E-006
   448.00000000000000        2.6173822749741014E-006
   449.00000000000000        2.5091076852795544E-006
   450.00000000000000        2.4052734471366091E-006
   451.00000000000000        2.3056991678917438E-006
   452.00000000000000        2.2102117083090795E-006
   453.00000000000000        2.1186448942249151E-006
   454.00000000000000        2.0308392395194826E-006
   455.00000000000000        1.9466416799680649E-006
   456.00000000000000        1.8659053175503909E-006
   457.00000000000000        1.7884891748131815E-006
   458.00000000000000        1.7142579588961564E-006
   459.00000000000000        1.6430818348467210E-006
   460.00000000000000        1.5748362078628183E-006
   461.00000000000000        1.5094015141171647E-006
   462.00000000000000        1.4466630198294342E-006
   463.00000000000000        1.3865106282655694E-006
   464.00000000000000        1.3288386943559324E-006
   465.00000000000000        1.2735458466353190E-006
   466.00000000000000        1.2205348162199807E-006
   467.00000000000000        1.1697122725469853E-006
   468.00000000000000        1.1209886656122170E-006
   469.00000000000000        1.0742780744534173E-006
   470.00000000000000        1.0294980616342465E-006
   471.00000000000000        9.8656953349483678E-007
   472.00000000000000        9.4541660594343046E-007
   473.00000000000000        9.0596647557211054E-007
   474.00000000000000        8.6814929588832124E-007
   475.00000000000000        8.3189805846163166E-007
   476.00000000000000        7.9714847879314508E-007
   477.00000000000000        7.6383888672225665E-007
   478.00000000000000        7.3191012119267650E-007
   479.00000000000000        7.0130542920653698E-007
   480.00000000000000        6.7197036880202931E-007
   481.00000000000000        6.4385271589636477E-007
   482.00000000000000        6.1690237484192704E-007
   483.00000000000000        5.9107129254957402E-007
   484.00000000000000        5.6631337603851185E-007
   485.00000000000000        5.4258441327769192E-007
   486.00000000000000        5.1984199718902257E-007
   487.00000000000000        4.9804545268753046E-007
   488.00000000000000        4.7715576663869769E-007
   489.00000000000000        4.5713552061769378E-007
   490.00000000000000        4.3794882635975618E-007
   491.00000000000000        4.1956126379533891E-007
   492.00000000000000        4.0193982156776502E-007
   493.00000000000000        3.8505283993504290E-007
   494.00000000000000        3.6886995596151214E-007
   495.00000000000000        3.5336205090849345E-007
   496.00000000000000        3.3850119973679444E-007
   497.00000000000000        3.2426062263723453E-007
   498.00000000000000        3.1061463850876414E-007
   499.00000000000000        2.9753862030674141E-007
   500.00000000000000        2.8500895218712106E-007
   501.00000000000000        2.7300298837509812E-007
   502.00000000000000        2.6149901368965123E-007
   503.00000000000000        2.5047620565804126E-007
   504.00000000000000        2.3991459815698388E-007
   505.00000000000000        2.2979504651963598E-007
   506.00000000000000        2.2009919404998519E-007
   507.00000000000000        2.1080943988850384E-007
   508.00000000000000        2.0190890817514515E-007
   509.00000000000000        1.9338141845787328E-007
   510.00000000000000        1.8521145729699407E-007
   511.00000000000000        1.7738415101746732E-007
   512.00000000000000        1.6988523956332038E-007
   513.00000000000000        1.6270105141006567E-007
   514.00000000000000        1.5581847949274730E-007
   515.00000000000000        1.4922495810899093E-007
   516.00000000000000        1.4290844075794203E-007
   517.00000000000000        1.3685737887760804E-007
   518.00000000000000        1.3106070144455909E-007
   519.00000000000000        1.2550779540137663E-007
   520.00000000000000        1.2018848687863506E-007
   521.00000000000000        1.1509302317948504E-007
   522.00000000000000        1.1021205549620986E-007
   523.00000000000000        1.0553662232930196E-007
   524.00000000000000        1.0105813358082472E-007
   525.00000000000000        9.6768355294910919E-008
   526.00000000000000        9.2659395019333037E-008
   527.00000000000000        8.8723687763146547E-008
   528.00000000000000        8.4953982526366849E-008
   529.00000000000000        8.1343329378620251E-008
   530.00000000000000        7.7885067064622847E-008
   531.00000000000000        7.4572811115221579E-008
   532.00000000000000        7.1400442443587918E-008
   533.00000000000000        6.8362096406963668E-008
   534.00000000000000        6.5452152315134986E-008
   535.00000000000000        6.2665223367591164E-008
   536.00000000000000        5.9996147001996609E-008
   537.00000000000000        5.7439975637358589E-008
   538.00000000000000        5.4991967795889759E-008
   539.00000000000000        5.2647579588231438E-008
   540.00000000000000        5.0402456547309363E-008
   541.00000000000000        4.8252425796690656E-008
   542.00000000000000        4.6193488539867294E-008
   543.00000000000000        4.4221812857442648E-008
   544.00000000000000        4.2333726799724350E-008
   545.00000000000000        4.0525711762718916E-008
   546.00000000000000        3.8794396136015125E-008
   547.00000000000000        3.7136549211499709E-008
   548.00000000000000        3.5549075342298333E-008
   549.00000000000000        3.4029008341757958E-008
   550.00000000000000        3.2573506112700307E-008
   551.00000000000000        3.1179845497569241E-008
   552.00000000000000        2.9845417340466115E-008
   553.00000000000000        2.8567721752443337E-008
   554.00000000000000        2.7344363571762628E-008
   555.00000000000000        2.6173048011165053E-008
   556.00000000000000        2.5051576484520275E-008
   557.00000000000000        2.3977842605529240E-008
   558.00000000000000        2.2949828351453228E-008
   559.00000000000000        2.1965600385125051E-008
   560.00000000000000        2.1023306528770102E-008
   561.00000000000000        2.0121172383427642E-008
   562.00000000000000        1.9257498088016131E-008
   563.00000000000000        1.8430655212325111E-008
   564.00000000000000        1.7639083778448124E-008
   565.00000000000000        1.6881289405395604E-008
   566.00000000000000        1.6155840571838144E-008
   567.00000000000000        1.5461365992136758E-008
   568.00000000000000        1.4796552101011957E-008
   569.00000000000000        1.4160140642394734E-008
   570.00000000000000        1.3550926358181103E-008
   571.00000000000000        1.2967754772787255E-008
   572.00000000000000        1.2409520069568795E-008
   573.00000000000000        1.1875163055329189E-008
   574.00000000000000        1.1363669209293059E-008
   575.00000000000000        1.0874066813070610E-008
   576.00000000000000        1.0405425158280742E-008
   577.00000000000000        9.9568528286345316E-009
   578.00000000000000        9.5274960534108445E-009
   579.00000000000000        9.1165371293867488E-009
   580.00000000000000        8.7231929083954581E-009
   581.00000000000000        8.3467133478102369E-009
   582.00000000000000        7.9863801213550587E-009
   583.00000000000000        7.6415052877546359E-009
   584.00000000000000        7.3114300148343650E-009
   585.00000000000000        6.9955233567804463E-009
   586.00000000000000        6.6931810823647449E-009
   587.00000000000000        6.4038245520256976E-009
   588.00000000000000        6.1268996417873434E-009
   589.00000000000000        5.8618757120771983E-009
   590.00000000000000        5.6082446195861131E-009
   591.00000000000000        5.3655197703878926E-009
   592.00000000000000        5.1332352126096505E-009
   593.00000000000000        4.9109447670148329E-009
   594.00000000000000        4.6982211939276782E-009
   595.00000000000000        4.4946553949916274E-009
   596.00000000000000        4.2998556483177197E-009
   597.00000000000000        4.1134468756373211E-009
   598.00000000000000        3.9350699401303623E-009
   599.00000000000000        3.7643809736558308E-009
   600.00000000000000        3.6010507321632293E-009
   601.00000000000000        3.4447639781133358E-009
   602.00000000000000        3.2952188887861393E-009
   603.00000000000000        3.1521264893994187E-009
   604.00000000000000        3.0152101100051726E-009
   605.00000000000000        2.8842048651752040E-009
   606.00000000000000        2.7588571555266233E-009
   607.00000000000000        2.6389241901778075E-009
   608.00000000000000        2.5241735292629686E-009
   609.00000000000000        2.4143826456691699E-009
   610.00000000000000        2.3093385051945352E-009
   611.00000000000000        2.2088371643591944E-009
   612.00000000000000        2.1126833851327595E-009
   613.00000000000000        2.0206902658716898E-009
   614.00000000000000        1.9326788877906810E-009
   615.00000000000000        1.8484779763183230E-009
   616.00000000000000        1.7679235767157336E-009
   617.00000000000000        1.6908587433617423E-009
   618.00000000000000        1.6171332421335994E-009
   619.00000000000000        1.5466032653346491E-009
   620.00000000000000        1.4791311586450732E-009
   621.00000000000000        1.4145851595916130E-009
   622.00000000000000        1.3528391470543199E-009
   623.00000000000000        1.2937724013480045E-009
   624.00000000000000        1.2372693744353508E-009
   625.00000000000000        1.1832194698469146E-009
   626.00000000000000        1.1315168319010242E-009
   627.00000000000000        1.0820601438337382E-009
   628.00000000000000        1.0347524344645771E-009
   629.00000000000000        9.8950089304019872E-010
   630.00000000000000        9.4621669191242793E-010
   631.00000000000000        9.0481481672149484E-010
   632.00000000000000        8.6521390376942902E-010
   633.00000000000000        8.2733608428113610E-010
   634.00000000000000        7.9110683526369570E-010
   635.00000000000000        7.5645483668634751E-010
   636.00000000000000        7.2331183471523466E-010
   637.00000000000000        6.9161251074800678E-010
   638.00000000000000        6.6129435600426154E-010
   639.00000000000000        6.3229755143760477E-010
   640.00000000000000        6.0456485274538073E-010
   641.00000000000000        5.7804148026097784E-010
   642.00000000000000        5.5267501352312446E-010
   643.00000000000000        5.2841529032470471E-010
   644.00000000000000        5.0521431005228890E-010
   645.00000000000000        4.8302614113521017E-010
   646.00000000000000        4.6180683243072076E-010
   647.00000000000000        4.4151432837908491E-010
   648.00000000000000        4.2210838776923985E-010
   649.00000000000000        4.0355050596253041E-010
   650.00000000000000        3.8580384042835853E-010
   651.00000000000000        3.6883313945162318E-010
   652.00000000000000        3.5260467387789279E-010
   653.00000000000000        3.3708617176768199E-010
   654.00000000000000        3.2224675583679826E-010
   655.00000000000000        3.0805688356469636E-010
   656.00000000000000        2.9448828985793542E-010
   657.00000000000000        2.8151393216041691E-010
   658.00000000000000        2.6910793790676191E-010
   659.00000000000000        2.5724555421944938E-010
   660.00000000000000        2.4590309975457634E-010
   661.00000000000000        2.3505791860511934E-010
   662.00000000000000        2.2468833617434126E-010
   663.00000000000000        2.1477361693574193E-010
   664.00000000000000        2.0529392399944947E-010
   665.00000000000000        1.9623028040830574E-010
   666.00000000000000        1.8756453209015920E-010
   667.00000000000000        1.7927931239597841E-010
   668.00000000000000        1.7135800815635324E-010
   669.00000000000000        1.6378472719181687E-010
   670.00000000000000        1.5654426721514215E-010
   671.00000000000000        1.4962208606634412E-010
   672.00000000000000        1.4300427322371320E-010
   673.00000000000000        1.3667752253647780E-010
   674.00000000000000        1.3062910612711091E-010
   675.00000000000000        1.2484684941341099E-010
   676.00000000000000        1.1931910720265205E-010
   677.00000000000000        1.1403474081206530E-010
   678.00000000000000        1.0898309617191967E-010
   679.00000000000000        1.0415398286923782E-010
   680.00000000000000        9.9537654092042522E-011
   681.00000000000000        9.5124787435664559E-011
   682.00000000000000        9.0906466534318947E-011
   683.00000000000000        8.6874163482687687E-011
   684.00000000000000        8.3019722013752520E-011
   685.00000000000000        7.9335341400562651E-011
   686.00000000000000        7.5813561050981909E-011
   687.00000000000000        7.2447245765775776E-011
   688.00000000000000        6.9229571631664578E-011
   689.00000000000000        6.6154012522169538E-011
   690.00000000000000        6.3214327180234685E-011
   691.00000000000000        6.0404546857707836E-011
   692.00000000000000        5.7718963487842230E-011
   693.00000000000000        5.5152118367963605E-011
   694.00000000000000        5.2698791330459071E-011
   695.00000000000000        5.0353990381129486E-011
   696.00000000000000        4.8112941784885550E-011
   697.00000000000000        4.5971080579579968E-011
   698.00000000000000        4.3924041499618733E-011
   699.00000000000000        4.1967650291752740E-011
   700.00000000000000        4.0097915406217924E-011
   701.00000000000000        3.8311020047096034E-011
   702.00000000000000        3.6603314566475903E-011
   703.00000000000000        3.4971309187627908E-011
   704.00000000000000        3.3411667043058587E-011
   705.00000000000000        3.1921197513896933E-011
   706.00000000000000        3.0496849857662885E-011
   707.00000000000000        2.9135707111999039E-011
   708.00000000000000        2.7834980262497125E-011
   709.00000000000000        2.6592002663245740E-011
   710.00000000000000        2.5404224699221355E-011
   711.00000000000000        2.4269208680098018E-011
   712.00000000000000        2.3184623955511882E-011
   713.00000000000000        2.2148242242231104E-011
   714.00000000000000        2.1157933154099212E-011
   715.00000000000000        2.0211659926001255E-011
   716.00000000000000        1.9307475323491912E-011
   717.00000000000000        1.8443517730066197E-011
   718.00000000000000        1.7618007404409050E-011
   719.00000000000000        1.6829242900284742E-011
   720.00000000000000        1.6075597642042662E-011
   721.00000000000000        1.5355516649013472E-011
   722.00000000000000        1.4667513402367254E-011
   723.00000000000000        1.4010166848270758E-011
   724.00000000000000        1.3382118531453853E-011
   725.00000000000000        1.2782069853542108E-011
   726.00000000000000        1.2208779450761897E-011
   727.00000000000000        1.1661060685847318E-011
   728.00000000000000        1.1137779249210638E-011
   729.00000000000000        1.0637850864640885E-011
   730.00000000000000        1.0160239095005843E-011
   731.00000000000000        9.7039532436247465E-012
   732.00000000000000        9.2680463471639230E-012
   733.00000000000000        8.8516132560911766E-012
   734.00000000000000        8.4537887988887444E-012
   735.00000000000000        8.0737460263945014E-012
   736.00000000000000        7.7106945327944513E-012
   737.00000000000000        7.3638788499392629E-012
   738.00000000000000        7.0325769118025758E-012
   739.00000000000000        6.7160985860360527E-012
   740.00000000000000        6.4137842697050495E-012
   741.00000000000000        6.1250035464177533E-012
   742.00000000000000        5.8491539021806813E-012
   743.00000000000000        5.5856594974248433E-012
   744.00000000000000        5.3339699927631618E-012
   745.00000000000000        5.0935594261402418E-012
   746.00000000000000        4.8639251391388793E-012
   747.00000000000000        4.6445867503047161E-012
   748.00000000000000        4.4350851734415944E-012
   749.00000000000000        4.2349816789195173E-012
   750.00000000000000        4.0438569961224156E-012
   751.00000000000000        3.8613104552422528E-012
   752.00000000000000        3.6869591667057459E-012
   753.00000000000000        3.5204372365930255E-012
   754.00000000000000        3.3613950164784020E-012
   755.00000000000000        3.2094983861919959E-012
   756.00000000000000        3.0644280680670138E-012
   757.00000000000000        2.9258789712966804E-012
   758.00000000000000        2.7935595650884665E-012
   759.00000000000000        2.6671912793569182E-012
   760.00000000000000        2.5465079317526665E-012
   761.00000000000000        2.4312551798773056E-012
   762.00000000000000        2.3211899975832720E-012
   763.00000000000000        2.2160801743058687E-012
   764.00000000000000        2.1157038364206304E-012
   765.00000000000000        2.0198489896623547E-012
   766.00000000000000        1.9283130816849010E-012
   767.00000000000000        1.8409025838797829E-012
   768.00000000000000        1.7574325916113385E-012
   769.00000000000000        1.6777264420613337E-012
   770.00000000000000        1.6016153489122639E-012
   771.00000000000000        1.5289380531317339E-012
   772.00000000000000        1.4595404891519745E-012
   773.00000000000000        1.3932754657701474E-012
   774.00000000000000        1.3300023611238030E-012
   775.00000000000000        1.2695868311241850E-012
   776.00000000000000        1.2119005307572377E-012
   777.00000000000000        1.1568208476875298E-012
   778.00000000000000        1.1042306476250265E-012
   779.00000000000000        1.0540180309386510E-012
   780.00000000000000        1.0060761000222855E-012
   781.00000000000000        9.6030273694123952E-013
   782.00000000000000        9.1660039090739118E-013
   783.00000000000000        8.7487587515086731E-013
   784.00000000000000        8.3504017277539220E-013
   785.00000000000000        7.9700825120227194E-013
   786.00000000000000        7.6069888482494035E-013
   787.00000000000000        7.2603448551323309E-013
   788.00000000000000        6.9294094062159294E-013
   789.00000000000000        6.6134745817107987E-013
   790.00000000000000        6.3118641888925969E-013
   791.00000000000000        6.0239323480583839E-013
   792.00000000000000        5.7490621411534101E-013
   793.00000000000000        5.4866643203057404E-013
   794.00000000000000        5.2361760736285446E-013
   795.00000000000000        4.9970598457645948E-013
   796.00000000000000        4.7688022107586306E-013
   797.00000000000000        4.5509127949501099E-013
   798.00000000000000        4.3429232476776444E-013
   799.00000000000000        4.1443862576858368E-013
   800.00000000000000        3.9548746132164125E-013
   801.00000000000000        3.7739803038544047E-013
   802.00000000000000        3.6013136622849655E-013
   803.00000000000000        3.4365025441975783E-013
   804.00000000000000        3.2791915446511024E-013
   805.00000000000000        3.1290412492882457E-013
   806.00000000000000        2.9857275188583364E-013
   807.00000000000000        2.8489408055747786E-013
   808.00000000000000        2.7183854998990834E-013
   809.00000000000000        2.5937793064046403E-013
   810.00000000000000        2.4748526474331107E-013
   811.00000000000000        2.3613480933126886E-013
   812.00000000000000        2.2530198179618257E-013
   813.00000000000000        2.1496330787536597E-013
   814.00000000000000        2.0509637195665370E-013
   815.00000000000000        1.9567976959920038E-013
   816.00000000000000        1.8669306217186303E-013
   817.00000000000000        1.7811673351522811E-013
   818.00000000000000        1.6993214853748989E-013
   819.00000000000000        1.6212151365839514E-013
   820.00000000000000        1.5466783901922943E-013
   821.00000000000000        1.4755490238041503E-013
   822.00000000000000        1.4076721463180708E-013
   823.00000000000000        1.3428998684401977E-013
   824.00000000000000        1.2810909879233893E-013
   825.00000000000000        1.2221106888778177E-013
   826.00000000000000        1.1658302545269059E-013
   827.00000000000000        1.1121267928116023E-013
   828.00000000000000        1.0608829742707698E-013
   829.00000000000000        1.0119867816520172E-013
   830.00000000000000        9.6533127073053838E-014
   831.00000000000000        9.2081434183756330E-014
   832.00000000000000        8.7833852162104142E-014
   833.00000000000000        8.3781075458315122E-014
   834.00000000000000        7.9914220395915639E-014
   835.00000000000000        7.6224806152101049E-014
   836.00000000000000        7.2704736590827739E-014
   837.00000000000000        6.9346282910608475E-014
   838.00000000000000        6.6142067070660628E-014
   839.00000000000000        6.3085045960713700E-014
   840.00000000000000        6.0168496281276992E-014
   841.00000000000000        5.7386000102670407E-014
   842.00000000000000        5.4731431072505006E-014
   843.00000000000000        5.2198941242673736E-014
   844.00000000000000        4.9782948488161772E-014
   845.00000000000000        4.7478124491255284E-014
   846.00000000000000        4.5279383265864232E-014
   847.00000000000000        4.3181870197832825E-014
   848.00000000000000        4.1180951578143100E-014
   849.00000000000000        3.9272204607000598E-014
   850.00000000000000        3.7451407847699945E-014
   851.00000000000000        3.5714532110174603E-014
   852.00000000000000        3.4057731744973683E-014
   853.00000000000000        3.2477336329315473E-014
   854.00000000000000        3.0969842727632314E-014
   855.00000000000000        2.9531907509857021E-014
   856.00000000000000        2.8160339711400516E-014
   857.00000000000000        2.6852093919524098E-014
   858.00000000000000        2.5604263671460055E-014
   859.00000000000000        2.4414075150310663E-014
   860.00000000000000        2.3278881165366118E-014
   861.00000000000000        2.2196155404077638E-014
   862.00000000000000        2.1163486943502093E-014
   863.00000000000000        2.0178575009563282E-014
   864.00000000000000        1.9239223973005886E-014
   865.00000000000000        1.8343338571413437E-014
   866.00000000000000        1.7488919347132163E-014
   867.00000000000000        1.6674058291398448E-014
   868.00000000000000        1.5896934685403745E-014
   869.00000000000000        1.5155811129440057E-014
   870.00000000000000        1.4449029751671026E-014
   871.00000000000000        1.3775008588444065E-014
   872.00000000000000        1.3132238128430185E-014
   873.00000000000000        1.2519278013213891E-014
   874.00000000000000        1.1934753887291266E-014
   875.00000000000000        1.1377354390750717E-014
   876.00000000000000        1.0845828288204719E-014
   877.00000000000000        1.0338981727838701E-014
   878.00000000000000        9.8556756247105465E-015
   879.00000000000000        9.3948231627002087E-015
   880.00000000000000        8.9553874097594742E-015
   881.00000000000000        8.5363790413529795E-015
   882.00000000000000        8.1368541672064074E-015
   883.00000000000000        7.7559122567055629E-015
   884.00000000000000        7.3926941584870467E-015
   885.00000000000000        7.0463802099726856E-015
   886.00000000000000        6.7161884327834329E-015
   887.00000000000000        6.4013728101541075E-015
   888.00000000000000        6.1012216426430452E-015
   889.00000000000000        5.8150559785988065E-015
   890.00000000000000        5.5422281160037668E-015
   891.00000000000000        5.2821201724667175E-015
   892.00000000000000        5.0341427202820727E-015
   893.00000000000000        4.7977334836121445E-015
   894.00000000000000        4.5723560949795874E-015
   895.00000000000000        4.3574989083875657E-015
   896.00000000000000        4.1526738665002815E-015
   897.00000000000000        3.9574154194386106E-015
   898.00000000000000        3.7712794928494051E-015
   899.00000000000000        3.5938425030180244E-015
   900.00000000000000        3.4247004168898001E-015
   901.00000000000000        3.2634678549654319E-015
   902.00000000000000        3.1097772351248896E-015
   903.00000000000000        2.9632779555242989E-015
   904.00000000000000        2.8236356147910440E-015
   905.00000000000000        2.6905312678258644E-015
   906.00000000000000        2.5636607155943126E-015
   907.00000000000000        2.4427338273641840E-015
   908.00000000000000        2.3274738939152098E-015
   909.00000000000000        2.2176170103133609E-015
   910.00000000000000        2.1129114869064311E-015
   911.00000000000000        2.0131172872576019E-015
   912.00000000000000        1.9180054917920263E-015
   913.00000000000000        1.8273577859870912E-015
   914.00000000000000        1.7409659719889606E-015
   915.00000000000000        1.6586315025903366E-015
   916.00000000000000        1.5801650365502615E-015
   917.00000000000000        1.5053860142849930E-015
   918.00000000000000        1.4341222530017494E-015
   919.00000000000000        1.3662095603895703E-015
   920.00000000000000        1.3014913660215194E-015
   921.00000000000000        1.2398183696608575E-015
   922.00000000000000        1.1810482057006006E-015
   923.00000000000000        1.1250451230003568E-015
   924.00000000000000        1.0716796794182052E-015
   925.00000000000000        1.0208284503668076E-015
   926.00000000000000        9.7237375075379424E-016
   927.00000000000000        9.2620336969522865E-016
   928.00000000000000        8.8221031741862410E-016
   929.00000000000000        8.4029258379903591E-016
   930.00000000000000        8.0035290799614623E-016
   931.00000000000000        7.6229855868542024E-016
   932.00000000000000        7.2604112439841759E-016
   933.00000000000000        6.9149631351052576E-016
   934.00000000000000        6.5858376343427416E-016
   935.00000000000000        6.2722685859729587E-016
   936.00000000000000        5.9735255680267957E-016
   937.00000000000000        5.6889122358807421E-016
   938.00000000000000        5.4177647421707512E-016
   939.00000000000000        5.1594502295345425E-016
   940.00000000000000        4.9133653928429041E-016
   941.00000000000000        4.6789351077374264E-016
   942.00000000000000        4.4556111224324509E-016
   943.00000000000000        4.2428708098820815E-016
   944.00000000000000        4.0402159775410976E-016
   945.00000000000000        3.8471717320789600E-016
   946.00000000000000        3.6632853965231532E-016
   947.00000000000000        3.4881254774261223E-016
   948.00000000000000        3.3212806797571758E-016
   949.00000000000000        3.1623589673284607E-016
   950.00000000000000        3.0109866666615060E-016
   951.00000000000000        2.8668076122989757E-016
   952.00000000000000        2.7294823316549263E-016
   953.00000000000000        2.5986872675863922E-016
   954.00000000000000        2.4741140369503735E-016
   955.00000000000000        2.3554687234909892E-016
   956.00000000000000        2.2424712034761676E-016
   957.00000000000000        2.1348545025765938E-016
   958.00000000000000        2.0323641825477872E-016
   959.00000000000000        1.9347577563427815E-016
   960.00000000000000        1.8418041303451018E-016
   961.00000000000000        1.7532830724720725E-016
   962.00000000000000        1.6689847049559175E-016
   963.00000000000000        1.5887090206645481E-016
   964.00000000000000        1.5122654218758300E-016
   965.00000000000000        1.4394722804697982E-016
   966.00000000000000        1.3701565185497398E-016
   967.00000000000000        1.3041532085493448E-016
   968.00000000000000        1.2413051919256153E-016
   969.00000000000000        1.1814627155795050E-016
   970.00000000000000        1.1244830851844575E-016
   971.00000000000000        1.0702303346418970E-016
   972.00000000000000        1.0185749109175419E-016
   973.00000000000000        9.6939337354769893E-017
   974.00000000000000        9.2256810813641012E-017
   975.00000000000000        8.7798705319633352E-017
   976.00000000000000        8.3554343971549839E-017
   977.00000000000000        7.9513554286092539E-017
   978.00000000000000        7.5666644525666941E-017
   979.00000000000000        7.2004381130036060E-017
   980.00000000000000        6.8517967200648522E-017
   981.00000000000000        6.5199021988856191E-017
   982.00000000000000        6.2039561341458757E-017
   983.00000000000000        5.9031979059186090E-017
   984.00000000000000        5.6169029125746046E-017
   985.00000000000000        5.3443808767046345E-017
   986.00000000000000        5.0849742302044378E-017
   987.00000000000000        4.8380565748468429E-017
   988.00000000000000        4.6030312148337942E-017
   989.00000000000000        4.3793297579843592E-017
   990.00000000000000        4.1664107823688786E-017
   991.00000000000000        3.9637585653454212E-017
   992.00000000000000        3.7708818720973503E-017
   993.00000000000000        3.5873128009042422E-017
   994.00000000000000        3.4126056825048373E-017
   995.00000000000000        3.2463360310355476E-017
   996.00000000000000        3.0880995441420150E-017
   997.00000000000000        2.9375111499746215E-017
   998.00000000000000        2.7942040988819747E-017
   999.00000000000000        2.6578290977211130E-017
   1000.0000000000000        2.5280534847962471E-017
