1	389700.89510242
2	758863.6566271121
3	1.1080770529088748e6
4	1.4379314982570596e6
5	1.7490174743377888e6
6	2.041924086581523e6
7	2.3172377473987467e6
8	2.57554097839821e6
9	2.8174113241965896e6
10	3.0434203707862003e6
11	3.2541328617889425e6
12	3.4501059062707345e6
13	3.6318882721215184e6
14	3.8000197593224254e6
15	3.9550306477239123e6
16	4.0974412142475923e6
17	4.227761314700191e6
18	4.346490025651274e6
19	4.454115342077519e6
20	4.551113926715731e6
21	4.637950907295101e6
22	4.715079718036669e6
23	4.782941982015183e6
24	4.841967431175673e6
25	4.892573860984805e6
26	4.935167116875646e6
27	4.970141109814128e6
28	4.997877858476949e6
29	5.018747555683843e6
30	5.03310865687274e6
31	5.041307988544488e6
32	5.043680874734871e6
33	5.040551279695931e6
34	5.03223196508648e6
35	5.019024660083254e6
36	5.001220242929864e6
37	4.979098932540846e6
38	4.952930488872617e6
39	4.922974420862794e6
40	4.88948020082382e6
41	4.852687484256827e6
42	4.812826334127034e6
43	4.770117448713174e6
44	4.724772392210638e6
45	4.676993827331184e6
46	4.626975749201717e6
47	4.574903719920707e6
48	4.52095510318367e6
49	4.465299298438557e6
50	4.408097974078756e6
51	4.349505299224965e6
52	4.289668173688356e6
53	4.228726455745887e6
54	4.1668131873947345e6
55	4.1040548167863945e6
56	4.0405714175728057e6
57	3.9764769049260803e6
58	3.9118792480210164e6
59	3.8468806787953745e6
60	3.7815778968265215e6
61	3.716062270185501e6
62	3.650420032150156e6
63	3.584732473678178e6
64	3.519076131558616e6
65	3.453522972177016e6
66	3.388140570844404e6
67	3.3229922866545497e6
68	3.2581374328466747e6
69	3.193631442662894e6
70	3.1295260307004093e6
71	3.065869349768612e6
72	3.0027061432702946e6
73	2.940077893134546e6
74	2.878022963336443e6
75	2.8165767390455566e6
76	2.7557717614513603e6
77	2.695637858319327e6
78	2.636202270336323e6
79	2.5774897733085155e6
80	2.5195227962786877e6
81	2.462321535633571e6
82	2.405904065274512e6
83	2.3502864429276465e6
84	2.29548281267172e6
85	2.24150550376377e6
86	2.188365125844138e6
87	2.1360706606037165e6
88	2.0846295499971735e6
89	2.034047781086511e6
90	1.9843299675998457e6
91	1.9354794282904414e6
92	1.8874982621809966e6
93	1.840387420778112e6
94	1.7941467773414063e6
95	1.7487751932912767e6
96	1.7042705818386828e6
97	1.660629968919495e6
98	1.617849551515131e6
99	1.5759247534401156e6
100	1.5348502786762174e6
101	1.494620162331593e6
102	1.4552278193020574e6
103	1.4166660907104476e6
104	1.3789272881985581e6
105	1.3420032361447543e6
106	1.305885311878905e6
107	1.2705644839648341e6
108	1.2360313486189065e6
109	1.2022761643318546e6
110	1.1692888847594433e6
111	1.1370591899458517e6
112	1.1055765159423223e6
113	1.0748300828817291e6
114	1.0448089215684356e6
115	1.0155018986410263e6
116	986897.74036399
117	958985.0551028923
118	931752.3545359834
119	905188.0736536771
120	879280.5895957435
121	854018.2393746796
122	829389.3365320661
123	805382.1867734512
124	781985.1026256543
125	759186.4171591288
126	736974.496816551
127	715337.753387412
128	694264.6551671487
129	673743.737337896
130	653763.611606799
131	634312.9751364486
132	615380.6188008434
133	596955.4347990697
134	579026.4236576888
135	561582.7006517113
136	544613.5016729207
137	528108.1885732161
138	512056.25400956464
139	496447.3258161986
140	481271.1709286116
141	466517.6988830055
142	452176.9649138447
143	438239.1726713227
144	424694.6765795803
145	411533.98385574255
146	398747.7562089584
147	386326.8112378198
148	374262.1235437643
149	362544.8255773535
150	351166.20823351823
151	340117.72121119377
152	329390.9731521104
153	318977.73157279333
154	308869.92260322015
155	299059.63054501056
156	289539.09726131853
157	280300.7214101806
158	271337.0575323854
159	262640.8150044871
160	254204.85686704118
161	246022.1985376824
162	238086.00641812902
163	230389.5964038018
164	222926.4323043414
165	215690.1241827606
166	208674.42662070948
167	201873.23691684628
168	195280.59322502522
169	188890.6726385143
170	182697.78922631335
171	176696.39202713635
172	170881.0630063965
173	165246.5149812289
174	159787.58951830186
175	154499.25480883443
176	149376.60352505476
177	144414.85066205292
178	139609.3313687074
179	134955.49877118456
180	130448.92179228105
181	126085.2829696312
182	121860.37627566955
183	117770.10494195456
184	113810.47929043954
185	109977.61457384362
186	106267.72882743513
187	102677.14073409436
188	99202.26750454471
189	95839.62277446939
190	92585.81451999994
191	89437.54299315132
192	86391.59867834634
193	83444.86027139018
194	80594.29268188245
195	77836.94506011851
196	75169.94884930839
197	72590.5158640035
198	70095.9363953623
199	67683.5773439115
200	65350.88038039091
201	63095.36013510759
202	60914.60241624351
203	58806.2624574517
204	56768.063195048024
205	54797.79357496747
206	52893.3068897412
207	51052.51914553659
208	49273.40745940427
209	47554.0084867048
210	45892.416878750264
211	44286.78377060248
212	42735.31529890325
213	41236.271149684486
214	39787.96313595268
215	38388.753804910964
216	37037.05507458265
217	35731.32689962875
218	34470.07596609873
219	33251.854414842026
220	32075.258593300216
221	30938.927835340088
222	29841.54326885764
223	28781.82665076809
224	27758.539229026643
225	26770.480631363956
226	25816.487780320476
227	24895.433834212527
228	24006.227153642147
229	23147.81029315556
230	22319.1590176076
231	21519.281342924347
232	20747.2166007207
233	20002.034526437354
234	19282.834370612367
235	18588.74403274331
236	17918.919217463823
237	17272.542612487425
238	16648.823087994813
239	16046.994916991469
240	15466.317016214058
241	14906.072207201667
242	14365.566497084863
243	13844.128378676996
244	13341.108149522202
245	12855.877249370133
246	12387.8276157905
247	11936.37105747909
248	11500.938644852778
249	11080.980117546973
250	10675.96330844853
251	10285.373583853487
252	9908.713299400224
253	9545.501271379544
254	9195.272263061122
255	8857.576485715672
256	8531.979113897993
257	8218.059814717071
258	7915.412290691501
259	7623.64383591455
260	7342.374905109934
261	7071.238695346959
262	6809.880739989077
263	6557.95851468606
264	6315.141054968296
265	6081.108585244485
266	5855.552158840844
267	5638.173308823709
268	5428.683709299525
269	5226.80484693851
270	5032.267702394194
271	4844.812441435014
272	4664.188115433313
273	4490.152371030475
274	4322.471168676514
275	4160.918509806488
276	4005.2761724655215
277	3855.333455064873
278	3710.8869280919776
279	3571.7401935529165
280	3437.703651899828
281	3308.594276250451
282	3184.235393693681
283	3064.456473462289
284	2949.092921780004
285	2837.985883200069
286	2730.982048252121
287	2627.9334671613324
288	2528.697369542266
289	2433.135989823517
290	2341.1163982795106
291	2252.5103374610144
292	2167.1940639076197
293	2085.0481949651853
294	2005.9575605221796
295	1929.8110595863313
296	1856.5015214969176
297	1785.9255716496593
298	1717.9835016200145
299	1652.5791435076828
300	1589.61974840846
301	1529.0158688726817
302	1470.6812452248014
303	1414.532695643896
304	1360.490009852491
305	1308.475846334228
306	1258.4156329683994
307	1210.2374709511573
308	1163.8720419125118
309	1119.2525181573735
310	1076.3144758639046
311	1034.9958112318782
312	995.236659405932
313	956.979316146035
314	920.1681621325688
315	884.7495898091613
316	850.671932715043
317	817.8853971901731
318	786.341996422051
319	755.9954866998532
320	726.8013058678646
321	698.7165138457931
322	671.699735211456
323	645.711103709719
324	620.7122087002926
325	596.6660434141692
326	573.5369549946255
327	551.2905962543517
328	529.8938791166348
329	509.3149296302487
330	489.5230445605761
331	470.48864947536754
332	452.1832582894487
333	434.5794342080213
334	417.6507520310771
335	401.3717617719957
336	385.7179535397677
337	370.66572364946586
338	356.1923419256085
339	342.27592013691566
340	328.8953815480065
341	316.0304315361292
342	303.6615292399126
343	291.7698602183319
344	280.3373100498929
345	269.34643888765095
346	258.7804569039801
347	248.62320060379588
348	238.85910996839726
349	229.4732064344836
350	220.45107163387874
351	211.77882689699857
352	203.4431134899646
353	195.43107355182278
354	187.73033170765703
355	180.3289773552139
356	173.21554756826436
357	166.37901061827026
358	159.8087500994696
359	153.49454960661743
360	147.42657796537785
361	141.595375006217
362	135.99183784762175
363	130.60720766908312
364	125.4330569526456
365	120.46127722160472
366	115.6840671769881
367	111.09392129450397
368	106.68361882899669
369	102.44621321634877
370	98.37502185228018
371	94.46361625918048
372	90.70581260815631
373	87.09566256913877
374	83.62744451956097
375	80.29565505653696
376	77.09500082748808
377	74.02039066963317
378	71.06692800578469
379	68.2299035546371
380	65.50478829778797
381	62.88722668770254
382	60.37303013388987
383	57.95817071021206
384	55.63877509339953
385	53.41111874257986
386	51.271620278676444
387	49.21683606535594
388	47.24345501999747
389	45.34829358190556
390	43.528290886769376
391	41.78050412526538
392	40.10210405405961
393	38.49037068947602
394	36.94268916208255
395	35.456545714110625
396	34.02952385489913
397	32.65930065630365
398	31.343643191643384
399	30.08040510690345
400	28.86752330491802
401	27.70301478060253
402	26.584973550269574
403	25.51156771152503
404	24.48103660966085
405	23.491688101412578
406	22.541895942478632
407	21.63009724762336
408	20.75479006759367
409	19.914531046344482
410	19.10793316575899
411	18.333663584872454
412	17.590441558259155
413	16.877036416944968
414	16.19226564594609
415	15.534993035226156
416	14.904126882882073
417	14.298618278247707
418	13.717459451466825
419	13.15968217944966
420	12.624356256929794
421	12.110588030303992
422	11.6175189749944
423	11.144324334386553
424	10.69021181037493
425	10.254420306451363
426	9.836218716602103
427	9.43490475036187
428	9.049803824032168
429	8.680267977771129
430	8.325674837993295
431	7.985426616984414
432	7.658949168822404
433	7.345691045399104
434	7.045122631938183
435	6.756735278837979
436	6.480040489544326
437	6.21456913250898
438	5.959870681418695
439	5.715512487778104
440	5.48107907514461
441	5.256171479682619
442	5.040406592518411
443	4.833416533161829
444	4.634848057917544
445	4.444361992631075
446	4.261632663466244
447	4.086347379168957
448	3.9182059094050854
449	3.7569200051917844
450	3.6022129150567834
451	3.453818942677527
452	3.311483002734121
453	3.1749602090867275
454	3.044015463713912
455	2.9184230774518163
456	2.7979663939546566
457	2.682437435092674
458	2.5716365549068962
459	2.4653721089937823
460	2.363460140484341
461	2.2657240754592425
462	2.1719944290703155
463	2.0821085194852027
464	1.9959102073760688
465	1.913249629099661
466	1.8339829469137674
467	1.7579721132338275
468	1.6850846378818538
469	1.6151933691219995
470	1.5481762774998495
471	1.4839162532133199
472	1.4223009101066473
473	1.3632223988690326
474	1.3065772239841282
475	1.2522660697007257
476	1.2001936362036938
477	1.1502684726547652
478	1.102402829522472
479	1.056512510212741
480	1.0125167194505147
481	0.9703379449208503
482	0.9299018054051911
483	0.8911369410977183
484	0.8539748859907861
485	0.8183499497104796
486	0.7841991086318386
487	0.7514619010016473
488	0.7200803183834313
489	0.6899987138157286
490	0.6611636998133333
491	0.633524062911241
492	0.6070306730717101
493	0.5816364018590323
494	0.5572960392340354
495	0.5339662189699119
496	0.5116053401273403
497	0.490173501993797
498	0.46963243250572223
499	0.44994541522977655
500	0.43107724309298806
501	0.41299413852928984
502	0.3956637100952192
503	0.3790548902352323
504	0.3631378775812612
505	0.34788409934547604
506	0.3332661417859319
507	0.31925772361167154
508	0.3058336350995063
509	0.29296969953979
510	0.2806427352067629
511	0.2688305084154139
512	0.2575116990476007
513	0.24666586420898023
514	0.23627339656731347
515	0.22631549845951612
516	0.21677414124846098
517	0.20763204150054343
518	0.1988726259461043
519	0.19048000157190356
520	0.18243893073510614
521	0.17473480206440667
522	0.1673536120328963
523	0.1602819252391701
524	0.15350686809919833
525	0.14701609440906904
526	0.14079776942366107
527	0.1348405440840674
528	0.12913354079208716
529	0.12366633048785652
530	0.11842891562065025
531	0.11341171116370632
532	0.10860552921663612
533	0.10400156273694196
534	0.09959136733622075
535	0.09536685097379272
536	0.09132025295126926
537	0.0874441383717668
538	0.08373137973299898
539	0.0801751431166351
540	0.07676887886679622
541	0.07350631133142571
542	0.07038142345181504
543	0.0673884468957375
544	0.06452185549627713
545	0.06177635142786081
546	0.059146858935298155
547	0.056628510851426395
548	0.054216644689434546
549	0.05190679049627933
550	0.04969466509930349
551	0.04757616437666789
552	0.04554735360323731
553	0.043604465095682665
554	0.041743884696603555
555	0.03996215065272706
556	0.038255947438962885
557	0.03662209465709022
558	0.0350575461485891
559	0.033559384107644044
560	0.03212481229625291
561	0.030751149376334067
562	0.02943582926155308
563	0.028176389641784327
564	0.026970475416190846
565	0.0258158264190137
566	0.024710278022682722
567	0.0236517597673182
568	0.022638282422296867
569	0.02166794260895496
570	0.020738919640690648
571	0.019849464781651303
572	0.018997904027775583
573	0.018182635127207455
574	0.017402121819242715
575	0.016654892882268495
576	0.015939538378220267
577	0.015254708762514849
578	0.014599109353613773
579	0.013971501390300824
580	0.013370698441159823
581	0.01279556288120651
582	0.012245006094830776
583	0.01171798410429226
584	0.01121349873296778
585	0.01073059239903828
586	0.010268348422575707
587	0.009825888622308654
588	0.009402370956957997
589	0.008996990773317236
590	0.008608976692758454
591	0.008237590118056361
592	0.00788212298214473
593	0.0075418955404673305
594	0.0072162611945708055
595	0.006904598144062441
596	0.006606309891707666
597	0.006320825730096726
598	0.00604760121005438
599	0.005786111738509671
600	0.0055358582646495335
601	0.005296360079048738
602	0.005067157933715122
603	0.00484781371076943
604	0.004637903374526894
605	0.004437025978339799
606	0.004244794956924983
607	0.00406084040772706
608	0.003884807181196596
609	0.0037163579516213676
610	0.0035551680106505556
611	0.0034009250807604525
612	0.003253334010230633
613	0.0031121075791547843
614	0.0029769744668494687
615	0.0028476717556463983
616	0.002723952018530133
617	0.0026055734923633596
618	0.002492308745578631
619	0.002383936528692638
620	0.0022802487816176724
621	0.0021810425667008228
622	0.002086127035933449
623	0.001995315445912936
624	0.001908434409141301
625	0.001825312856466263
626	0.0017457897084973523
627	0.001669709878953392
628	0.0015969264703507983
629	0.001527295324189107
630	0.001460682552545069
631	0.001396957581067097
632	0.0013359961060576651
633	0.0012776784983375823
634	0.0012218912184666602
635	0.00116852597447472
636	0.0011174766872429915
637	0.0010686446054896561
638	0.0010219330574089615
639	0.0009772517955034593
640	0.000934512532535421
641	0.0008936310848127354
642	0.0008545273043821696
643	0.0008171242958797003
644	0.0007813490775376987
645	0.0007471303853868968
646	0.0007144021861092918
647	0.0006830986549217881
648	0.0006531590905372311
649	0.000624522935719141
650	0.0005971360404520067
651	0.0005709429279064712
652	0.0005458916565575492
653	0.000521932384596193
654	0.0004990200680619847
655	0.00047710620790917017
656	0.0004561497680762848
657	0.00043610893479141056
658	0.0004169424848203926
659	0.00039861379219362106
660	0.0003810860792450378
661	0.0003643244157232786
662	0.00034829634648944835
663	0.00033296856108015196
664	0.0003183121514461912
665	0.00030429666304023314
666	0.0002908946730308008
667	0.0002780797943865177
668	0.0002658260166448534
669	0.0002541089831239981
670	0.0002429053234076169
671	0.00023219327125533544
672	0.0002219507403496228
673	0.00021215659342848202
674	0.00020279312947897655
675	0.0001938404051829907
676	0.00018528001019254956
677	0.00017709627260155758
678	0.00016927189898503466
679	0.00016179046210644622
680	0.00015463821333953104
681	0.0001478003873328444
682	0.00014126364317652382
683	0.00013501363145693846
684	0.00012903861038255382
685	0.00012332700763623966
686	0.0001178662332438569
687	0.00011264624722752994
688	0.00010765597895084583
689	0.00010288569276853347
690	0.00009832521334376741
691	0.00009396567698864964
692	0.00008979892717588599
693	0.00008581577726531283
694	0.00008200775131310262
695	0.00007836763919849495
696	0.00007488890309606094
697	0.00007156340792054327
698	0.00006838482777535979
699	0.0000653469299582276
700	0.00006244246192130483
701	0.000059667051750028135
702	0.00005701363262762221
703	0.00005447799143831524
704	0.00005205433656653081
705	0.000049738052725681294
706	0.00004752405231714952
707	0.000045407864321073217
708	0.000043385621166770166
709	0.00004145351236506951
710	0.00003960619153859522
711	0.000037841040319804135
712	0.00003615389857337648
713	0.00003454171832413704
714	0.00003300097578697232
715	0.000031528720306931194
716	0.000030121529648470178
717	0.000028777062647852583
718	0.000027491989868033486
719	0.000026264052516877692
720	0.00002509102525024527
721	0.00002396970816800398
722	0.00002289795654076499
723	0.00002187465643935387
724	0.000020895727081126445
725	0.000019961112517709912
726	0.00001906829098197049
727	0.000018214781961038146
728	0.00001739912029626757
729	0.000016619862645817847
730	0.000015875587326440364
731	0.000015163933805029584
732	0.000014484492905889653
733	0.000013835431402475677
734	0.000013214946348705851
735	0.000012622206660593044
736	0.000012055924075936673
737	0.000011515297164403366
738	0.000010998143610343539
739	0.000010504166592209062
740	0.000010032611654244679
741	9.581820766650673e-6
742	9.151529683028508e-6
743	8.739664871954424e-6
744	8.34689326912223e-6
745	7.971624095837544e-6
746	7.6131869059476635e-6
747	7.270477705527788e-6
748	6.943294796482634e-6
749	6.6309983409921e-6
750	6.332084079542713e-6
751	6.0472504737584315e-6
752	5.774582410810824e-6
753	5.514354216630014e-6
754	5.265975486493611e-6
755	5.028012700946244e-6
756	4.801604577695473e-6
757	4.584910291223211e-6
758	4.377804022960808e-6
759	4.18016077485386e-6
760	3.991856367633879e-6
761	3.811112951136662e-6
762	3.6394792854423216e-6
763	3.4747864256165256e-6
764	3.317759350017693e-6
765	3.1674859574297874e-6
766	3.024684141171202e-6
767	2.8876491477450415e-6
768	2.757104188256156e-6
769	2.6321685268091997e-6
770	2.5131632549665635e-6
771	2.3992230262043163e-6
772	2.2906719621006916e-6
773	2.1870487890255315e-6
774	2.0875139187393283e-6
775	1.9931685467276846e-6
776	1.9027930902983436e-6
777	1.816715819771192e-6
778	1.7341207870736766e-6
779	1.6553389662579895e-6
780	1.580318829720254e-6
781	1.5082632766108448e-6
782	1.4402462454320716e-6
783	1.3743660910151406e-6
784	1.312064438952058e-6
785	1.2525610554303033e-6
786	1.1954547328636076e-6
787	1.1410748685015395e-6
788	1.0890245939003984e-6
789	1.0396299445115628e-6
790	9.921427533765247e-7
791	9.472451127842336e-7
792	9.041968911348455e-7
793	8.629731448235759e-7
794	8.23549104048757e-7
795	7.859001723336028e-7
796	7.500019260447202e-7
797	7.158301139074253e-7
798	6.833606565179134e-7
799	6.522308246447449e-7
800	6.224223717814069e-7
801	5.939171802771725e-7
802	5.666972609670725e-7
803	5.410762946468598e-7
804	5.163716617100826e-7
805	4.925711640056852e-7
806	4.7031499846298276e-7
807	4.486073282386646e-7
808	4.2808677321630766e-7
809	4.0873619218487e-7
810	3.899004345707661e-7
811	3.718904512781437e-7
812	3.5501024462236734e-7
813	3.389292890120401e-7
814	3.2332412099112106e-7
815	3.084989937976292e-7
816	2.944426791362269e-7
817	2.8083710577876426e-7
818	2.6798155195671716e-7
819	2.555614999114844e-7
820	2.438729370094582e-7
821	2.326048714135686e-7
822	2.2205002553288658e-7
823	2.1190090600631433e-7
824	2.0185677159866142e-7
825	1.9279737132176905e-7
826	1.8383182190922818e-7
827	1.7553987863387295e-7
828	1.6733413831372073e-7
829	1.595009735928707e-7
830	1.5232024509492637e-7
831	1.452145003773105e-7
832	1.3874731596570128e-7
833	1.323478072766256e-7
834	1.260155786484202e-7
835	1.2030463477331105e-7
836	1.1465382513354118e-7
837	1.0961085026381254e-7
838	1.0462099675307302e-7
839	9.968395132764095e-8
840	9.506871809655458e-8
841	9.050255421659298e-8
842	8.651758410691503e-8
843	8.25749222772397e-8
844	7.867431693793271e-8
845	7.507710975473742e-8
846	7.15184061284503e-8
847	6.825652279103447e-8
848	6.528669005894242e-8
849	6.209312199411722e-8
850	5.9188182631327066e-8
851	5.6567179212280724e-8
852	5.372336934771062e-8
853	5.140971354480191e-8
854	4.912099597534146e-8
855	4.68570653723435e-8
856	4.461777093069095e-8
857	4.2402962307866586e-8
858	4.0454733538065925e-8
859	3.852780097810622e-8
860	3.6861393677807634e-8
861	3.52131557531318e-8
862	3.358297558232499e-8
863	3.197074189299197e-8
864	3.0376343762557306e-8
865	2.90319260269271e-8
866	2.7702317532045605e-8
867	2.6387426400698518e-8
868	2.5087161048351446e-8
869	2.4028110470944476e-8
870	2.298074566406324e-8
871	2.194499373972068e-8
872	2.092078204485932e-8
873	1.9908038161588463e-8
874	1.8906689907414166e-8
875	1.791666533545865e-8
876	1.715504520562946e-8
877	1.6401930376792308e-8
878	1.5657267116296348e-8
879	1.4921001868638794e-8
880	1.419308125560408e-8
881	1.3473452076397119e-8
882	1.2971275427569386e-8
883	1.2266767416282157e-8
884	1.1570398048581388e-8
885	1.1087437740829457e-8
886	1.060994001898347e-8
887	1.0137869839768075e-8
888	9.671192278601266e-9
889	9.20987252965638e-9
890	8.753875905919973e-9
891	8.303167839245937e-9
892	7.857713880405448e-9
893	7.612676533320864e-9
894	7.3703439221788526e-9
895	6.937977116434121e-9
896	6.510738947346342e-9
897	6.278864141440023e-9
898	6.04961397651903e-9
899	5.635133590173293e-9
900	5.41228868075778e-9
901	5.192011869496086e-9
902	4.974286273976052e-9
903	4.759095071392925e-9
904	4.3645646386147075e-9
905	4.336248851899318e-9
906	3.94905785758561e-9
907	3.92333982096961e-9
908	3.7205703276911666e-9
909	3.520235542577478e-9
910	3.3223190601889096e-9
911	3.12680453470456e-9
912	3.106244837558099e-9
913	2.9143485360453033e-9
914	2.724810811311579e-9
915	2.706789910453265e-9
916	2.5207999955650685e-9
917	2.337125724306986e-9
918	2.3215781488091593e-9
919	2.1413820330669128e-9
920	1.963459074499229e-9
921	1.9503201581295207e-9
922	1.937243410895355e-9
923	1.7638762667621374e-9
924	1.592729759426701e-9
925	1.5819870023936358e-9
926	1.5712954594942138e-9
927	1.5606549825102682e-9
928	1.3950588809602298e-9
929	1.231621306996833e-9
930	1.2232307726931268e-9
931	1.2148806173665987e-9
932	1.2065707227235774e-9
933	1.19830097053215e-9
934	1.0413123372959764e-9
935	1.0341462432840958e-9
936	8.802985404845961e-10
937	8.742157679304348e-10
938	8.681626595875571e-10
939	8.621391270882865e-10
940	8.561450821206073e-10
941	8.501804364294678e-10
942	7.035375848483777e-10
943	6.986158251241983e-10
944	5.549746755639217e-10
945	5.510760555960266e-10
946	5.471967415614822e-10
947	5.433366748690706e-10
948	5.394957969713757e-10
949	5.356740493655704e-10
950	5.318713735942233e-10
951	5.280877112460854e-10
952	5.24323003956866e-10
953	3.9043289505751375e-10
954	3.876376660031257e-10
955	3.848565221404104e-10
956	3.8208941984280717e-10
957	2.528908770145596e-10
958	2.510647770851092e-10
959	2.492479510997523e-10
960	2.474403700778753e-10
961	2.456420050657155e-10
962	2.438528271367197e-10
963	2.42072807391897e-10
964	2.403019169601696e-10
965	2.385401269987239e-10
966	2.367874086933521e-10
967	2.3504373325879457e-10
968	2.33309071939081e-10
969	2.3158339600786226e-10
970	2.2986667676874599e-10
971	2.281588855556228e-10
972	2.2645999373299418e-10
973	2.2476997269629582e-10
974	2.2308879387221674e-10
975	2.2141642871901835e-10
976	1.0987642436342171e-10
977	1.0904901270901696e-10
978	1.0822596517371727e-10
979	1.0740726755134907e-10
980	1.0659290565229532e-10
981	1.0578286530364326e-10
982	1.0497713234933472e-10
983	1.0417569265031063e-10
984	1.0337853208465792e-10
985	1.0258563654775288e-10
986	1.0179699195240357e-10
987	1.0101258422899105e-10
988	0.
989	0.
990	0.
991	0.
992	0.
993	0.
994	0.
995	0.
996	0.
997	0.
998	0.
999	0.
1000	0.