1	0.6896117911385049
2	2.6886006269104907
3	5.894994279484384
4	10.210578376401507
5	15.540917231904164
6	21.79535938523264
7	28.88702931285385
8	36.732806682864116
9	45.25329442646327
10	54.372776813186405
11	64.0191686332709
12	74.12395651190857
13	84.62213330596518
14	95.45212646383862
15	106.5557211632682
16	117.87797897990863
17	129.3671527811563
18	140.9745984848841
19	152.65468427123005
20	164.36469778723287
21	176.0647518387468
22	187.71768902155912
23	199.28898570381725
24	210.74665573461598
25	222.0611542187636
26	233.20528166520916
27	244.15408878624677
28	254.88478219630372
29	265.37663123275445
30	275.6108760966694
31	285.57063748860605
32	295.240827893396
33	304.6080646482489
34	313.6605849103397
35	322.3881626232383
36	330.78202756603747
37	338.8347865547347
38	346.54034685226964
39	353.89384183152964
40	360.89155892454767
41	367.53086988099005
42	373.8101633497582
43	379.7287797891067
44	385.28694870301763
45	390.48572819464357
46	395.3269468213596
47	399.81314773034796
48	403.9475350485945
49	407.7339224966664
50	411.1766841916855
51	414.2807076013602
52	417.05134860789735
53	419.49438863792636
54	421.61599381228683
55	423.4226760675794
56	424.92125619977145
57	426.11882877880396
58	427.0227288821036
59	427.640500594107
60	427.9798672183092
61	428.0487031480007
62	427.8550073416797
63	427.4068783491247
64	426.7124908342648
65	425.78007354130597
66	424.61788865097304
67	423.2342124743086
68	421.63731743208035
69	419.83545526862775
70	417.8368414497739
71	415.6496406953453
72	413.2819535977842
73	410.74180427935977
74	408.03712904154247
75	405.1757659612042
76	402.1654453894318
77	399.013781309907
78	395.7282635149766
79	392.3162505587397
80	388.78496344766205
81	385.14148003047166
82	381.3927300502588
83	377.54549082295904
84	373.6063835075692
85	369.5818699346736
86	365.4782499610186
87	361.3016593190724
88	357.05806793166596
89	352.75327866293935
90	348.3929264779604
91	343.9824779844899
92	339.5272313314362
93	335.03231643962346
94	330.50269554152885
95	325.9431640076592
96	321.3583514382302
97	316.75272299977627
98	312.13058098726236
99	307.4960665931692
100	302.8531618659335
101	298.2056918409686
102	293.55732682831893
103	288.9115848418363
104	284.2718341555206
105	279.6412959734413
106	275.0230472003675
107	270.4200233009628
108	265.8350212360536
109	261.2707024651497
110	256.7295960050271
111	252.2141015347581
112	247.72649253821228
113	243.2689194755363
114	238.84341297572306
115	234.45188704284834
116	230.09614226906146
117	225.77786904788454
118	221.49865078182506
119	217.25996707873554
120	213.06319693174825
121	208.90962187803927
122	204.8004291319972
123	200.73671468878462
124	196.71948639456033
125	192.74966697999494
126	188.82809705399268
127	184.95553805482203
128	181.13267515614893
129	177.36012012569515
130	173.63841413452354
131	169.96803051515346
132	166.3493774669446
133	162.7828007073953
134	159.26858606817856
135	155.8069620349412
136	152.39810223005043
137	149.04212783764078
138	145.73910997045118
139	142.48907197810533
140	139.29199169659856
141	136.14780363889193
142	133.05640112661652
143	130.0176383630142
144	127.03133244731526
145	124.09726533087064
146	121.2151857154253
147	118.38481089399815
148	115.60582853490294
149	112.8778984095268
150	110.20065406452065
151	107.57370443911678
152	104.996635428351
153	102.46901139299113
154	99.99037661702067
155	97.56025671357979
156	95.17815998025404
157	92.84357870468226
158	90.55599042143281
159	88.3148591211435
160	86.11963641292915
161	83.96976264108315
162	81.86466795708897
163	79.80377334798817
164	77.78649162216357
165	75.81222835356121
166	73.88038278542126
167	71.9903486945568
168	70.14151521724621
169	68.33326763775153
170	66.56498814053927
171	64.8360565272105
172	63.14585089916798
173	61.493748307039
174	59.87912536786183
175	58.30135885101203
176	56.75982623385836
177	55.25390622811784
178	53.782979277848
179	52.34642803002152
180	50.943637778606345
181	49.57399688304485
182	48.236897162034516
183	46.93173426345851
184	45.657908011361705
185	44.41482273074549
186	43.20188755106656
187	42.018516689191166
188	40.864129712606015
189	39.73815178365737
190	38.64001388553098
191	37.5691530307568
192	36.52501245287514
193	35.50704178201992
194	34.514697205047675
195	33.54744161089143
196	32.60474472174812
197	31.686083210755335
198	30.790940806722645
199	29.918808386510523
200	29.069184055637642
201	28.241573217640145
202	27.435488632729363
203	26.650450466256572
204	25.88598632749378
205	25.14163129918542
206	24.4169279583747
207	23.711426388918298
208	23.024684186156055
209	22.356266454128733
210	21.705745795770444
211	21.072702296462783
212	20.456723501308655
213	19.85740438652073
214	19.27434732524743
215	18.707162048193332
216	18.15546559934285
217	17.618882287109198
218	17.097043631203896
219	16.58958830551458
220	16.096162077272556
221	15.616417742760165
222	15.150015059838823
223	14.696620677518691
224	14.255908062800891
225	13.82755742503945
226	13.41125563801541
227	13.00669615993461
228	12.61357895154594
229	12.231610392567376
230	11.860503196576824
231	11.499976324590154
232	11.149754897419008
233	10.809570107004008
234	10.479159126888046
235	10.158265021901974
236	9.846636657272635
237	9.544028607210759
238	9.250201063150405
239	8.964919741724254
240	8.687955792579844
241	8.419085706156292
242	8.158091221499452
243	7.904759234203536
244	7.6588817046007875
245	7.420255566208934
246	7.188682634577432
247	6.963969516575155
248	6.745927520181443
249	6.534372564844281
250	6.329125092474967
251	6.130009979115701
252	5.93685644734632
253	5.74949797946055
254	5.567772231457964
255	5.391520947915635
256	5.220589877728274
257	5.054828690796068
258	4.89409089565605
259	4.738233758123308
260	4.58711822091437
261	4.440608824334359
262	4.298573627983256
263	4.160884133577571
264	4.027415208820674
265	3.898045012401295
266	3.7726549200916506
267	3.651129451976434
268	3.533356200808086
269	3.4192257615119623
270	3.3086316618115594
271	3.2014702940324313
272	3.097640848026947
273	2.997045245270235
274	2.899588074093812
275	2.8051765260603707
276	2.713720333511946
277	2.625131708232264
278	2.5393252812533835
279	2.4562180438028363
280	2.3757292893652506
281	2.2977805568651317
282	2.2222955749644897
283	2.149200207455854
284	2.0784223997450573
285	2.009892126421226
286	1.9435413399075896
287	1.8793039201451367
288	1.8171156253554341
289	1.7569140438217419
290	1.6986385467093352
291	1.6422302418817998
292	1.5876319287325948
293	1.5347880540046768
294	1.4836446685603677
295	1.4341493851394131
296	1.3862513370477665
297	1.3399011377761718
298	1.2950508415517246
299	1.2516539047756032
300	1.209665148359448
301	1.1690407209352336
302	1.129738062922077
303	1.0917158714501616
304	1.0549340660992574
305	1.0193537554627197
306	0.9849372045208615
307	0.9516478027908054
308	0.9194500332479263
309	0.8883094420272362
310	0.8581926088359593
311	0.8290671181320161
312	0.8009015309885454
313	0.7736653576792952
314	0.747329030950499
315	0.7218638799550141
316	0.6972421048620406
317	0.6734367520984721
318	0.6504216902458373
319	0.6281715865306222
320	0.60666188394766
321	0.5858687789522855
322	0.5657691997611568
323	0.5463407851906488
324	0.5275618640844502
325	0.5094114352609214
326	0.4918691479982383
327	0.47491528303682967
328	0.45853073410841166
329	0.44269698993228246
330	0.4273961167150949
331	0.4126107411169863
332	0.3983240336852501
333	0.3845196927341264
334	0.3711819286681087
335	0.3582954487368757
336	0.34584544220556346
337	0.3338175659365012
338	0.3221979303777271
339	0.31097308592904616
340	0.3001300096976545
341	0.2896560926208473
342	0.279539126949341
343	0.2697672940943099
344	0.2603291527960405
345	0.2512136276499606
346	0.24240999795000331
347	0.23390788684950972
348	0.22569725082377667
349	0.21776836945757444
350	0.21011183550600748
351	0.20271854524904867
352	0.19557968912852094
353	0.1886867426521905
354	0.18203145755775219
355	0.17560585325013087
356	0.16940220847243415
357	0.1634130532264604
358	0.15763116094267085
359	0.15204954086365127
360	0.14666143065403858
361	0.14146028924089668
362	0.13643978986326674
363	0.13159381332331846
364	0.12691644142935166
365	0.12240195067088482
366	0.11804480603662548
367	0.11383965504888474
368	0.10978132197127424
369	0.10586480218914739
370	0.10208525675113476
371	0.09843800709252923
372	0.09491852991578525
373	0.09152245220830617
374	0.08824554643768813
375	0.08508372587508048
376	0.08203304006997852
377	0.07908967047416954
378	0.07624992616620313
379	0.07351023974528181
380	0.07086716334018973
381	0.06831736472249268
382	0.06585762357062838
383	0.0634848278295766
384	0.06119597018268011
385	0.05898814465232076
386	0.056858543290082074
387	0.05480445296328351
388	0.05282325227485383
389	0.050912408540941125
390	0.0490694748853343
391	0.04729208743113999
392	0.04557796255844905
393	0.04392489426636949
394	0.04233075161937561
395	0.04079347626138454
396	0.039311080018783286
397	0.037881642575678644
398	0.036503309229202946
399	0.03517428871551908
400	0.03389285108740279
401	0.032657325691186
402	0.03146609917985192
403	0.030317613608010753
404	0.029210364583633023
405	0.028142899468443887
406	0.027113815661301253
407	0.026121758906246628
408	0.025165421680658818
409	0.02424354162239833
410	0.02335490000684725
411	0.022498320284839193
412	0.021672666665242677
413	0.02087684272378472
414	0.020109790082083686
415	0.019370487130775063
416	0.018657947772251427
417	0.017971220219151915
418	0.017309385833949798
419	0.016671557998737395
420	0.016056881027837953
421	0.015464529122156269
422	0.014893705342387173
423	0.014343640625467176
424	0.0138135928331959
425	0.01330284583571338
426	0.012810708622587456
427	0.012336514430192494
428	0.011879619925739384
429	0.011439404396923567
430	0.011015268973539535
431	0.010606635871655754
432	0.010212947686874406
433	0.009833666663213841
434	0.009468274044053714
435	0.009116269395586725
436	0.008777169983265639
437	0.008450510159635157
438	0.008135840769923979
439	0.007832728581819397
440	0.007540755725690953
441	0.007259519179932958
442	0.006988630241236571
443	0.00672771402040255
444	0.006476408970158073
445	0.006234366431175175
446	0.006001250160002346
447	0.005776735914231954
448	0.005560511018068778
449	0.005352273973554187
450	0.00515173405260227
451	0.004958610935222758
452	0.00477263433303675
453	0.004593543647232003
454	0.0044210876162414925
455	0.0042550239983039344
456	0.004095119248199631
457	0.00394114821493485
458	0.0037928938421075754
459	0.003650146881358968
460	0.003512705621146604
461	0.0033803756207172716
462	0.0032529694514604793
463	0.0031303064416408643
464	0.0030122124514748902
465	0.0028985196312368592
466	0.002789066197556776
467	0.0026836962239425795
468	0.002582259429088623
469	0.0024846109796206176
470	0.002390611290807672
471	0.0023001258419134405
472	0.0022130249959247932
473	0.0021291838278975047
474	0.0020484819536858833
475	0.0019708033674447345
476	0.0018960362900822733
477	0.0018240730078946596
478	0.0017548097368816423
479	0.001688146481563251
480	0.00162398688412813
481	0.0015622381225023421
482	0.0015028107508086406
483	0.001445618603517814
484	0.0013905786671687646
485	0.0013376109636013694
486	0.0012866384447859569
487	0.001237586890927637
488	0.0011903847992765667
489	0.001144963297282504
490	0.001101256036030919
491	0.0010591991081210365
492	0.0010187309542952676
493	0.0009797922819848176
494	0.000942325978968537
495	0.0009062770390288854
496	0.0008715924785584263
497	0.0008382212736759719
498	0.0008061142841312498
499	0.0007752241724260471
500	0.0007455053668109476
501	0.0007169139646146052
502	0.0006894076964183587
503	0.0006629458559622056
504	0.0006374892359531185
505	0.0006130000973763897
506	0.0005894420812085548
507	0.0005667801939492122
508	0.0005449807313245609
509	0.0005240112398202976
510	0.0005038404779188578
511	0.0004844383600432966
512	0.0004657759214490212
513	0.0004478252786024193
514	0.00043055957865834884
515	0.0004139529763395648
516	0.00039798058292379136
517	0.00038261844479961515
518	0.00036784350052310963
519	0.0003536335461775748
520	0.00033996720906422946
521	0.0003268239126835229
522	0.00031418386073543345
523	0.00030202798041802873
524	0.00029033792743452625
525	0.0002790960375091465
526	0.0002682853119007246
527	0.0002578893835632106
528	0.00024789250453401634
529	0.00023827951610953834
530	0.00022903582958289095
531	0.000220147402593722
532	0.00021160072178493517
533	0.00020338278322070167
534	0.000195481068425648
535	0.00018788353531105258
536	0.00018057858761068993
537	0.00017355507420151376
538	0.00016680226265773608
539	0.00016030982128752437
540	0.0001540678096669982
541	0.00014806666696849568
542	0.00014229718950887585
543	0.00013675051894746968
544	0.00013141813685962398
545	0.00012629184425025188
546	0.00012136375602069709
547	0.0001166262803763075
548	0.00011207211748626367
549	0.00010769424094242702
550	0.0001034858920437369
551	0.00009944056975150038
552	0.00009555201631450264
553	0.00009181421787748847
554	0.00008822138145204947
555	0.00008476793760425888
556	0.00008144853238378155
557	0.00007825800849136756
558	0.00007519140788083693
559	0.00007224396360450436
560	0.0000694110894867962
561	0.00006668836977392244
562	0.00006407156378746016
563	0.00006155658479817725
564	0.000059139511078553505
565	0.000056816562591243956
566	0.00005458410556544852
567	0.000052438652762615535
568	0.00005037683796905787
569	0.00004839542911017751
570	0.000046491324177337446
571	0.000044661529972824826
572	0.000042903170889752204
573	0.00004121348480130031
574	0.000039589812501898854
575	0.00003802959786740694
576	0.000036530381568037296
577	0.00003508980120794933
578	0.00003370558073044906
579	0.00003237553483031681
580	0.00003109756263237932
581	0.000029869641364751647
582	0.00002868982860202449
583	0.00002755625378140755
584	0.00002646712257521277
585	0.000025420706252902664
586	0.000024415343898708358
587	0.000023449438193990166
588	0.000022521451196581826
589	0.00002162990868235173
590	0.000020773391630882992
591	0.000019950536275525188
592	0.00001916002986758712
593	0.000018400606439844224
594	0.00001767105968192673
595	0.000016970223715776815
596	0.000016296975271387813
597	0.000015650235855121577
598	0.000015028973910349322
599	0.00001443218987820925
600	0.000013858931179482551
601	0.00001330827513872086
602	0.000012779337548727955
603	0.000012271272680868236
604	0.000011783256222109477
605	0.000011314508765198326
606	0.000010864274474496367
607	0.00001043182749867256
608	0.000010016467713495213
609	9.617529252394764e-6
610	9.234367720047691e-6
611	8.866360202009056e-6
612	8.512918042693002e-6
613	8.173463424286417e-6
614	7.847450657010983e-6
615	7.534347025039203e-6
616	7.233651928911828e-6
617	6.944871365762819e-6
618	6.667541313559091e-6
619	6.401206475763323e-6
620	6.145439396377234e-6
621	5.899819220374709e-6
622	5.6639507950931675e-6
623	5.437443447497336e-6
624	5.21993642916887e-6
625	5.011069225754094e-6
626	4.810502752664561e-6
627	4.617908751004467e-6
628	4.432976132698156e-6
629	4.255396162016552e-6
630	4.084883607023471e-6
631	3.921157692240353e-6
632	3.763950553849782e-6
633	3.6130030063061966e-6
634	3.468068758906824e-6
635	3.3289122930600733e-6
636	3.19530042066594e-6
637	3.067017041438814e-6
638	2.943848374999008e-6
639	2.825595597637958e-6
640	2.7120621957464427e-6
641	2.603060280546664e-6
642	2.498410578359027e-6
643	2.39794031949353e-6
644	2.3014853319258635e-6
645	2.2088837341345247e-6
646	2.1199864255921665e-6
647	2.034642389193994e-6
648	1.9527133708552695e-6
649	1.8740591965122116e-6
650	1.7985566205346186e-6
651	1.7260762796446964e-6
652	1.656497350418068e-6
653	1.589703354377814e-6
654	1.525590504852913e-6
655	1.4640426355525163e-6
656	1.4049646123424741e-6
657	1.3482572658692184e-6
658	1.2938215755046468e-6
659	1.241571165936866e-6
660	1.1914177105511123e-6
661	1.1432771804947229e-6
662	1.0970719146669085e-6
663	1.0527202211871662e-6
664	1.010152998078986e-6
665	9.692950311781148e-7
666	9.300795272410089e-7
667	8.924418768735738e-7
668	8.563175812635955e-7
669	8.216463930900484e-7
670	7.88370238877663e-7
671	7.5643528126971e-7
672	7.257857143864665e-7
673	6.963679000455235e-7
674	6.681386107903628e-7
675	6.41046453823546e-7
676	6.15044255511349e-7
677	5.900931646445297e-7
678	5.661482334687594e-7
679	5.431666599610156e-7
680	5.211139421649175e-7
681	4.999515408644683e-7
682	4.796450968839676e-7
683	4.601562233647887e-7
684	4.414548055437001e-7
685	4.2351078973665324e-7
686	4.0629009659404543e-7
687	3.8976689347426903e-7
688	3.7391131895497444e-7
689	3.586976576113309e-7
690	3.4409821205295543e-7
691	3.300894211086327e-7
692	3.1664981057339177e-7
693	3.037538868393721e-7
694	2.9137824868694844e-7
695	2.7950361043074484e-7
696	2.6811275849386323e-7
697	2.571824372587883e-7
698	2.4669552501239175e-7
699	2.366349400001181e-7
700	2.269795976284631e-7
701	2.1771856886133247e-7
702	2.0883085472848674e-7
703	2.0030559673081887e-7
704	1.9212591477464084e-7
705	1.8427900015930636e-7
706	1.7675006418710033e-7
707	1.6952636729127019e-7
708	1.6259721109077012e-7
709	1.5595192377715803e-7
710	1.4957384621033798e-7
711	1.434563829994503e-7
712	1.3758694899147027e-7
713	1.3195699368178952e-7
714	1.2655599076892296e-7
715	1.2137543939082724e-7
716	1.1640486726110612e-7
717	1.1163781720383883e-7
718	1.0706386720105246e-7
719	1.0267660390934584e-7
720	9.846963098422193e-8
721	9.44325990997527e-8
722	9.055915775660053e-8
723	8.684693727380118e-8
724	8.32816937579927e-8
725	7.986505333688446e-8
726	7.658875171905504e-8
727	7.344455099961832e-8
728	7.04281842263539e-8
729	6.75353963834062e-8
730	6.476194456947881e-8
731	6.209966532654104e-8
732	5.954828100590273e-8
733	5.710162355330805e-8
734	5.475354543093559e-8
735	5.2501837322567385e-8
736	5.0342338589576645e-8
737	4.8272856789655635e-8
738	4.628534651863703e-8
739	4.437959540462368e-8
740	4.2553440246484224e-8
741	4.080082993990348e-8
742	3.912157036464935e-8
743	3.750769373808258e-8
744	3.5962908620355515e-8
745	3.4481211078924155e-8
746	3.306049376345573e-8
747	3.1696721034608016e-8
748	3.038973800077784e-8
749	2.9137457611733946e-8
750	2.7933941989657025e-8
751	2.6782910755098006e-8
752	2.567651740295569e-8
753	2.4616560828829068e-8
754	2.3600989407440623e-8
755	2.2623921649296123e-8
756	2.1690999087605744e-8
757	2.0794436490924997e-8
758	1.9934130475776954e-8
759	1.91099769004152e-8
760	1.8321870872304663e-8
761	1.75620826693338e-8
762	1.6838146928436753e-8
763	1.614044769897964e-8
764	1.5472708460336035e-8
765	1.4831044995791067e-8
766	1.4219171142305368e-8
767	1.3629423619743241e-8
768	1.3065519506496711e-8
769	1.2523602463674406e-8
770	1.2005493251604115e-8
771	1.15073497323464e-8
772	1.1030993972845136e-8
773	1.057447844734075e-8
774	1.0133985902970868e-8
775	9.715095560065936e-9
776	9.312117966619805e-9
777	8.926875553984572e-9
778	8.555573857175674e-9
779	8.200036913104593e-9
780	7.860214799045405e-9
781	7.53233211242543e-9
782	7.221932827054216e-9
783	6.919668841292044e-9
784	6.632939545655137e-9
785	6.3579863929946185e-9
786	6.092919962690644e-9
787	5.83955791484116e-9
788	5.596014944912533e-9
789	5.3641038161842355e-9
790	5.140101039413892e-9
791	4.927661353871221e-9
792	4.723070019406428e-9
793	4.526301363659905e-9
794	4.337329578789145e-9
795	4.156128723015772e-9
796	3.9826727221672765e-9
797	3.816935371213386e-9
798	3.658890335797108e-9
799	3.506689496878899e-9
800	3.3603132292536333e-9
801	3.21974181099648e-9
802	3.0849554246045335e-9
803	2.9577465028052625e-9
804	2.8344680114517326e-9
805	2.71510687178112e-9
806	2.60326056599045e-9
807	2.4934928916934187e-9
808	2.3893988303175857e-9
809	2.290957953234604e-9
810	2.194557996987259e-9
811	2.1019860867067866e-9
812	2.015019815099728e-9
813	1.931849700994021e-9
814	1.8506757131274456e-9
815	1.773275271207521e-9
816	1.699634609994849e-9
817	1.6279607167168572e-9
818	1.560023707240487e-9
819	1.4940352754148421e-9
820	1.4317606543637384e-9
821	1.3714162629157768e-9
822	1.3147624375904965e-9
823	1.2600203402562128e-9
824	1.2054207750813034e-9
825	1.1562437632612333e-9
826	1.1071954326318366e-9
827	1.061786147199967e-9
828	1.0164964400708743e-9
829	9.730767468184629e-10
830	9.33267716817411e-10
831	8.935644479584379e-10
832	8.57452775612525e-10
833	8.214375456926848e-10
834	7.855189860638509e-10
835	7.531681427795403e-10
836	7.209045499375262e-10
837	6.921893535109755e-10
838	6.635519090047672e-10
839	6.349923906834553e-10
840	6.08234013174564e-10
841	5.815489367941105e-10
842	5.583734639950915e-10
843	5.352616464429858e-10
844	5.122136191211893e-10
845	4.909401079874184e-10
846	4.69725652993279e-10
847	4.502759654751078e-10
848	4.325836477500124e-10
849	4.132401291468681e-10
850	3.9564917249460643e-10
851	3.798033398017757e-10
852	3.6230910771279895e-10
853	3.4824566121397266e-10
854	3.34221974609206e-10
855	3.202381224109447e-10
856	3.0629417809572274e-10
857	2.9239021410794417e-10
858	2.8020417115200295e-10
859	2.680531764601402e-10
860	2.57610084168179e-10
861	2.471970775506417e-10
862	2.368142084065528e-10
863	2.2646152777394153e-10
864	2.1613908593268197e-10
865	2.0750698831384148e-10
866	1.9890011793555987e-10
867	1.9031851548168236e-10
868	1.8176222101167238e-10
869	1.7488109561976553e-10
870	1.6802022741645105e-10
871	1.6117964762919353e-10
872	1.5435938699144063e-10
873	1.4755947574451329e-10
874	1.4077994363949902e-10
875	1.3402081993914127e-10
876	1.289139556430617e-10
877	1.2382239649118797e-10
878	1.187461639483396e-10
879	1.1368527911681554e-10
880	1.0863976273780893e-10
881	1.0360963519282502e-10
882	1.0021122661173711e-10
883	9.52093440365321e-11
884	9.022290735712579e-11
885	8.686046264545056e-11
886	8.350830516768801e-11
887	8.016644764960196e-11
888	7.683490258194632e-11
889	7.351368222140738e-11
890	7.020279859154484e-11
891	6.690226348373316e-11
892	6.361208845810161e-11
893	6.191997655090807e-11
894	6.023302284016128e-11
895	5.6968767557621053e-11
896	5.371491311020052e-11
897	5.2048703408254925e-11
898	5.038767828254266e-11
899	4.71598482728625e-11
900	4.5511830122670325e-11
901	4.386901411372857e-11
902	4.223140536160771e-11
903	4.059900886982454e-11
904	3.741295634909759e-11
905	3.7349872123875986e-11
906	3.417952648065299e-11
907	3.412164168070446e-11
908	3.251537765419645e-11
909	3.0914353582159923e-11
910	2.931857369680775e-11
911	2.7728042122029185e-11
912	2.7680572454669377e-11
913	2.6097911102225983e-11
914	2.4520508677253673e-11
915	2.4478260161268844e-11
916	2.2908745060042266e-11
917	2.134449870162329e-11
918	2.1307487940810735e-11
919	1.9751144649410533e-11
920	1.82000791245877e-11
921	1.8168321283000592e-11
922	1.813655261215162e-11
923	1.6596042299492744e-11
924	1.50608200032661e-11
925	1.503432056201208e-11
926	1.5007813109505785e-11
927	1.4981297896744633e-11
928	1.3459297656432295e-11
929	1.1942596151909009e-11
930	1.1921366554580191e-11
931	1.1900131544946929e-11
932	1.1878891320164699e-11
933	1.1857646076662797e-11
934	1.0356846508876852e-11
935	1.0338248651141586e-11
936	8.845411640440682e-12
937	8.82946411400152e-12
938	8.813513551982704e-12
939	8.797560098450528e-12
940	8.781603896930765e-12
941	8.765645090409365e-12
942	7.29140318444419e-12
943	7.278100193008143e-12
944	5.811836308406481e-12
945	5.801191103443732e-12
946	5.790544633048981e-12
947	5.779896990395551e-12
948	5.769248268299874e-12
949	5.7585985592218676e-12
950	5.7479479552654335e-12
951	5.7372965481788805e-12
952	5.726644429355359e-12
953	4.286993767375011e-12
954	4.279003815222815e-12
955	4.271013533307804e-12
956	4.263022989112849e-12
957	2.836688166570806e-12
958	2.8313609216612364e-12
959	2.826033635806567e-12
960	2.8207063532911234e-12
961	2.8153791182237626e-12
962	2.810051974538115e-12
963	2.804724965992826e-12
964	2.799398136171795e-12
965	2.794071528484431e-12
966	2.7887451861658888e-12
967	2.783419152277314e-12
968	2.7780934697061135e-12
969	2.7727681811661854e-12
970	2.7674433291981877e-12
971	2.7621189561697683e-12
972	2.7567951042758474e-12
973	2.7514718155388605e-12
974	2.7461491318090134e-12
975	2.7408270947645547e-12
976	1.3677528729560072e-12
977	1.365092563293244e-12
978	1.3624326389759449e-12
979	1.359773120500604e-12
980	1.3571140282783938e-12
981	1.3544553826352927e-12
982	1.351797203812222e-12
983	1.3491395119651764e-12
984	1.3464823271653656e-12
985	1.34382566939934e-12
986	1.3411695585691414e-12
987	1.3385140144924253e-12
988	0.
989	0.
990	0.
991	0.
992	0.
993	0.
994	0.
995	0.
996	0.
997	0.
998	0.
999	0.
1000	0.