1	2888.5929184001316
2	5630.901929967134
3	8230.833128889972
4	10692.321669177763
5	13019.32015617312
6	15215.787970173127
7	17285.68146786466
8	19232.945009885174
9	21061.50276532159
10	22775.25124636046
11	24378.052528606542
12	25873.728114795573
13	27266.05340174516
14	28558.75271241665
15	29755.494856904334
16	30859.889188029385
17	31875.482118996362
18	32805.75407227359
19	33654.1168304875
20	34423.9112616783
21	35118.40539275062
22	35740.79280637472
23	36294.19133794895
24	36781.64205052817
25	37206.10846685763
26	37570.47603882841
27	37877.551835791615
28	38130.06443423808
29	38330.6639923665
30	38481.92249403293
31	38586.33414749449
32	38646.31592523812
33	38664.20823201701
34	38642.27568901015
35	38582.708022771774
36	38487.62104835149
37	38359.05773664352
38	38198.98935666632
39	38009.31668408256
40	37791.87126784704
41	37548.416747417556
42	37280.65021348052
43	36990.203605633615
44	36678.645140931185
45	36347.480767635476
46	35998.15563893145
47	35632.05560175236
48	35250.50869623391
49	34854.786661659564
50	34446.10644509127
51	34025.63170918458
52	33594.47433598079
53	33153.69592374075
54	32704.309274142444
55	32247.279867405607
56	31783.52732313423
57	31313.926844879385
58	30839.31064662463
59	30360.469359583705
60	29878.153417873236
61	29393.074421788056
62	28905.906477558405
63	28417.287512611147
64	27927.82056548884
65	27438.075049705385
66	26948.58799093027
67	26459.865237001846
68	25972.382640366683
69	25486.587212636266
70	25002.898251034847
71	24521.708436591813
72	24043.38490400355
73	23568.270283155754
74	23096.683712359056
75	22628.921823405377
76	22165.259698604215
77	21705.95180000421
78	21251.232871047283
79	20801.31881094164
80	20356.40752207305
81	19916.67973080647
82	19482.299782055874
83	19053.416408026602
84	18630.163471554722
85	18212.660684488517
86	17801.014301571988
87	17395.317790306006
88	16995.65247727466
89	16602.08817143331
90	16214.683764864425
91	15833.487811513227
92	15458.539084419612
93	15089.867111967138
94	14727.492693671227
95	14371.428396029693
96	14021.679028958515
97	13678.242103334056
98	13341.108270160952
99	13010.261741880866
100	12685.680696334279
101	12367.337663881903
102	12055.199898186516
103	11749.229731151208
104	11449.384912502095
105	11155.618934497312
106	10867.881342235936
107	10586.118030033396
108	10310.271524320857
109	10040.281253518173
110	9776.083805321236
111	9517.613171834733
112	9264.800982974117
113	9017.57672854877
114	8775.867969431456
115	8539.60053820811
116	8308.698729692975
117	8083.08548168488
118	7862.6825463306
119	7647.410652451967
120	7437.189659183313
121	7231.9387012576
122	7031.576326268611
123	6836.0206242291115
124	6645.1893497338815
125	6459.000037028908
126	6277.370108278161
127	6100.216975310692
128	5927.4581351225115
129	5759.011259398276
130	5594.794278310307
131	5434.7254588433625
132	5278.72347788586
133	5126.707490320373
134	4978.597192337858
135	4834.312880193011
136	4693.775504610296
137	4556.906721043078
138	4423.628935980732
139	4293.865349492297
140	4167.5399941877595
141	4044.577770771847
142	3924.9044803584684
143	3808.4468537079492
144	3695.132577542592
145	3584.890318090712
146	3477.649742003171
147	3373.3415347807313
148	3271.8974168451487
149	3173.2501573819986
150	3077.333586077495
151	2984.0826028667934
152	2893.43318580675
153	2805.322397180911
154	2719.688387940187
155	2636.4704005787225
156	2555.6087705391083
157	2477.0449262384227
158	2400.721387801353
159	2326.581764583566
160	2254.570751564504
161	2184.634124685492
162	2116.7187352049896
163	2050.7725031400746
164	1986.7444098602325
165	1924.5844898953592
166	1864.2438220181612
167	1805.6745196573852
168	1748.8297206963618
169	1693.6635767073908
170	1640.1312416717465
171	1588.1888602310016
172	1537.7935555137856
173	1488.903416579811
174	1441.4774855208452
175	1395.4757442556888
176	1350.8591010549205
177	1307.5893768290102
178	1265.629291211197
179	1224.9424484652723
180	1185.493323246559
181	1147.2472462424369
182	1110.1703897178277
183	1074.229752988689
184	1039.3931478466377
185	1005.6291839540742
186	972.9072542308368
187	941.197520249553
188	910.4708976571977
189	880.6990416390006
190	851.8543324388492
191	823.909860951301
192	796.8394143965002
193	770.617462091375
194	745.2191413272285
195	720.6202433644818
196	696.7971995534004
197	673.7270675902678
198	651.3875179161738
199	629.75682026589
200	608.8138303737336
201	588.5379768418729
202	568.9092481767696
203	549.9081799984613
204	531.5158424271981
205	513.7138276506766
206	496.48423767597404
207	479.8096722683104
208	463.6732170797463
209	448.05843196933705
210	432.9493395168634
211	418.3304137314056
212	404.1865689554011
213	390.50314896552226
214	377.26591627026386
215	364.461041604782
216	352.07509362258634
217	340.09502878394926
218	328.50818144038936
219	317.30225411446327
220	306.4653079740148
221	295.985753499457
222	285.8523413433035
223	276.05415338006145
224	266.5805939448584
225	257.4213812595319
226	248.56653904394048
227	240.00638831068937
228	231.73153934125523
229	223.73288384138928
230	216.00158727320422
231	208.5290813626223
232	201.30705677856477
233	194.3274559822417
234	187.58246624439917
235	181.06451282681147
236	174.76625232687275
237	168.68056618148648
238	162.8005543285905
239	157.1195290231769
240	151.63100880513574
241	146.32871261658968
242	141.2065540657459
243	136.25863583456027
244	131.47924422817715
245	126.86284386225864
246	122.40407248668248
247	118.09773594246538
248	113.93880324919859
249	109.92240182039875
250	106.04381280435423
251	102.29846654757642
252	98.68193817854889
253	95.18994330895116
254	91.81833384987918
255	88.56309394095904
256	85.42033598908124
257	82.38629681506286
258	79.45733390524032
259	76.62992176622978
260	73.90064837963195
261	71.26621175530973
262	68.72341657989173
263	66.2691709595006
264	63.90048325314829
265	61.614458995660875
266	59.408297907326734
267	57.27929098848484
268	55.22481769676287
269	53.2423432051821
270	51.3294157385695
271	49.48366398716119
272	47.70279459451879
273	45.9845897186267
274	44.32690466378809
275	42.727665581570236
276	41.18486723953734
277	39.6965708551623
278	38.26090199373013
279	36.87604852857035
280	35.54025866167121
281	34.25183900327069
282	33.0091527088669
283	31.81061767193961
284	30.6547047709264
285	29.539936169083933
286	28.464883665845694
287	27.428167097720717
288	26.428452788202055
289	25.464452044616458
290	24.534919701083687
291	23.63865270585427
292	22.774488752238483
293	21.94130495169622
294	21.13801654754518
295	20.363575668862158
296	19.616970122814095
297	18.897222224499632
298	18.203387663465126
299	17.53455440538044
300	16.88984162822872
301	16.268398691857037
302	15.669404139885366
303	15.092064733228474
304	14.53561451391729
305	13.999313898673503
306	13.48244880133645
307	12.984329783035673
308	12.50429122941188
309	12.04169055438699
310	11.59590742895463
311	11.166343035164983
312	10.752419343666448
313	10.353578414743287
314	9.96928172186696
315	9.599009496938608
316	9.242260096918777
317	8.898549390791356
318	8.567410166729777
319	8.248391558205203
320	7.941058489141919
321	7.644991136865461
322	7.359784412975704
323	7.085047460834528
324	6.820403169976609
325	6.565487706183754
326	6.319950057118151
327	6.08345159291889
328	5.855665641561281
329	5.636277077909379
330	5.424981926630965
331	5.221486978212105
332	5.025509417809977
333	4.836776466404694
334	4.655025033959625
335	4.480001384190707
336	4.311460810499802
337	4.149167322792071
338	3.992893344893875
339	3.8424194219910905
340	3.6975339380296295
341	3.5580328425975023
342	3.4237193870151654
343	3.294403869483999
344	3.16990338859611
345	3.0500416054698514
346	2.9346485138518643
347	2.8235602180274046
348	2.7166187181905577
349	2.613671703404683
350	2.5145723513834115
351	2.419179135198795
352	2.3273556366452866
353	2.2389703659455407
354	2.153896587587247
355	2.0720121523284947
356	1.9931993347836434
357	1.917344676666923
358	1.844338835582047
359	1.7740764388299557
360	1.7064559422881023
361	1.6413794943091624
362	1.5787528042959293
363	1.5184850157748462
364	1.460488583769433
365	1.4046791568529304
366	1.3509754627697104
367	1.2992991983970248
368	1.2495749234732063
369	1.201729958014801
370	1.155694283220915
371	1.1114004460333486
372	1.068783467005186
373	1.027780751193106
374	0.9883320024667156
375	0.9503791406199761
376	0.9138662214923151
377	0.8787393600182136
378	0.8449466556121635
379	0.8124381206073067
380	0.7811656110920497
381	0.7510827599822288
382	0.7221449127990432
383	0.6943090654984007
384	0.6675338044950343
385	0.641779249023227
386	0.6170069953645545
387	0.5931800629834063
388	0.5702628429349387
389	0.548221047690507
390	0.5270216629895987
391	0.5066329014724953
392	0.4870241577277756
393	0.46816596513848163
394	0.45002995428184484
395	0.43258881267911636
396	0.4158162460961339
397	0.39968694119078113
398	0.3841765295660981
399	0.36926155310614606
400	0.35491943037194473
401	0.34112842453810865
402	0.3278676121847295
403	0.31511685340495305
404	0.3028567629449722
405	0.29106868227485333
406	0.2797346529282565
407	0.2688373904891081
408	0.25836025978319493
409	0.2482872508330152
410	0.23860295567426126
411	0.22929254613131203
412	0.22034175237036552
413	0.21173684203028126
414	0.2034646003662301
415	0.19551231112546702
416	0.18786773789643044
417	0.18051910628619763
418	0.17345508676560578
419	0.1666647780619076
420	0.16013769121579588
421	0.1538637342809211
422	0.14783319742813208
423	0.1420367386892175
424	0.13646537022019184
425	0.13111044510204672
426	0.12596364459888745
427	0.12101696575492456
428	0.11626270971977053
429	0.111693470291873
430	0.1073021229331997
431	0.10308181415610654
432	0.09902595153354345
433	0.09512819361186722
434	0.09138244075513102
435	0.08778282585091957
436	0.08432370565321923
437	0.08099965235327664
438	0.07780544543577067
439	0.07473606387702778
440	0.07178667854909802
441	0.06895264515572729
442	0.06622949712140226
443	0.06361293881820243
444	0.06109883918610948
445	0.05868322561066446
446	0.056362277713120836
447	0.054132321760293804
448	0.05198982496603127
449	0.04993139029475619
450	0.047953751155687514
451	0.04605376659661403
452	0.04422841642517451
453	0.04247479671320701
454	0.04079011526569598
455	0.039171687470592284
456	0.037616932149736805
457	0.03612336765626546
458	0.0346886080476627
459	0.03331035942825791
460	0.03198641647894684
461	0.030714659079323758
462	0.02949304904059889
463	0.028319626911422827
464	0.027192509098945425
465	0.026109884874150245
466	0.02507001357926767
467	0.024071221998651544
468	0.0231119017435488
469	0.022190506799260844
470	0.02130555108550027
471	0.020455606178015024
472	0.01963929909802298
473	0.01885531020599687
474	0.01810237112550295
475	0.01737926277062258
476	0.016684813494604756
477	0.016017897175587093
478	0.015377431551389407
479	0.014762376527079055
480	0.014171732419320683
481	0.01360453864864329
482	0.013059871947342108
483	0.012536845141999743
484	0.012034605670427186
485	0.011552334216382671
486	0.01108924346109443
487	0.010644576878332295
488	0.010217607464518956
489	0.009807636692953233
490	0.009413993312277415
491	0.009036032368141482
492	0.00867313414103133
493	0.008324703198268614
494	0.007990167416088982
495	0.007668977115094262
496	0.007360604129740104
497	0.007064541061912744
498	0.006780300432375939
499	0.006507413802266872
500	0.006245431272699581
501	0.005993920491497899
502	0.005752466179497883
503	0.005520669377129264
504	0.005298146749020282
505	0.005084530174755549
506	0.004879465867680585
507	0.0046826141140102785
508	0.004493648505212531
509	0.004312255490750278
510	0.004138133933657095
511	0.003970994529575493
512	0.00381055940397988
513	0.0036565616772601247
514	0.0035087449460457125
515	0.00336686299344481
516	0.0032306792762314324
517	0.003099966657549954
518	0.0029745069688653846
519	0.002854090643990206
520	0.002738516424441793
521	0.002627590998171554
522	0.0025211287950620675
523	0.002418951458788863
524	0.0023208878180116924
525	0.0022267734311143426
526	0.002136450406873677
527	0.002049767073347174
528	0.0019665778189276117
529	0.0018867427989060965
530	0.0018101277288328323
531	0.0017366036455992765
532	0.0016660467208725518
533	0.0015983380590365154
534	0.001533363463055442
535	0.0014710133195197218
536	0.0014111823170359337
537	0.0013537694008719991
538	0.0012986775274963136
539	0.0012458134877701267
540	0.0011950877980171117
541	0.001146414575223045
542	0.0010997113303065499
543	0.0010548988458259434
544	0.0010119011041260758
545	0.0009706451005291546
546	0.0009310607732950756
547	0.0008930808190315421
548	0.0008566406572828496
549	0.0008216782642667988
550	0.0007881341061029736
551	0.0007559510398580759
552	0.0007250741828083026
553	0.0006954508966124228
554	0.0006670305929354399
555	0.000639764735264316
556	0.0006136067596528732
557	0.0005885119153914706
558	0.0005644372682916102
559	0.0005413416233337649
560	0.000519185431899156
561	0.0004979306998149159
562	0.000477541008208793
563	0.00045798134234004205
564	0.0004392181612364711
565	0.000421219211828216
566	0.00040395355143825983
567	0.00038739153818982957
568	0.0003715046314511644
569	0.00035626547869954347
570	0.0003416478751673347
571	0.00032762659786959473
572	0.0003141774613167633
573	0.0003012772784111734
574	0.00028890377469804174
575	0.000277035581596316
576	0.0002656521828150139
577	0.0002547339079810676
578	0.00024426184854196305
579	0.00023421788310756456
580	0.0002245846250112811
581	0.00021534537037434163
582	0.0002064841083844059
583	0.0001979854543970064
584	0.00018983467593603246
585	0.00018201761094966703
586	0.00017452067879480108
587	0.0001673308451883662
588	0.00016043558749481918
589	0.00015382292125816377
590	0.00014748133519342966
591	0.00014139978753827627
592	0.00013556767211678116
593	0.00012997478474175526
594	0.00012461141062466516
595	0.00011946818492473834
596	0.00011453610510438349
597	0.00010980654310836218
598	0.00010527125736699093
599	0.00010092228510201847
600	0.00009675204459491737
601	0.00009275321300484985
602	0.00008891878381028755
603	0.00008524206425773865
604	0.0000817165544331967
605	0.00007833610830287725
606	0.00007509478332987035
607	0.00007198688304993795
608	0.00006900692571850556
609	0.00006614970122128227
610	0.00006341018104654122
611	0.0000607835168650459
612	0.000058265126514545576
613	0.00005585053178887319
614	0.00005353550283409274
615	0.00005131592567221074
616	0.00004918793142667739
617	0.00004714772108611188
618	0.00004519172343437043
619	0.000043316449377363
620	0.0000415186204221101
621	0.000039795023717527976
622	0.00003814264016091086
623	0.00003655850015249009
624	0.00003503985400329273
625	0.00003358397119104685
626	0.00003218828203284813
627	0.000030850305561201664
628	0.000029567691139317902
629	0.000028338118743882432
630	0.00002715943935313034
631	0.00002602954715124689
632	0.000024946435225325605
633	0.000023908166770722915
634	0.000022912902396274543
635	0.000021958885354842782
636	0.000021044385296731356
637	0.000020167795102265337
638	0.000019327532958858367
639	0.00001852212499853428
640	0.000017750121684314722
641	0.000017010138885117685
642	0.000016300857302861374
643	0.000015621008215831862
644	0.000014969386703757337
645	0.00001434481019359603
646	0.000013746186307877471
647	0.000013172417014567782
648	0.000012622493560778916
649	0.000012095401019124812
650	0.000011590239797961306
651	0.000011106076470366377
652	0.000010642038199586597
653	0.00001019728536652446
654	9.771064775535618e-6
655	9.362548663008743e-6
656	8.971048608224985e-6
657	8.595854655101129e-6
658	8.23626211015905e-6
659	7.891650933188406e-6
660	7.561392457756447e-6
661	7.2448890564646314e-6
662	6.941587004119391e-6
663	6.650910450459593e-6
664	6.372366435320762e-6
665	6.105426464069191e-6
666	5.84961817853453e-6
667	5.604485767733187e-6
668	5.369576843497174e-6
669	5.144468341832656e-6
670	4.928753315005739e-6
671	4.722053685206517e-6
672	4.523981354853193e-6
673	4.334164024691429e-6
674	4.152296304734297e-6
675	3.978023944560625e-6
676	3.8110209332620805e-6
677	3.6510146785067865e-6
678	3.4976965313690508e-6
679	3.350772898107626e-6
680	3.2100030394765453e-6
681	3.0751227977186863e-6
682	2.945895237456487e-6
683	2.822060109831464e-6
684	2.7034093450983678e-6
685	2.589736462012343e-6
686	2.4808116025446002e-6
687	2.37645652818503e-6
688	2.2764695084273362e-6
689	2.180675189192041e-6
690	2.0888872011985094e-6
691	2.000945327053755e-6
692	1.916702908025963e-6
693	1.835989837286254e-6
694	1.7586496173176972e-6
695	1.6845514553859725e-6
696	1.6135777809691477e-6
697	1.5455753877437013e-6
698	1.4804287571411206e-6
699	1.4180232710931402e-6
700	1.3582210139427056e-6
701	1.3009455400494567e-6
702	1.2460607536528693e-6
703	1.1934917538855561e-6
704	1.1431282376222632e-6
705	1.0948847175548293e-6
706	1.0486644433291232e-6
707	1.0043833523475194e-6
708	9.61969933159771e-7
709	9.21353234754395e-7
710	8.824273829212544e-7
711	8.451463877777641e-7
712	8.094292798117059e-7
713	7.752192464583121e-7
714	7.424482023012951e-7
715	7.11060308563352e-7
716	6.809885052439355e-7
717	6.521895627838622e-7
718	6.245973620588981e-7
719	5.981695053700282e-7
720	5.728639294550447e-7
721	5.486158391626458e-7
722	5.25383997732629e-7
723	5.031504595436224e-7
724	4.818286795175728e-7
725	4.614242798950271e-7
726	4.418857882647774e-7
727	4.231621674501927e-7
728	4.0522550853057667e-7
729	3.8804812430513897e-7
730	3.7160254879683984e-7
731	3.558390010312421e-7
732	3.4075309702372565e-7
733	3.263068160330587e-7
734	3.1246246159679756e-7
735	2.9920498610433907e-7
736	2.8650831835944195e-7
737	2.743577148651818e-7
738	2.627052919305612e-7
739	2.5154782342733346e-7
740	2.4087105812024097e-7
741	2.3063884417297408e-7
742	2.2084828836450573e-7
743	2.114526883926504e-7
744	2.0247133090323035e-7
745	1.9386879101158602e-7
746	1.856317127390942e-7
747	1.777359989491354e-7
748	1.701794131557449e-7
749	1.6294892537261742e-7
750	1.5601006837215797e-7
751	1.4938242347074733e-7
752	1.4302104322906952e-7
753	1.3693487357245837e-7
754	1.311114220311763e-7
755	1.2551701431922961e-7
756	1.2018199923243016e-7
757	1.150622706181285e-7
758	1.1015640511987677e-7
759	1.0546298269775571e-7
760	1.0098058664778486e-7
761	9.666583885489821e-8
762	9.255949727692542e-8
763	8.860795277324721e-8
764	8.483101193190966e-8
765	8.120672217812845e-8
766	7.775479406259352e-8
767	7.44327028860651e-8
768	7.126021466642481e-8
769	6.82157403983317e-8
770	6.530868608074432e-8
771	6.251764326718919e-8
772	5.98520473198344e-8
773	5.730085815205873e-8
774	5.484297416693943e-8
775	5.250818877630599e-8
776	5.0265315336500877e-8
777	4.812382350602923e-8
778	4.606289309415234e-8
779	4.4092021792139963e-8
780	4.221059512587589e-8
781	4.039802096948719e-8
782	3.868373105477175e-8
783	3.7017340371419145e-8
784	3.543819879332354e-8
785	3.3925917452955744e-8
786	3.24701721254747e-8
787	3.108042159996465e-8
788	2.9746393029633785e-8
789	2.847749832546461e-8
790	2.7253747528689765e-8
791	2.6094323015414338e-8
792	2.497933463772029e-8
793	2.3908478684617237e-8
794	2.2881452260408954e-8
795	2.1897953287716853e-8
796	2.095768051045269e-8
797	2.00603334967408e-8
798	1.9205612641790262e-8
799	1.8383669212684942e-8
800	1.7594277538387542e-8
801	1.6837212569024417e-8
802	1.6112249877975516e-8
803	1.5428619474880548e-8
804	1.476716661663194e-8
805	1.4127740600183746e-8
806	1.3528955292367625e-8
807	1.2942443073283884e-8
808	1.2386794986118655e-8
809	1.1861790805574625e-8
810	1.1348637070516859e-8
811	1.085652024356881e-8
812	1.039453236058163e-8
813	9.953239469989342e-9
814	9.52330260654413e-9
815	9.113815084490169e-9
816	8.724631062158353e-9
817	8.34648328774552e-9
818	7.98839549802442e-9
819	7.641148035555963e-9
820	7.3137184027579796e-9
821	6.996934393362211e-9
822	6.6997274253421e-9
823	6.4129725999117395e-9
824	6.12763832959742e-9
825	5.87052738493019e-9
826	5.614691539270168e-9
827	5.377906025881132e-9
828	5.142297386211358e-9
829	4.916705860915122e-9
830	4.709879699511176e-9
831	4.5040844123236045e-9
832	4.316865800935363e-9
833	4.130581652754459e-9
834	3.94522975084266e-9
835	3.778219022677187e-9
836	3.612045004331615e-9
837	3.4640258228745722e-9
838	3.316748550291763e-9
839	3.1702114037695555e-9
840	3.0330046794214702e-9
841	2.8964893362707895e-9
842	2.77775759012826e-9
843	2.659623824653279e-9
844	2.5420865842369356e-9
845	2.4336239374676667e-9
846	2.325710102892912e-9
847	2.226778499916253e-9
848	2.1367608106829055e-9
849	2.038808624310692e-9
850	1.949723380645436e-9
851	1.869437210691153e-9
852	1.7812354110688253e-9
853	1.710087556163978e-9
854	1.6393013393165719e-9
855	1.5688758566644314e-9
856	1.4988102034999364e-9
857	1.429103474293443e-9
858	1.367946056467849e-9
859	1.3071019358634639e-9
860	1.2547178369700592e-9
861	1.2026017854177276e-9
862	1.1507531000344892e-9
863	1.0991710991119672e-9
864	1.047855100422261e-9
865	1.0048431665672272e-9
866	9.620525881346783e-10
867	9.194827957441059e-10
868	8.771332196257855e-10
869	8.429557019166395e-10
870	8.089542839678749e-10
871	7.751285094120108e-10
872	7.414779216019465e-10
873	7.080020636216275e-10
874	6.747004782966628e-10
875	6.415727082048427e-10
876	6.164210943492521e-10
877	5.913999391487862e-10
878	5.665088992483456e-10
879	5.417476311277814e-10
880	5.171157911095682e-10
881	4.926130353664384e-10
882	4.759150694359827e-10
883	4.5164845932565036e-10
884	4.275099394896597e-10
885	4.111123573878519e-10
886	3.9480042487939014e-10
887	3.7857391237681375e-10
888	3.624325902182907e-10
889	3.4637622867247604e-10
890	3.304045979433308e-10
891	3.14517468174911e-10
892	2.9871460945611795e-10
893	2.9044304950503267e-10
894	2.8221416223527003e-10
895	2.6662167503792e-10
896	2.511126155123429e-10
897	2.4305196459377907e-10
898	2.3503344959577454e-10
899	2.1973253753462594e-10
900	2.1181828817813683e-10
901	2.039457911285653e-10
902	1.9611493127592022e-10
903	1.8832559350033032e-10
904	1.7335455616729557e-10
905	1.7287102366474366e-10
906	1.580227108426655e-10
907	1.575811605492339e-10
908	1.4999770616962386e-10
909	1.4245508306360657e-10
910	1.3495317610343207e-10
911	1.2749187016878532e-10
912	1.2713405309881374e-10
913	1.1973376350356578e-10
914	1.1237376796824227e-10
915	1.120575481784676e-10
916	1.0475807013492162e-10
917	9.749857929028024e-11
918	9.72234960524971e-11
919	9.002402405013809e-11
920	8.286423253406923e-11
921	8.262982532361731e-11
922	8.239587739043258e-11
923	7.531552290950029e-11
924	6.827446577288527e-11
925	6.808065681016126e-11
926	6.788723020273649e-11
927	6.769418584736689e-11
928	6.075137127342178e-11
929	5.384739476917953e-11
930	5.369387616495292e-11
931	5.3540663002792037e-11
932	5.338775518559765e-11
933	5.323515261342661e-11
934	4.6447498285571235e-11
935	4.631450494148824e-11
936	3.958438149401207e-11
937	3.9470844508205806e-11
938	3.935753604987145e-11
939	3.924445603154512e-11
940	3.9131604363726495e-11
941	3.901898095489279e-11
942	3.242215475959334e-11
943	3.232868211504672e-11
944	2.5788319558009977e-11
945	2.5713845339272934e-11
946	2.563952296820298e-11
947	2.5565352375881705e-11
948	2.549133349210457e-11
949	2.5417466245389357e-11
950	2.5343750562985073e-11
951	2.5270186370880507e-11
952	2.519677359381275e-11
953	1.8842634116456944e-11
954	1.878780148314715e-11
955	1.8733082236205377e-11
956	1.867847631549351e-11
957	1.2415989106644411e-11
958	1.2379736138452717e-11
959	1.2343558597193965e-11
960	1.2307456440382721e-11
961	1.2271429624945578e-11
962	1.2235478107225247e-11
963	1.2199601842984672e-11
964	1.2163800787411032e-11
965	1.2128074895119875e-11
966	1.2092424120159077e-11
967	1.2056848416012848e-11
968	1.2021347735605802e-11
969	1.1985922031306864e-11
970	1.1950571254933255e-11
971	1.1915295357754373e-11
972	1.1880094290495795e-11
973	1.1844968003343113e-11
974	1.1809916445945826e-11
975	1.1774939567421253e-11
976	5.870018658179138e-12
977	5.852604820410626e-12
978	5.8352282441769096e-12
979	5.817888902991302e-12
980	5.800586770110546e-12
981	5.7833218185366634e-12
982	5.766094021018835e-12
983	5.748903350055249e-12
984	5.731749777894964e-12
985	5.714633276539728e-12
986	5.6975538177458525e-12
987	5.680511373025999e-12
988	0.
989	0.
990	0.
991	0.
992	0.
993	0.
994	0.
995	0.
996	0.
997	0.
998	0.
999	0.
1000	0.