1	6436.065217992111
2	6239.518688027247
3	6048.275740867877
4	5862.227775452643
5	5681.266527151759
6	5505.284200554886
7	5334.1735920599085
8	5167.828202809827
9	5006.142342500601
10	4849.011224559137
11	4696.331053168125
12	4547.999102592576
13	4403.913789242049
14	4263.974736882475
15	4128.082835392221
16	3996.1402934384128
17	3868.05068543194
18	3743.7189931023295
19	3623.0516420174113
20	3505.9565333569813
21	3392.343071234633
22	3282.122185847492
23	3175.2063527197743
24	3071.5096082928917
25	2970.9475621020933
26	2873.4374057675814
27	2778.8979190163263
28	2687.249472939842
29	2598.4140306824193
30	2512.315145744243
31	2428.8779580740907
32	2348.029188117036
33	2269.6971289737216
34	2193.811636819282
35	2120.304119721967
36	2049.1075249937503
37	1980.156325197908
38	1913.3865029314788
39	1848.7355344938842
40	1786.1423725465775
41	1725.5474278625275
42	1666.8925502585482
43	1610.1210087979925
44	1555.1774713460727
45	1502.0079835550755
46	1450.5599473520058
47	1400.782098996686
48	1352.624486774
49	1306.0384483799953
50	1260.9765880575485
51	1217.392753533768
52	1175.2420128077006
53	1134.4806308336952
54	1095.0660461425525
55	1056.9568474397001
56	1020.1127502167523
57	984.4945734101891
58	950.0642161383257
59	916.784634545394
60	884.6198187792853
61	853.5347701273453
62	823.4954783326377
63	794.46889911117
64	766.4229318887635
65	739.3263977745884
66	713.1490177867771
67	687.8613913440075
68	663.4349750355676
69	639.8420616810564
70	617.0557596896423
71	595.0499727276176
72	573.7993797018943
73	553.2794150660501
74	533.4662494545685
75	514.3367706500035
76	495.8685648869752
77	478.039898496099
78	460.8296998902012
79	444.21754189451514
80	428.1836244219025
81	412.70875749353837
82	397.77434460496414
83	383.36236643690654
84	369.45536490975763
85	356.0364275802179
86	343.0891723781802
87	330.5977326815483
88	318.5467427263838
89	306.9213233494375
90	295.7070680598388
91	284.89002943647904
92	274.4567058473661
93	264.3940284870477
94	254.68934872798505
95	245.3304257815962
96	236.30541466456214
97	227.6028544658157
98	219.2116569095547
99	211.1210952095021
100	203.32079320955683
101	195.80071480589388
102	188.55115364554382
103	181.5627230964014
104	174.8263464835948
105	168.3332475871203
106	162.07494139562664
107	156.04322511122643
108	150.23016940022075
109	144.62810988462155
110	139.22963886937075
111	134.02759730020438
112	129.01506694708928
113	124.1853628082468
114	119.53202572977416
115	115.04881523594963
116	110.72970256533063
117	106.56886390782907
118	102.56067383797776
119	98.69969893968059
120	94.9806916178
121	91.39858409197089
122	87.94848256814782
123	84.62566158340104
124	81.42555851959195
125	78.34376828160929
126	75.37603813591798
127	72.51826270526334
128	69.76647911541679
129	67.11686228996662
130	64.56572038918623
131	62.10949038912681
132	59.74473379713779
133	57.468132500088856
134	55.276484741673485
135	53.16670122520949
136	51.13580133846014
137	49.1809094970552
138	47.29925160318382
139	45.48815161628656
140	43.74502823255936
141	42.06739167015226
142	40.4528405570285
143	38.89905891849038
144	37.4038132614991
145	35.9649497529306
146	34.580391489022254
147	33.24813585330767
148	31.966251960423254
149	30.732878183211323
150	29.546219760634184
151	28.40454648406799
152	27.306190459601467
153	26.24954394403692
154	25.233057252352467
155	24.25523673442237
156	23.31464281889459
157	22.409888122124766
158	21.53963562017671
159	20.702596881917646
160	19.89753036130792
161	19.123239747026393
162	18.37857236764097
163	17.662417650570617
164	16.973705633126695
165	16.311405523999458
166	15.67452431357415
167	15.062105431522669
168	14.473227450141302
169	13.90700283199927
170	13.362576720428915
171	12.839125771502147
172	12.335857026141028
173	11.852006821055053
174	11.386839737235873
175	10.93964758479682
176	10.509748422953567
177	10.096485613990776
178	9.699226910105274
179	9.317363572031578
180	8.950309518397587
181	8.597500504797079
182	8.25839333157847
183	7.932465079414117
184	7.6192123716806845
185	7.31815066280999
186	7.0288135516783745
187	6.750752119233655
188	6.483534289526228
189	6.226744213344728
190	5.9799816737191245
191	5.742861512499531
192	5.515013077354991
193	5.29607968843953
194	5.085718124089756
195	4.883598124883514
196	4.689401915446868
197	4.5028237433743294
198	4.323569434695316
199	4.15135596531132
200	3.9859110478374076
201	3.826972733333409
202	3.6742890273970863
203	3.5276175201234174
204	3.3867250294388134
205	3.25138725736595
206	3.121388458735112
207	2.9965211219377466
208	2.87658566127374
209	2.7613901205072366
210	2.6507498872196735
211	2.5444874175827947
212	2.4424319711989004
213	2.3444193556285398
214	2.250291680282068
215	2.1598971193295875
216	2.07308968331896
217	1.9897289991850282
218	1.909680098355127
219	1.8328132126597736
220	1.7590035777682855
221	1.6881312438896887
222	1.6200808934591195
223	1.5547416655756185
224	1.4920069869506127
225	1.431774409115558
226	1.3739454516776028
227	1.3184254514012428
228	1.2651234169026881
229	1.2139518887545102
230	1.16482680481817
231	1.1176673705780205
232	1.072395934343462
233	1.0289378671126792
234	0.9872214469154884
235	0.9471777475181065
236	0.9087405312770392
237	0.871846146036951
238	0.8364334258878688
239	0.802443595660327
240	0.7698201790215807
241	0.7385089100284646
242	0.708457648020435
243	0.6796162957320612
244	0.651936720480549
245	0.6253726783615406
246	0.5998797412984752
247	0.5754152268575169
248	0.551938130728195
249	0.5294090617699779
250	0.5077901795207043
251	0.4870451340875491
252	0.4671390083203107
253	0.4480382621927909
254	0.4297106793071558
255	0.4121253154272065
256	0.39525244899389816
257	0.37906353352072925
258	0.36353115182001544
259	0.3486289719674473
260	0.33433170497238984
261	0.3206150640533661
262	0.3074557254985031
263	0.29483129100319616
264	0.28272025147962254
265	0.27110195224297423
266	0.2599565595465195
267	0.2492650284022013
268	0.23900907164550078
269	0.22917113018755736
270	0.21973434443012432
271	0.21068252676704313
272	0.20200013516594992
273	0.19367224776049405
274	0.1856845384338015
275	0.17802325335256355
276	0.17067518839566903
277	0.16362766747475102
278	0.15686852169306842
279	0.15038606930966383
280	0.144169096488969
281	0.13820683879822473
282	0.1324889634229711
283	0.1270055520792762
284	0.12174708459388746
285	0.11670442312269816
286	0.11186879698078829
287	0.10723178808075623
288	0.10278531692462486
289	0.09852162915456421
290	0.09443328262304485
291	0.09051313497886739
292	0.08675433173206196
293	0.08315029478656305
294	0.07969471143558483
295	0.07638152377460289
296	0.0732049185387263
297	0.07015931734116947
298	0.06723936728833345
299	0.0644399319736794
300	0.061756082821958595
301	0.059183090775683025
302	0.056716418311550776
303	0.05435171176658534
304	0.052084793976076314
305	0.049911657198392426
306	0.047828456316252634
307	0.04583150231288832
308	0.04391725600759125
309	0.04208232202931997
310	0.040323443045754484
311	0.038637494204136764
312	0.03702147780753353
313	0.03547251819368103
314	0.03398785681823456
315	0.03256484753948276
316	0.031200952083633618
317	0.029893735698081344
318	0.028640862967490098
319	0.02744009380939076
320	0.02628927961742738
321	0.025186359570404656
322	0.024129357076043037
323	0.023116376371262654
324	0.022145599243131503
325	0.02121528189203519
326	0.02032375191759135
327	0.01946940542639664
328	0.018650704247077165
329	0.01786617327008962
330	0.017114397885807816
331	0.016394021528639318
332	0.01570374331742642
333	0.015042315793048832
334	0.014408542745763909
335	0.013801277129301355
336	0.013219419060912707
337	0.012661913901193807
338	0.012127750408189109
339	0.011615958971279223
340	0.01112560991234342
341	0.010655811857107213
342	0.010205710172716953
343	0.009774485463677299
344	0.00936135213799575
345	0.008965557021870744
346	0.008586378034268316
347	0.008223122915423275
348	0.007875128010368035
349	0.007541757092164513
350	0.007222400241463692
351	0.006916472768568137
352	0.006623414177819832
353	0.006342687175885857
354	0.006073776722241565
355	0.005816189111791575
356	0.005569451101654952
357	0.005333109071239171
358	0.0051067282116113765
359	0.004889891754868671
360	0.004682200234255443
361	0.004483270769746622
362	0.004292736384107906
363	0.004110245348933979
364	0.003935460561076769
365	0.003768058930255149
366	0.0036077308100935465
367	0.003454179440257495
368	0.003307120413869445
369	0.003166281167487645
370	0.0030314004953483843
371	0.0029022280771040278
372	0.0027785240261282936
373	0.002660058463403626
374	0.00254661109909099
375	0.0024379708383933775
376	0.002333935400438885
377	0.0022343109489315637
378	0.0021389117507537563
379	0.002047559834409252
380	0.0019600846669170263
381	0.0018763228510936608
382	0.0017961178239716486
383	0.0017193195751903658
384	0.0016457843773362345
385	0.0015753745204607436
386	0.001507958063627218
387	0.0014434085992595606
388	0.0013816050153806333
389	0.0013224312817335172
390	0.0012657762368529048
391	0.0012115333819011512
392	0.0011596006910877575
393	0.0011098804236052597
394	0.0010622789430786757
395	0.0010167065491541601
396	0.0009730773125298429
397	0.0009313089182297374
398	0.0008913225132896189
399	0.0008530425610983332
400	0.0008163967079587606
401	0.0007813156443514492
402	0.0007477329818369521
403	0.0007155851288703476
404	0.0006848111733301553
405	0.0006553527736099685
406	0.0006271540458121039
407	0.0006001614660201024
408	0.0005743237681066873
409	0.0005495918502441564
410	0.0005259186856736576
411	0.0005032592334135228
412	0.00048157035368367096
413	0.00046081073341030566
414	0.00044094080667622367
415	0.0004219226782302907
416	0.00040372005741482744
417	0.0003862981901060383
418	0.0003696237929722447
419	0.00035366499303699563
420	0.00033839126795413474
421	0.000323773386909054
422	0.000309783358977112
423	0.00029639438066805167
424	0.0002835807857863367
425	0.00027131799634732537
426	0.00025958247643621053
427	0.0002483516921158691
428	0.00023760406440925694
429	0.00022731893096403571
430	0.00021747650777811708
431	0.00020805785357274465
432	0.0001990448283751368
433	0.00019042006851164973
434	0.0001821669451039199
435	0.0001742695392846266
436	0.00016671260927229956
437	0.00015948156173765173
438	0.00015256242522267353
439	0.00014594182343278945
440	0.00013960695226032015
441	0.00013354555001319086
442	0.0001277458785162992
443	0.0001221967027255671
444	0.00011688726682531664
445	0.00011180727073392506
446	0.0001069468573458773
447	0.00010229658834090438
448	0.00009784743077929405
449	0.00009359073536817413
450	0.00008951822496580639
451	0.0000856219743365116
452	0.00008189439848971026
453	0.00007832823538379931
454	0.00007491653558368542
455	0.00007165264592218
456	0.00006853019856102187
457	0.00006554309775550092
458	0.00006268550933230815
459	0.000059951849833851
460	0.000057336774620548526
461	0.00005483516763322168
462	0.00005244213208328873
463	0.000050152983044442605
464	0.000047963234501387914
465	0.00004586859368816331
466	0.000043864952989387964
467	0.000041948380450819325
468	0.00004011511324919908
469	0.000038361549542761754
470	0.00003668424303973683
471	0.00003507989574386077
472	0.000033545351558714396
473	0.000032077589554550074
474	0.00003067371899705736
475	0.00002933097385106989
476	0.00002804670615126063
477	0.000026818383582504704
478	0.000025643581969298627
479	0.000024519980753177215
480	0.000023445362400668204
481	0.000022417600670865785
482	0.000021434665017993674
483	0.000020494610002445753
484	0.000019595574267375367
485	0.00001873577776741597
486	0.000017913517233720595
487	0.000017127161956838366
488	0.00001637515296559324
489	0.000015655997157958132
490	0.000014968267342055499
491	0.000014310597157987354
492	0.00001368167971483657
493	0.000013080264170300825
494	0.000012505154359612535
495	0.000011955205306671588
496	0.000011429322722148926
497	0.000010926458282262962
498	0.000010445608847179053
499	9.985817485405963e-6
500	9.54616466427427e-6
501	9.125774366719735e-6
502	8.723806286089483e-6
503	8.339456803233605e-6
504	7.971959090679335e-6
505	7.620575900184789e-6
506	7.284606400823868e-6
507	6.96337622451668e-6
508	6.656242464466546e-6
509	6.362590293212695e-6
510	6.081830139865155e-6
511	5.813399283473679e-6
512	5.55675902828993e-6
513	5.311393335596859e-6
514	5.076810307313939e-6
515	4.852537807191123e-6
516	4.638125767714979e-6
517	4.433142150202072e-6
518	4.237174088190977e-6
519	4.049827455103145e-6
520	3.870724878659577e-6
521	3.69950598848929e-6
522	3.535823739223131e-6
523	3.3793499727882565e-6
524	3.2297676395800173e-6
525	3.086775043432204e-6
526	2.9500828535392443e-6
527	2.819415569330023e-6
528	2.6945085931549337e-6
529	2.575109249804536e-6
530	2.460975717501154e-6
531	2.3518770960594298e-6
532	2.2475923103326486e-6
533	2.1479096767832473e-6
534	2.0526275612240664e-6
535	1.9615520542783845e-6
536	1.8744993351379967e-6
537	1.7912919040476799e-6
538	1.711760377575488e-6
539	1.6357436229312652e-6
540	1.5630872645772761e-6
541	1.4936427961293851e-6
542	1.4272690320851086e-6
543	1.363831469487669e-6
544	1.3032004752515868e-6
545	1.2452526621939697e-6
546	1.1898693193164509e-6
547	1.1369379957003668e-6
548	1.0863502873246693e-6
549	1.0380031894350858e-6
550	9.917979545783178e-7
551	9.476399127197301e-7
552	9.054392269632609e-7
553	8.651087608132444e-7
554	8.265666936593472e-7
555	7.897341277417858e-7
556	7.545349045973748e-7
557	7.208975746200396e-7
558	6.887532446536377e-7
559	6.580355996656591e-7
560	6.286813962050192e-7
561	6.006310033343166e-7
562	5.738261261442797e-7
563	5.482125184572944e-7
564	5.237366010935985e-7
565	5.003486713283763e-7
566	4.780008524165706e-7
567	4.5664593471689515e-7
568	4.3624108531253754e-7
569	4.1674434429517933e-7
570	3.981144130224062e-7
571	3.8031365069504935e-7
572	3.6330552249747007e-7
573	3.470544945812457e-7
574	3.315271389489799e-7
575	3.1669129634048904e-7
576	3.025164534689328e-7
577	2.8897297993669745e-7
578	2.76033338355272e-7
579	2.636706048641438e-7
580	2.5185896211125394e-7
581	2.405742061272442e-7
582	2.2979274550016398e-7
583	2.1949253833117578e-7
584	2.096517669138743e-7
585	2.002501931772106e-7
586	1.912682575603686e-7
587	1.8268733592365375e-7
588	1.7449000900065322e-7
589	1.6665886245557298e-7
590	1.5917754346221408e-7
591	1.5203034002808746e-7
592	1.4520251716683312e-7
593	1.3868066018424066e-7
594	1.3245011808013784e-7
595	1.2649794669365862e-7
596	1.208121931679783e-7
597	1.1538120880609208e-7
598	1.1019298939373016e-7
599	1.052373932426287e-7
600	1.0050334903378391e-7
601	9.598144291469204e-8
602	9.166222869350495e-8
603	8.753599005077703e-8
604	8.359531431588887e-8
605	7.983099893887644e-8
606	7.623534562060188e-8
607	7.280089439711634e-8
608	6.952091559677125e-8
609	6.638784053183169e-8
610	6.339515111715105e-8
611	6.053719117995486e-8
612	5.7806955271318555e-8
613	5.519967354922343e-8
614	5.2709258334413076e-8
615	5.033120236057348e-8
616	4.8059410329949984e-8
617	4.5890087441580914e-8
618	4.381792983892883e-8
619	4.1839331702768345e-8
620	3.994928323309267e-8
621	3.814455959041356e-8
622	3.6420650041445494e-8
623	3.477492771520141e-8
624	3.320263940437526e-8
625	3.170136185270449e-8
626	3.0267662662749284e-8
627	2.889863278698895e-8
628	2.7590842080966345e-8
629	2.6342489699162805e-8
630	2.515014407197988e-8
631	2.4011532348619508e-8
632	2.2924198505889105e-8
633	2.1886065753247754e-8
634	2.0894746629611843e-8
635	1.994779933895027e-8
636	1.9043903528439127e-8
637	1.8180637872717755e-8
638	1.735658752912377e-8
639	1.6569450140841243e-8
640	1.5817823127231105e-8
641	1.510023547338299e-8
642	1.4415105716595754e-8
643	1.3761001720674844e-8
644	1.3136300109955602e-8
645	1.2540041864282343e-8
646	1.1970405648183414e-8
647	1.1426749457464484e-8
648	1.0907502867387307e-8
649	1.0412195868897043e-8
650	9.93879171883526e-9
651	9.4868716339724e-9
652	9.05555726377687e-9
653	8.64406704864396e-9
654	8.250546326777527e-9
655	7.87547786112874e-9
656	7.517078689398751e-9
657	7.174708939684725e-9
658	6.848264892649769e-9
659	6.536469604266487e-9
660	6.238826822345763e-9
661	5.954754135728933e-9
662	5.683290804241016e-9
663	5.42446287272987e-9
664	5.177056392300743e-9
665	4.941080567504156e-9
666	4.715827374742293e-9
667	4.500682937069781e-9
668	4.295380781347249e-9
669	4.099445557651653e-9
670	3.9124515877658546e-9
671	3.733744241541096e-9
672	3.563226476612628e-9
673	3.4008093412867443e-9
674	3.245352908393423e-9
675	3.0970273697749234e-9
676	2.955716270841643e-9
677	2.8204961233376465e-9
678	2.69144782991358e-9
679	2.5686008201527893e-9
680	2.451160232968831e-9
681	2.339042078190906e-9
682	2.2318382567326346e-9
683	2.1298242016861437e-9
684	2.03243234999676e-9
685	1.9392629130439474e-9
686	1.8505711920621074e-9
687	1.7657624120353758e-9
688	1.6848830092312914e-9
689	1.607620008874892e-9
690	1.5340363046153323e-9
691	1.463828140698166e-9
692	1.396570518895351e-9
693	1.3324381111121845e-9
694	1.2714681044137307e-9
695	1.2133203505473882e-9
696	1.1575195277291112e-9
697	1.104400771812153e-9
698	1.0536747902407004e-9
699	1.005141744910023e-9
700	9.59152705180477e-10
701	9.149678189343656e-10
702	8.730905216871193e-10
703	8.329345063350523e-10
704	7.94678839838839e-10
705	7.581074732655435e-10
706	7.232968419373953e-10
707	6.90154763165275e-10
708	6.5842196304077e-10
709	6.278976507500439e-10
710	5.991047882680188e-10
711	5.714964846931061e-10
712	5.452453452462181e-10
713	5.201260302642702e-10
714	4.961790342095544e-10
715	4.732673235541169e-10
716	4.5151234408594224e-10
717	4.30639244687623e-10
718	4.1084355336925583e-10
719	3.919239110669936e-10
720	3.7371541446677764e-10
721	3.565109672281446e-10
722	3.4020640214145573e-10
723	3.243085686429401e-10
724	3.0961335768067423e-10
725	2.95265698738965e-10
726	2.814854210354657e-10
727	2.6851206331980704e-10
728	2.561937696063551e-10
729	2.444033013456812e-10
730	2.330366305315996e-10
731	2.2241538626211436e-10
732	2.1207033966707447e-10
733	2.021592615695981e-10
734	1.9285427716559237e-10
735	1.839446840017939e-10
736	1.754367431518487e-10
737	1.6715559145956887e-10
738	1.5952980022258066e-10
739	1.5221648623832337e-10
740	1.4508587816378212e-10
741	1.3840809618835386e-10
742	1.318857832752104e-10
743	1.260008900067617e-10
744	1.2009955051457879e-10
745	1.1449437573680322e-10
746	1.0912651317147924e-10
747	1.0413466687227896e-10
748	9.929222035393497e-11
749	9.457072976855628e-11
750	9.031882732449959e-11
751	8.597051756182524e-11
752	8.207208065535159e-11
753	7.825961074309245e-11
754	7.45442420345521e-11
755	7.130267503708845e-11
756	6.783855395766475e-11
757	6.471979774587025e-11
758	6.180135569776462e-11
759	5.894659269488358e-11
760	5.602690431889638e-11
761	5.361829383987022e-11
762	5.0903183068552705e-11
763	4.8637394519840196e-11
764	4.636468167229485e-11
765	4.4325175111875134e-11
766	4.2078645020580006e-11
767	4.021177857686817e-11
768	3.8294068860818714e-11
769	3.657648217042305e-11
770	3.4808863757690155e-11
771	3.3246192025007176e-11
772	3.164701279700477e-11
773	3.0105566263456805e-11
774	2.888006565003175e-11
775	2.741483665168209e-11
776	2.6136630940610406e-11
777	2.482356249223594e-11
778	2.3739895151776754e-11
779	2.2669872336283407e-11
780	2.1562396694720738e-11
781	2.068404579374108e-11
782	1.9515439122775605e-11
783	1.879509736295977e-11
784	1.785433478403399e-11
785	1.6964273706081096e-11
786	1.6238795973558558e-11
787	1.5486060690779654e-11
788	1.4822962602000424e-11
789	1.4063674086661345e-11
790	1.3477743783286909e-11
791	1.2733318510279201e-11
792	1.2100614078236813e-11
793	1.154997022161803e-11
794	1.1053448368773774e-11
795	1.0584752074884873e-11
796	1.0119150983455888e-11
797	9.633408161378633e-12
798	9.105710659088641e-12
799	8.658637928885496e-12
800	8.270733978580726e-12
801	7.921793364470688e-12
802	7.592803247912898e-12
803	7.125896199619433e-12
804	6.7850183109380305e-12
805	6.552150955934397e-12
806	6.13479958248983e-12
807	5.932357156539778e-12
808	5.654928498991085e-12
809	5.2904458940356e-12
810	5.097203467131904e-12
811	4.926275095905294e-12
812	4.632431176661785e-12
813	4.339236250766312e-12
814	4.1680201013756404e-12
815	3.975610915581564e-12
816	3.7527684602535284e-12
817	3.620538990890158e-12
818	3.4397181359395633e-12
819	3.331037331564302e-12
820	3.157790259787713e-12
821	3.0403021885370437e-12
822	2.844256206489239e-12
823	2.6894889621873297e-12
824	2.6934645798449034e-12
825	2.475081581338491e-12
826	2.40211190413806e-12
827	2.221057608473549e-12
828	2.1722151671101028e-12
829	2.126849050458014e-12
830	1.959298506003477e-12
831	1.906728468622563e-12
832	1.7241538122648736e-12
833	1.646603464751543e-12
834	1.6681716891518132e-12
835	1.5487497765376166e-12
836	1.5201108691718546e-12
837	1.3453028138538165e-12
838	1.253889720659016e-12
839	1.2411866347595867e-12
840	1.1887939423678388e-12
841	1.2076913495227073e-12
842	1.0685536054969956e-12
843	9.95350634278903e-13
844	9.84368674110998e-13
845	9.213751454244227e-13
846	9.149665715211053e-13
847	8.525033551554778e-13
848	7.328154980110305e-13
849	7.711529066191657e-13
850	7.477838420047598e-13
851	6.61919351268306e-13
852	7.254071140176743e-13
853	6.170145952840156e-13
854	5.481827360102535e-13
855	5.166846671908843e-13
856	5.203974887693501e-13
857	5.572975581843286e-13
858	5.228884788920176e-13
859	5.191136110220782e-13
860	4.4285758728635573e-13
861	3.9500323345127905e-13
862	3.739446035746542e-13
863	3.7815091796508964e-13
864	4.0616315022447655e-13
865	3.582205861980335e-13
866	3.325475528677293e-13
867	3.278738823152842e-13
868	3.4298900121187883e-13
869	2.8071279805037253e-13
870	2.3713186141256323e-13
871	2.1119126677365017e-13
872	2.0188557939551833e-13
873	2.0825660163071894e-13
874	2.2939122198304955e-13
875	2.64419361349999e-13
876	2.2049272382578442e-13
877	1.899662426297867e-13
878	1.720802815451807e-13
879	1.6611093209703322e-13
880	1.713683840344095e-13
881	1.871953695559488e-13
882	1.2428666867373128e-13
883	1.599520627693494e-13
884	2.04393543019885e-13
885	1.7002868566634032e-13
886	1.4446552944356185e-13
887	1.2720604211810236e-13
888	1.177756707265596e-13
889	1.157222680069577e-13
890	1.2061506753477422e-13
891	1.3204370536768074e-13
892	1.4961728609895052e-13
893	9.018629821242265e-14
894	3.7218321535568186e-14
895	7.210326180330069e-14
896	1.117423967624801e-13
897	7.512849594962797e-14
898	4.3697750757055643e-14
899	9.684272257231282e-14
900	7.443010505918632e-14
901	5.638960718665869e-14
902	4.2475300433958165e-14
903	3.2452892121925773e-14
904	1.0325533941208157e-13
905	2.3201597985041573e-14
906	9.972131619848813e-14
907	2.697439733466973e-14
908	3.326827858074507e-14
909	4.226437869510861e-14
910	5.379618465704929e-14
911	6.770516818120979e-14
912	1.0600393632718532e-14
913	2.929777700134648e-14
914	4.9938863477276684e-14
915	5.854662938630627e-16
916	2.5202894148764474e-14
917	5.1390175111920565e-14
918	8.639398915223352e-15
919	3.8102141628543925e-14
920	6.881263446353013e-14
921	3.167129051848236e-14
922	-3.4904793503859466e-15
923	3.131937843406177e-14
924	6.70148816629511e-14
925	3.634087303217662e-14
926	7.301827470149794e-15
927	-2.017959884966739e-14
928	1.965174764622353e-14
929	6.000670510386465e-14
930	3.588347489902003e-14
931	1.3047016525831931e-14
932	-8.563638554549192e-15
933	-2.90066212787125e-14
934	1.4853249391606592e-14
935	-3.850484679046957e-15
936	4.07847494558407e-14
937	2.3626907643403806e-14
938	7.38838596763613e-15
939	-7.974485310496885e-15
940	-2.2503339053238064e-14
941	-3.623786558126487e-14
942	1.0573200115970624e-14
943	-2.100399252426539e-15
944	4.4873227816762425e-14
945	3.3131026374009625e-14
946	2.2014859368062264e-14
947	1.1494928695282611e-14
948	1.5428295201168695e-15
949	-7.868514406205505e-15
950	-1.6764912442709922e-14
951	-2.5170965908358058e-14
952	-3.3110124215016706e-14
953	1.4719061556934434e-14
954	7.253674841982532e-15
955	1.931852278675727e-16
956	-6.481766160030468e-15
957	4.096986599166394e-14
958	3.4625303064656996e-14
959	2.86154201236998e-14
960	2.2924237934130846e-14
961	1.7536527425741198e-14
962	1.2437774729383968e-14
963	7.614147832873782e-15
964	3.052464781612936e-15
965	-1.2598366471322384e-15
966	-5.33472786423917e-15
967	-9.183617047738074e-15
968	-1.2817375442620459e-14
969	-1.6246362440454944e-14
970	-1.948044949503016e-14
971	-2.2529042927728393e-14
972	-2.5401105673871454e-14
973	-2.8105178018881316e-14
974	-3.0649397370915205e-14
975	-3.304151711446449e-14
976	1.1458605573499732e-14
977	8.998508485875731e-15
978	6.67120762061366e-15
979	4.470308329073809e-15
980	2.3897180894813986e-15
981	4.236323413381758e-16
982	-1.4334790203272895e-15
983	-3.1868845214302997e-15
984	-4.841603385140195e-15
985	-6.402417235836891e-15
986	-7.873881257231151e-15
987	-9.260334829933077e-15
988	3.2096657534464786e-14
989	3.053921638890072e-14
990	2.905672280509046e-14
991	2.7645598135242823e-14
992	2.630243335414303e-14
993	2.502398107535632e-14
994	2.3807147940698345e-14
995	2.2648987365653175e-14
996	2.1546692624174658e-14
997	2.0497590257113147e-14
998	1.9499133789215085e-14
999	1.8548897740339573e-14
1000	1.764457191720933e-14