1	2.611758697521353e10
2	2.542935852004936e10
3	2.4754283065374886e10
4	2.40923881893174e10
5	2.344368031034672e10
6	2.2808146195498764e10
7	2.2185754389925415e10
8	2.1576456571219482e10
9	2.098018883183526e10
10	2.039687289280018e10
11	1.9826417251792408e10
12	1.926871826854152e10
13	1.8723661190395763e10
14	1.819112112078923e10
15	1.7670963933235077e10
16	1.7163047133367918e10
17	1.6667220671458105e10
18	1.6183327707724022e10
19	1.571120533267455e10
20	1.5250685244623852e10
21	1.4801594386432571e10
22	1.4363755543445578e10
23	1.393698790451461e10
24	1.352110758791537e10
25	1.3115928133892895e10
26	1.2721260965495659e10
27	1.2336915819288174e10
28	1.1962701147464052e10
29	1.159842449281551e10
30	1.1243892837952547e10
31	1.089891293010388e10
32	1.056329158277341e10
33	1.0236835955469498e10
34	9.919353812670177e9
35	9.61065376313541e9
36	9.310545480627174e9
37	9.018839907050303e9
38	8.735349438980413e9
39	8.459888098501108e9
40	8.192271689229665e9
41	7.932317938369823e9
42	7.679846625590522e9
43	7.43467969949209e9
44	7.196641382385042e9
45	6.965558264071871e9
46	6.741259385289157e9
47	6.523576311435234e9
48	6.312343197178316e9
49	6.10739684251046e9
50	5.908576740785088e9
51	5.715725119248665e9
52	5.528686972551586e9
53	5.347310089698847e9
54	5.171445074877474e9
55	5.00094536257524e9
56	4.835667227383843e9
57	4.675469788859103e9
58	4.520215011791069e9
59	4.369767702218464e9
60	4.223995499503726e9
61	4.0827688647680016e9
62	3.945961065969144e9
63	3.8134481598902497e9
64	3.6851089712913294e9
65	3.560825069462793e9
66	3.4404807424057426e9
67	3.3239629688514686e9
68	3.2111613883200336e9
69	3.1019682694065204e9
70	2.9962784764721804e9
71	2.8939894349073086e9
72	2.7950010951226125e9
73	2.6992158954162974e9
74	2.6065387238550262e9
75	2.516876879298322e9
76	2.4301400316877456e9
77	2.346240181714471e9
78	2.2650916199714117e9
79	2.1866108856892066e9
80	2.1107167251485088e9
81	2.0373300498549826e9
82	1.9663738945571725e9
83	1.897773375182026e9
84	1.8314556467572548e9
85	1.7673498613848772e9
86	1.7053871263252592e9
87	1.6455004622466319e9
88	1.5876247616906936e9
89	1.5316967478008323e9
90	1.4776549333557432e9
91	1.4254395801475947e9
92	1.3749926587404184e9
93	1.3262578086413274e9
94	1.279180298914042e9
95	1.233706989261379e9
96	1.189786291600724e9
97	1.1473681321539392e9
98	1.1064039140708497e9
99	1.0668464806031672e9
100	1.0286500788437086e9
101	9.917703240437657e8
102	9.561641645196234e8
103	9.217898471576241e8
104	8.88606883525476e8
105	8.565760165960573e8
106	8.256591880885679e8
107	7.958195064305991e8
108	7.670212153434688e8
109	7.392296630520524e8
110	7.124112721193292e8
111	6.865335099048272e8
112	6.615648596453953e8
113	6.37474792155723e8
114	6.142337381454616e8
115	5.918130611489685e8
116	5.701850310631094e8
117	5.49322798287973e8
118	5.292003684648108e8
119	5.097925778050355e8
120	4.9107506900363404e8
121	4.730242677300349e8
122	4.5561735968900675e8
123	4.388322682439643e8
124	4.2264763259465253e8
125	4.070427865010291e8
126	3.9199773754489464e8
127	3.774931469206244e8
128	3.635103097462395e8
129	3.5003113588585234e8
130	3.3703813127447504e8
131	3.2451437973603064e8
132	3.1244352528537107e8
133	3.008097549050522e8
134	2.895977817875601e8
135	2.78792829033692e8
136	2.6838061379778343e8
137	2.5834733187048855e8
138	2.486796426898309e8
139	2.3936465477131772e8
140	2.3038991154792035e8
141	2.217433776108115e8
142	2.13413425341801e8
143	2.0538882192851186e8
144	1.9765871675339267e8
145	1.9021262914779183e8
146	1.830404365023993e8
147	1.7613236272546214e8
148	1.6947896704029793e8
149	1.6307113311376384e8
150	1.569000585074253e8
151	1.5095724444331196e8
152	1.452344858762817e8
153	1.3972386186512184e8
154	1.3441772623466164e8
155	1.2930869852131985e8
156	1.243896551945974e8
157	1.1965372114722963e8
158	1.1509426144678938e8
159	1.1070487334170707e8
160	1.0647937851479901e8
161	1.0241181557754844e8
162	9.849643279849145e7
163	9.472768105923e7
164	9.110020703173956e7
165	8.760884657072508e7
166	8.424861831497815e7
167	8.101471749177828e7
168	7.790250991855861e7
169	7.490752619612624e7
170	7.202545608794487e7
171	6.925214308004284e7
172	6.6583579116275795e7
173	6.401589950379935e7
174	6.154537798373414e7
175	5.916842196210733e7
176	5.6881567896308444e7
177	5.468147683240626e7
178	5.256493008877921e7
179	5.0528825081647955e7
180	4.857017128820906e7
181	4.668608634316704e7
182	4.487379226459853e7
183	4.313061180515595e7
184	4.145396492478379e7
185	3.984136538113028e7
186	3.829041743405756e7
187	3.67988126606491e7
188	3.536432687727284e7
189	3.398481716534432e7
190	3.2658218997493662e7
191	3.138254346100873e7
192	3.0155874575407375e7
193	2.8976366701196924e7
194	2.784224203687193e7
195	2.6751788201344125e7
196	2.5703355899036605e7
197	2.4695356665007792e7
198	2.3726260687489536e7
199	2.279459470533731e7
200	2.1898939977967672e7
201	2.1037930325400464e7
202	2.021025023612382e7
203	1.9414633040553745e7
204	1.8649859147938542e7
205	1.791475434459674e7
206	1.7208188151487697e7
207	1.6529072239122447e7
208	1.5876358897931023e7
209	1.52490395622205e7
210	1.4646143385948356e7
211	1.4066735868573822e7
212	1.3509917529294252e7
213	1.2974822628059978e7
214	1.2460617931773191e7
215	1.196650152415704e7
216	1.1491701657806499e7
217	1.1035475646996247e7
218	1.0597108799856577e7
219	1.0175913388575744e7
220	9.771227656333411e6
221	9.382414859698698e6
222	9.008862345293228e6
223	8.6499806595277e6
224	8.305202690272345e6
225	7.973982839373494e6
226	7.655796224937569e6
227	7.350137912356216e6
228	7.056522173076056e6
229	6.774481770149383e6
230	6.5035672696217075e6
231	6.243346376883962e6
232	5.993403297079145e6
233	5.753338118744253e6
234	5.522766219882222e6
235	5.301317695640561e6
236	5.088636806877435e6
237	4.884381448843477e6
238	4.688222639296586e6
239	4.499844025347777e6
240	4.318941408374156e6
241	4.145222286367362e6
242	3.978405413089446e6
243	3.81822037343733e6
244	3.664407174455993e6
245	3.5167158514082553e6
246	3.3749060883946065e6
247	3.238746852989017e6
248	3.108016044386413e6
249	2.982500154577885e6
250	2.8619939420904997e6
251	2.7463001178316437e6
252	2.635229042608755e6
253	2.5285984358958397e6
254	2.42623309544168e6
255	2.3279646273378567e6
256	2.2336311861467347e6
257	2.14307722474399e6
258	2.0561532535077587e6
259	1.9727156085304446e6
260	1.892626228502313e6
261	1.8157524399748545e6
262	1.7419667506710854e6
263	1.671146650580257e6
264	1.603174420518464e6
265	1.5379369479077111e6
266	1.4753255494922658e6
267	1.415235800745664e6
268	1.3575673717170695e6
269	1.30222386908621e6
270	1.249112684184567e6
271	1.19814484678325e6
272	1.1492348844117543e6
273	1.1023006870212948e6
274	1.0572633767823814e6
275	1.0140471828280287e6
276	972579.3207714775
277	932789.8768009217
278	894611.6961933178
279	857980.2760831785
280	822833.6623207433
281	789112.3502716626
282	756759.1894113777
283	725719.2915685059
284	695939.9426817866
285	667370.5179412934
286	639962.4001881502
287	613668.9014381623
288	588445.1874307243
289	564248.2050731695
290	541036.6126820912
291	518770.7129063571
292	497412.38824072806
293	476925.03902770666
294	457273.52384595224
295	438424.10221078264
296	420344.3794857416
297	403003.253925355
298	386370.86577333225
299	370418.5483283739
300	355118.78091070865
301	340445.1436538123
302	326372.27405116486
303	312875.8251953351
304	299932.42563678
305	287519.64080772357
306	275615.9359507836
307	264200.64048961975
308	253253.9137890496
309	242756.71225759666
310	232690.75772611005
311	223038.50707216153
312	213783.12302465297
313	204908.4461163132
314	196398.96773446238
315	188239.80422502782
316	180416.67201625244
317	172915.86371489387
318	165724.22514695776
319	158829.13329400832
320	152218.4751037864
321	145880.6271284215
322	139804.43597130812
323	133979.19949687872
324	128394.6487893969
325	123040.9308177868
326	117908.59178638745
327	112988.56114292392
328	108272.13622311415
329	103750.96749588869
330	99417.04439699497
331	95262.68172202347
332	91280.50655985411
333	87463.44574301798
334	83804.71379661835
335	80297.8013660061
336	76936.46410314976
337	73714.71199513758
338	70626.79911864476
339	67667.21379941075
340	64830.669165541265
341	62112.09407634633
342	59506.624412561476
343	57009.59471631385
344	54616.53016008062
345	52323.138840997955
346	50125.30438113714
347	48019.07882346355
348	46000.67581024348
349	44066.464039109065
350	42212.96097696853
351	40436.826827199264
352	38734.8587393568
353	37103.985250221805
354	35541.26094702795
355	34043.86134803919
356	32609.077985514472
357	31234.313687386195
358	29917.078050979853
359	28654.98309555386
360	27445.739090181625
361	26287.15055187711
362	25177.11240434474
363	24113.606290645042
364	23094.69703291234
365	22118.529241553322
366	21183.324052871678
367	20287.376004116984
368	19429.05003369815
369	18606.778602360268
370	17819.05892931384
371	17064.45034315922
372	16341.571739533782
373	15649.099138599662
374	14985.763345970789
375	14350.347705306567
376	13741.685943529485
377	13158.660105243454
378	12600.198565382196
379	12065.274128932237
380	11552.902205939465
381	11062.139057638826
382	10592.080118942175
383	10141.858385900892
384	9710.642868716803
385	9297.637110816899
386	8902.077765650154
387	8523.233230453232
388	8160.402340875276
389	7812.913112828164
390	7480.121539135204
391	7161.410436208871
392	6856.188334436897
393	6563.888416659673
394	6283.967500185158
395	6015.905058501372
396	5759.202284555683
397	5513.381191819338
398	5277.9837530742325
399	5052.571074365014
400	4836.722600271734
401	4630.035356318695
402	4432.123218375793
403	4242.616214652994
404	4061.1598557279513
405	3887.414490611098
406	3721.054692756737
407	3561.768667077707
408	3409.257684868673
409	3263.235540178611
410	3123.428028440907
411	2989.5724481249163
412	2861.417122522372
413	2738.720938627563
414	2621.2529083425557
415	2508.7917478829627
416	2401.125471664292
417	2298.051004875907
418	2199.3738122734217
419	2104.907541305328
420	2014.473680725912
421	1927.9012340680488
422	1845.0264046705183
423	1765.6922949290304
424	1689.7486179604616
425	1617.0514216233717
426	1547.4628236323035
427	1480.85075606913
428	1417.0887238365387
429	1356.055570531507
430	1297.6352546476437
431	1241.716634679894
432	1188.1932659491276
433	1136.9632002576896
434	1087.9288005907176
435	1040.9965578070987
436	996.0769184656518
437	953.0841187090919
438	911.9360247493237
439	872.5539804721571
440	834.862660418117
441	798.7899318027435
442	764.2667186829522
443	731.2268726630906
444	699.6070506297114
445	669.3465977998195
446	640.3874320466518
447	612.6739374975701
448	586.1528589696828
449	560.7732040991621
450	536.4861461392611
451	513.2449342154796
452	491.0048045071858
453	469.722897387918
454	449.35817577307813
455	429.87134922848765
456	411.22479955096156
457	393.3825104697686
458	376.3099995211598
459	359.97425306637757
460	344.34366457498123
461	329.38797508322045
462	315.0782159787849
463	301.3866536594161
464	288.2867385966876
465	275.75305414777455
466	263.7612684764541
467	252.2880891067376
468	241.31121848765915
469	230.80931209662825
470	220.76193747743068
471	211.1495357254778
472	201.95338440306716
473	193.15556222927432
474	184.73891474714495
475	176.68702169740115
476	168.98416623957098
477	161.61530412048228
478	154.56603593425996
479	147.82257963194948
480	141.37174292113525
481	135.20090064401583
482	129.29796777841057
483	123.65137862693283
484	118.25006378125138
485	113.08342867719281
486	108.14133369426406
487	103.4140750518661
488	98.89236543529938
489	94.56731715011402
490	90.43042409350937
491	86.47354620405622
492	82.68889340131729
493	79.06901091283127
494	75.60676459205483
495	72.29532758153701
496	69.12816660495697
497	66.0990302402727
498	63.20193645709641
499	60.431160110395304
500	57.78122416966686
501	55.246886560620396
502	52.8231320329494
503	50.50516161348883
504	48.28838278787249
505	46.16840246545408
506	44.1410157989094
507	42.20220081225394
508	40.34810856870894
509	38.57505639450545
510	36.87952125134267
511	35.258132017627915
512	33.70766349236695
513	32.225030224988615
514	30.807279723708557
515	29.45158779508582
516	28.155252021966025
517	26.91568749761896
518	25.73042115799819
519	24.5970868422362
520	23.513421057325377
521	22.47725824964684
522	21.486527500994416
523	20.539246534080906
524	19.633520059918425
525	18.767534553224703
526	17.939555446607336
527	17.14792310389117
528	16.391050304884374
529	15.667418656857993
530	14.975575791853759
531	14.31413234878919
532	13.681759441551156
533	13.077186046084808
534	12.499196173949944
535	11.946627066887977
536	11.41836607382576
537	10.913349492817757
538	10.430559823148808
539	9.96902361952816
540	9.527809927274024
541	9.106028618760956
542	8.70282811124517
543	8.317393794125033
544	7.948946880802126
545	7.596742380063961
546	7.260068016864221
547	6.938242281385827
548	6.630613670433476
549	6.336558931346251
550	6.055482104103342
551	5.786813333491899
552	5.530007460522522
553	5.284543513739661
554	5.049922855853401
555	4.825668847066563
556	4.611325902814562
557	4.406457969023185
558	4.210648240549251
559	4.023498283204534
560	3.8446270577284882
561	3.6736699681769256
562	3.5102787575851475
563	3.3541199968124418
564	3.2048753610392637
565	3.0622400401496477
566	2.925922690757188
567	2.795645155457488
568	2.671140820120055
569	2.5521550569378584
570	2.438444747749096
571	2.329776922519855
572	2.2259289964832787
573	2.126688331017572
574	2.0318514743532012
575	1.9412239707190797
576	1.8546198452820184
577	1.7718614272722073
578	1.6927786368901192
579	1.6172090421345517
580	1.5449973779849497
581	1.475995078295513
582	1.4100602416143166
583	1.3470570714923633
584	1.2868559577084657
585	1.2293328269427337
586	1.1743691306542632
587	1.1218515236371285
588	1.0716715509364543
589	1.0237257483485094
590	0.9779151328641582
591	0.9341451088305938
592	0.8923251760355292
593	0.8523686456719579
594	0.8141931524898378
595	0.7777196781574404
596	0.7428725799808585
597	0.7095796172658196
598	0.6777719753688898
599	0.6473835207921643
600	0.6183514139796878
601	0.59061527891989
602	0.5641175300332494
603	0.538803312210275
604	0.5146196961743871
605	0.4915166603092929
606	0.4694461036577002
607	0.4483620819883513
608	0.4282205795519991
609	0.4089798311887674
610	0.3905997318548355
611	0.3730418025765643
612	0.35626969130824065
613	0.3402481504005061
614	0.3249438972686609
615	0.31032478151794524
616	0.29636054687453084
617	0.28302174843538397
618	0.270280686079481
619	0.2581105080236233
620	0.24648596144392404
621	0.23538250899907362
622	0.22477707378529102
623	0.2146471686203876
624	0.2049718849371315
625	0.19573069658237804
626	0.1869042780645923
627	0.1784740677799308
628	0.17042249625213068
629	0.1627323975715105
630	0.15538780740509056
631	0.14837321456012054
632	0.1416738709788478
633	0.13527561671796925
634	0.12916502491221227
635	0.12332930710678006
636	0.11775598846035433
637	0.11243344343751484
638	0.10735033783158224
639	0.10249608217956394
640	0.09786035847724592
641	0.09343334215237287
642	0.08920569114324865
643	0.08516846051940831
644	0.08131316818777036
645	0.07763156314747403
646	0.07411598814380309
647	0.07075885486321458
648	0.06755315173253024
649	0.06449192526872154
650	0.06156892540896832
651	0.058777803899599565
652	0.05611261482988662
653	0.053567664212079806
654	0.05113778455034054
655	0.04881748638187597
656	0.04660207616441123
657	0.04448680959820995
658	0.04246703137257345
659	0.04053858197034218
660	0.03869731167956528
661	0.03693928321157301
662	0.03526083364345334
663	0.03365823569062034
664	0.03212822887127588
665	0.030667416457433837
666	0.0292727272034043
667	0.027941212358042512
668	0.026669978608058854
669	0.025456315613150697
670	0.024297627869508946
671	0.02319149557108989
672	0.02213548139368072
673	0.02112725700949055
674	0.020164849594067592
675	0.019246075379205474
676	0.01836891549917521
677	0.01753163410843098
678	0.016732345317004432
679	0.015969259840432726
680	0.01524086291844479
681	0.014545548628588976
682	0.013881860446000413
683	0.01324825141625215
684	0.012643439131018211
685	0.012066165251659112
686	0.01151507935559653
687	0.010989087645211443
688	0.01048700228349095
689	0.010007772185065475
690	0.009550309650655196
691	0.00911366049320331
692	0.00869694452904728
693	0.008299187033415785
694	0.007919487531484113
695	0.0075570727956487905
696	0.007211238779133083
697	0.0068811318921443805
698	0.006566077148627656
699	0.006265412360505274
700	0.005978381481328222
701	0.005704508183611192
702	0.00544306157308635
703	0.005193586967996958
704	0.0049554819995786354
705	0.004728259542385808
706	0.004511390394984192
707	0.004304406798159653
708	0.0041069007581532565
709	0.003918471978742692
710	0.003738577440629048
711	0.0035669343244108115
712	0.0034031162750993564
713	0.0032468038688648186
714	0.0030976348094924316
715	0.0029553025491908056
716	0.002819458111484151
717	0.002689855516933046
718	0.0025661579090286964
719	0.0024481301024570704
720	0.0023355413319201975
721	0.002228071523848619
722	0.00212550032404307
723	0.0020277041489894848
724	0.0019342854608727232
725	0.001845220974042054
726	0.0017602599028825924
727	0.0016791566447031598
728	0.0016017604196364135
729	0.0015279232808360712
730	0.0014575000805475721
731	0.0013902603895881351
732	0.001326153697974479
733	0.0012649995677046818
734	0.0012066213089180588
735	0.0011509318107206109
736	0.0010978028053645963
737	0.0010471509916342792
738	0.0009987681182634877
739	0.000952618055788048
740	0.0009086234234862492
741	0.0008666255348032814
742	0.0008265924491579614
743	0.0007883291980489736
744	0.0007518887226601362
745	0.0007171205778458159
746	0.0006839578064940247
747	0.0006522949128616728
748	0.0006221078095783562
749	0.0005933333337234684
750	0.000565831415016748
751	0.0005396593010311011
752	0.0005146410084484928
753	0.0004907963563154825
754	0.0004680681966309925
755	0.0004463248428561089
756	0.0004256633346138617
757	0.0004059164105120508
758	0.0003870693264095544
759	0.0003691074883195041
760	0.0003520164512690159
761	0.0003356362111067249
762	0.00032010018626590036
763	0.0003052145439733882
764	0.0002910403268878689
765	0.0002774948383972904
766	0.00026463842669583766
767	0.00025231943718230976
768	0.0002405988816167792
769	0.00022939766787428908
770	0.000218741719842413
771	0.00020855369517315707
772	0.00019885991345094657
773	0.00018961846382216458
774	0.00018075489429679995
775	0.00017236297004800632
776	0.00016433553792476993
777	0.00015669950533992835
778	0.00014938307449303707
779	0.00014241348920170598
780	0.00013578498806260798
781	0.00012942785966756846
782	0.00012343310245640043
783	0.00011763655990576526
784	0.00011216070967555547
785	0.0001069377135330439
786	0.0001019323967673541
787	0.00009717198050220347
788	0.00009262177862780503
789	0.00008830868609098984
790	0.00008416833180703752
791	0.00008025785271415498
792	0.00007651374764037796
793	0.00007293327909294492
794	0.00006951373804028016
795	0.00006625244369267646
796	0.00006314674328435759
797	0.00006019401185691228
798	0.000057391652044092554
799	0.00005470867376770105
800	0.00005214310075566796
801	0.00004969297738629533
802	0.000047356368528592346
803	0.000045159030358103034
804	0.00004304354162416199
805	0.00004100858175140819
806	0.000039107083912607376
807	0.00003725584991128671
808	0.000035507663459563544
809	0.00003386072240754099
810	0.000032260444475142265
811	0.000030732353468745325
812	0.00002930127395006338
813	0.000027939601099976073
814	0.000026620447200789874
815	0.000025368675276756528
816	0.00002418311539960779
817	0.0000230374326445761
818	0.00002195600093274356
819	0.000020912847616347254
820	0.000019932024050579448
821	0.00001898791570573223
822	0.000018104254923339435
823	0.00001725578117367401
824	0.00001641790573126066
825	0.000015662057210422807
826	0.000014915653655382463
827	0.000014225643814654241
828	0.000013544278061842768
829	0.0000128946765894845
830	0.000012299322344823258
831	0.000011711448352040544
832	0.000011176425063615548
833	0.00001064813124037325
834	0.000010126510880550278
835	9.656006063969763e-6
836	9.191447635324418e-6
837	8.77666930541865e-6
838	8.367129313666796e-6
839	7.962783905024343e-6
840	7.585077075147274e-6
841	7.212178830933022e-6
842	6.886426850246048e-6
843	6.564811271403728e-6
844	6.247297397677495e-6
845	5.954598485066487e-6
846	5.665641758871199e-6
847	5.400853488406651e-6
848	5.15977121198134e-6
849	4.9015953176992296e-6
850	4.666784274830093e-6
851	4.454886143064012e-6
852	4.225959142486825e-6
853	4.0392227069799555e-6
854	3.854880677314901e-6
855	3.672912794934836e-6
856	3.4932989321105916e-6
857	3.3160190912345366e-6
858	3.159975412576401e-6
859	3.0059565886492514e-6
860	2.8725986122764464e-6
861	2.7409647006192217e-6
862	2.611040174981237e-6
863	2.482810451832597e-6
864	2.3562610422949065e-6
865	2.2493725318837963e-6
866	2.1438769614137787e-6
867	2.039762408864845e-6
868	1.937017029755419e-6
869	1.8531112382144827e-6
870	1.7702985350822036e-6
871	1.6885695470096958e-6
872	1.6079149617011403e-6
873	1.528325527582321e-6
874	1.449792053470882e-6
875	1.3723054082480414e-6
876	1.3124700656669852e-6
877	1.2534211453350992e-6
878	1.1951518586350952e-6
879	1.1376554613488385e-6
880	1.0809252534156792e-6
881	1.024954578691979e-6
882	9.856341497070407e-7
883	9.310458607666256e-7
884	8.771980978251434e-7
885	8.396331363104344e-7
886	8.025661771538961e-7
887	7.659928882333522e-7
888	7.299089658987734e-7
889	6.943101348168147e-7
890	6.591921478160895e-7
891	6.245507857332082e-7
892	5.903818572595322e-7
893	5.713307040199611e-7
894	5.525249339461378e-7
895	5.195310088567188e-7
896	4.869943459112083e-7
897	4.691268492970428e-7
898	4.514950289715403e-7
899	4.2009370206660425e-7
900	4.0303251981526964e-7
901	3.8620023345978325e-7
902	3.695948273241853e-7
903	3.53214299085304e-7
904	3.235743933114872e-7
905	3.2111993332955535e-7
906	2.921238026084135e-7
907	2.8990138188668796e-7
908	2.746156705207649e-7
909	2.5954309944140726e-7
910	2.4468175776246884e-7
911	2.3002974737405648e-7
912	2.282666642174365e-7
913	2.1393032845578126e-7
914	1.9979830721976998e-7
915	1.9825999972304183e-7
916	1.8443551895271097e-7
917	1.7081043011827203e-7
918	1.6948929474055884e-7
919	1.561637716231116e-7
920	1.4303281053377794e-7
921	1.4192141275454722e-7
922	1.4081694484991375e-7
923	1.2807609041382893e-7
924	1.155238808212058e-7
925	1.1462063881780927e-7
926	1.1372305430177205e-7
927	1.1283109824830425e-7
928	1.007502675862089e-7
929	8.885116486286305e-8
930	8.815097004785603e-8
931	8.745518615806407e-8
932	8.676379048880178e-8
933	8.607676043716055e-8
934	7.47198143138945e-8
935	7.412624387131784e-8
936	6.303122960763101e-8
937	6.252888591575602e-8
938	6.202973281035306e-8
939	6.153375379075843e-8
940	6.104093243049245e-8
941	6.055125237695817e-8
942	5.005391445928313e-8
943	4.965104262275112e-8
944	3.9400598421793973e-8
945	3.9082413831493236e-8
946	3.8766269668845585e-8
947	3.845215532345894e-8
948	3.814006023280745e-8
949	3.7829973882034833e-8
950	3.7521885803760426e-8
951	3.721578557788498e-8
952	3.6911662831397035e-8
953	2.7457130428635743e-8
954	2.7231981389118696e-8
955	2.7008292330322524e-8
956	2.678605561231463e-8
957	1.7710175753174875e-8
958	1.756393920786043e-8
959	1.74186557478945e-8
960	1.7274320371689227e-8
961	1.7130928100347576e-8
962	1.69884739775704e-8
963	1.6846953069563623e-8
964	1.6706360464945947e-8
965	1.6566691274657113e-8
966	1.6427940631866e-8
967	1.6290103691879473e-8
968	1.6153175632051646e-8
969	1.601715165169307e-8
970	1.5882026971980727e-8
971	1.5747796835867962e-8
972	1.561445650799506e-8
973	1.54820012746001e-8
974	1.535042644342999e-8
975	1.5219727343652175e-8
976	7.544949662883019e-9
977	7.48046888075779e-9
978	7.416419021900803e-9
979	7.352797793297271e-9
980	7.289602912423919e-9
981	7.226832107205587e-9
982	7.1644831159723016e-9
983	7.1025536874161965e-9
984	7.0410415805488545e-9
985	6.97994456465871e-9
986	6.919260419268582e-9
987	6.858986934093429e-9
988	0.
989	0.
990	0.
991	0.
992	0.
993	0.
994	0.
995	0.
996	0.
997	0.
998	0.
999	0.
1000	0.