1	0.3841304908863729
2	0.7447995927158556
3	1.0829569235225387
4	1.3995261743322587
5	1.695405209560603
6	1.9714662149628333
7	2.2285558888746606
8	2.467495672744084
9	2.6890820172026912
10	2.894086680160357
11	3.0832570536308377
12	3.2573165162077653
13	3.4169648083114788
14	3.5628784275176257
15	3.6957110414587953
16	3.8160939159611686
17	3.924636356239728
18	4.02192615912836
19	4.1085300744654685
20	4.1849942738922525
21	4.2518448254495
22	4.309588172480255
23	4.358711615460394
24	4.39968379548713
25	4.432955178257133
26	4.4589585374619665
27	4.478109436618294
28	4.490806708435412
29	4.497432930901928
30	4.498354899348326
31	4.493924093812109
32	4.484477141098027
33	4.470336270987343
34	4.451809766107696
35	4.429192405028993
36	4.402765898200987
37	4.372799316395239
38	4.339549511357755
39	4.303261528419519
40	4.264169010849873
41	4.222494595773047
42	4.178450301500725
43	4.132237906163818
44	4.084049317554694
45	4.034066934116891
46	3.982463997043284
47	3.9294049334656247
48	3.8750456907385193
49	3.8195340618395335
50	3.7630100019238464
51	3.7056059360875846
52	3.647447058407749
53	3.588651622339644
54	3.5293312225640205
55	3.4695910683867206
56	3.409530248802804
57	3.349241989345378
58	3.2888139008469404
59	3.2283282202471972
60	3.1678620435873674
61	3.107487551335498
62	3.0472722261918466
63	2.9872790635267257
64	2.9275667746061904
65	2.8681899827633233
66	2.809199412674711
67	2.7506420729030014
68	2.692561431867409
69	2.634997587404501
70	2.5779874300816275
71	2.5215648004253084
72	2.465760640226125
73	2.410603138080922
74	2.3561178693320812
75	2.3023279305620723
76	2.249254068800133
77	2.196914805596033
78	2.1453265561139427
79	2.094503743397352
80	2.044458907953762
81	1.9952028128054111
82	1.946744544149894
83	1.89909160777198
84	1.8522500213451525
85	1.8062244027588303
86	1.761018054604316
87	1.7166330449497527
88	1.6730702845314782
89	1.6303296004862595
90	1.588409806746022
91	1.5473087712136342
92	1.5070234798355326
93	1.4675500976839266
94	1.428884027158401
95	1.3910199634138447
96	1.3539519471187662
97	1.317673414645076
98	1.282177245787659
99	1.247455809109239
100	1.213501005003171
101	1.1803043065640797
102	1.14785679835363
103	1.1161492131459292
104	1.0851719667344821
105	1.0549151908800303
106	1.0253687644761205
107	0.9965223430066489
108	0.9683653863673153
109	0.940887185120464
110	0.914076885250393
111	0.8879235114841559
112	0.8624159892403146
113	0.8375431652662391
114	0.8132938270221822
115	0.7896567208684775
116	0.7666205691100036
117	0.7441740859502909
118	0.7223059924054975
119	0.7010050302268237
120	0.6802599748780371
121	0.6600596476129366
122	0.6403929266960994
123	0.6212487578082921
124	0.6026161636765779
125	0.584484252967442
126	0.566842228479763
127	0.5496793946730802
128	0.5329851645649732
129	0.5167490660303019
130	0.5009607475333864
131	0.4856099833231702
132	0.4706866781200759
133	0.4561808713219347
134	0.442082740755508
135	0.42838260599862854
136	0.41507093129719386
137	0.4021383280999934
138	0.3895755572335414
139	0.3773735307378925
140	0.3655233133836249
141	0.35401612388919756
142	0.3428433358571469
143	0.3319964784464414
144	0.32146723679794775
145	0.311247452228741
146	0.30132912221052843
147	0.29170440014663596
148	0.2823655949613695
149	0.27330517051474296
150	0.26451574485512713
151	0.2559900893216563
152	0.2477211275076061
153	0.23970193409546323
154	0.23192573357388044
155	0.22438589884599763
156	0.21707594973849625
157	0.2099895514197624
158	0.2031205127355735
159	0.19646278446994908
160	0.19001045753853213
161	0.1837577611213851
162	0.17769906074183153
163	0.17182885629749553
164	0.16614178004924693
165	0.1606325945737281
166	0.15529619068451572
167	0.15012758532684475
168	0.1451219194502998
169	0.1402744558641111
170	0.1355805770786626
171	0.13103578313727757
172	0.12663568944173093
173	0.12237602457476139
174	0.11825262812261898
175	0.11426144850067417
176	0.11039854078463178
177	0.10666006454982438
178	0.10304228172100066
179	0.09954155443465353
180	0.09615434291586211
181	0.09287720337153893
182	0.08970678590162935
183	0.08663983243004343
184	0.08367317465627432
185	0.08080373202962769
186	0.0780285097465658
187	0.0753445967726843
188	0.07274916389010253
189	0.07023946177101897
190	0.06781281907852332
191	0.06546664059476857
192	0.06319840537780157
193	0.06100566494690695
194	0.05888604149732401
195	0.056837226144479905
196	0.05485697719825006
197	0.05294311846718544
198	0.05109353759315909
199	0.04930618441651276
200	0.04757906937160791
201	0.045910261913050046
202	0.04429788897243994
203	0.04274013344564679
204	0.041235232710416354
205	0.03978147717446238
206	0.03837720885349559
207	0.03702081997939255
208	0.03571075163796963
209	0.03444549243639905
210	0.033223577199796336
211	0.03204358569673865
212	0.030904141393603146
213	0.029803910237105723
214	0.028741599464951445
215	0.027715956444077264
216	0.02672576753625507
217	0.025769856990587595
218	0.024847085862566193
219	0.023956350959269204
220	0.0230965838102802
221	0.022266749664046855
222	0.021465846509007222
223	0.02069290411928724
224	0.019946983124570678
225	0.019227174103485876
226	0.018532596700273858
227	0.017862398764259147
228	0.017215755511652373
229	0.016591868709265257
230	0.01598996587989206
231	0.01540929952842304
232	0.014849146388930012
233	0.014308806691888751
234	0.01378760345093412
235	0.013284881769378315
236	0.012800008165315038
237	0.012332369915557561
238	0.011881374417475967
239	0.011446448568615396
240	0.011027038163695286
241	0.010622607308418321
242	0.010232637849849081
243	0.009856628823008907
244	0.009494095912927072
245	0.009144570932458245
246	0.0088076013148507
247	0.008482749620960418
248	0.008169593060788571
249	0.00786772302897343
250	0.007576744653755257
251	0.007296276359254831
252	0.007025949440553899
253	0.006765407651409513
254	0.0065143068042354665
255	0.006272314381805064
256	0.006039109160810997
257	0.005814380846539017
258	0.005597829718687415
259	0.005389166287665302
260	0.00518811096159103
261	0.00499439372313706
262	0.00480775381657547
263	0.004627939443995399
264	0.004454707471224551
265	0.0042878231425654495
266	0.004127059804478602
267	0.0039721986377676335
268	0.003823028398143167
269	0.0036793451647702913
270	0.0035409520969017384
271	0.0034076591978485188
272	0.0032792830866396937
273	0.003155646776686743
274	0.0030365794615595234
275	0.0029219163076212476
276	0.0028114982529958954
277	0.0027051718131982836
278	0.0026027888929103815
279	0.002504206603703728
280	0.002409287087712936
281	0.0023178973469572713
282	0.0022299090781222226
283	0.0021451985127406495
284	0.0020636462625761684
285	0.0019851371699842486
286	0.0019095601630612876
287	0.0018368081157807614
288	0.001766777712430287
289	0.001699369316671063
290	0.0016344868447716607
291	0.0015720376431713134
292	0.0015119323699433495
293	0.0014540848801647777
294	0.0013984121152984161
295	0.0013448339959870052
296	0.001293273318553442
297	0.0012436556549718205
298	0.0011959092560409992
299	0.0011499649579572511
300	0.0011057560919349697
301	0.0010632183968759467
302	0.001022289935008954
303	0.0009829110102712274
304	0.0009450240895993009
305	0.0009085737268054653
306	0.0008735064889697258
307	0.0008397708854338897
308	0.0008073172992276153
309	0.0007760979206415671
310	0.0007460666833687346
311	0.0007171792025103416
312	0.0006893927149748248
313	0.0006626660217548543
314	0.0006369594322011711
315	0.0006122347103232811
316	0.0005884550228072771
317	0.0005655848889662598
318	0.0005435901322244306
319	0.0005224378335206226
320	0.0005020962860978333
321	0.00048253495208812824
322	0.00046372442036466045
323	0.00044563636613771424
324	0.0004282435116666915
325	0.00041151958855652475
326	0.0003954393013190835
327	0.00037997829223292455
328	0.0003651131072679812
329	0.00035082116346252256
330	0.0003370807172833199
331	0.00032387083416302487
332	0.00031117135906597244
333	0.00029896288814088413
334	0.00028722674135225207
335	0.00027594493606826584
336	0.0002651001616254993
337	0.00025467575478191204
338	0.0002446556759807473
339	0.00023502448656763616
340	0.00022576732674043666
341	0.00021686989431913878
342	0.00020831842428436356
343	0.0002000996689511393
344	0.00019220087904549352
345	0.00018460978526715655
346	0.00017731458059290435
347	0.00017030390322206367
348	0.00016356682020961374
349	0.00015709281149066663
350	0.0001508717546602003
351	0.0001448939102419525
352	0.00013914990746049795
353	0.00013363073056734114
354	0.000128327705703419
355	0.0001232324881025066
356	0.00011833704990449342
357	0.00011363366836524191
358	0.00010911491439165895
359	0.00010477364164352139
360	0.00010060297601996924
361	0.00009659630542974192
362	0.00009274726996404038
363	0.00008904975247395781
364	0.00008549786957394574
365	0.00008208596266555964
366	0.00007880858969058203
367	0.00007566051692346752
368	0.0000726367111192593
369	0.00006973233196770601
370	0.00006694272490054429
371	0.00006426341402366373
372	0.000061690095336801
373	0.00005921863036098487
374	0.00005684503978488089
375	0.00005456549750502336
376	0.00005237632481707696
377	0.0000502739847354065
378	0.00004825507681098467
379	0.00004631633182343782
380	0.00004445460676924285
381	0.00004266688019784437
382	0.000040950247465267935
383	0.000039301916336289225
384	0.00003771920275961779
385	0.00003619952664251519
386	0.000034740407922651484
387	0.00003333946284668537
388	0.00003199440011558899
389	0.00003070301749931465
390	0.000029463198396994646
391	0.000028272908478746264
392	0.00002713019264164062
393	0.000026033171933351765
394	0.000024980040585139624
395	0.0000239690632663676
396	0.000022998572360060743
397	0.000022066965374708658
398	0.000021172702404743994
399	0.000020314303694970287
400	0.000019490347444555804
401	0.00001869946743645936
402	0.000017940350992393357
403	0.000017211736857541267
404	0.000016512413202700948
405	0.000015841215791343002
406	0.00001519702601321069
407	0.000014578769243811505
408	0.0000139854130601956
409	0.000013415965632571072
410	0.000012869474186657923
411	0.000012345023432593208
412	0.000011841734077827103
413	0.00001135876155820702
414	0.00001089529461749458
415	0.000010450553934167837
416	0.000010023790979493272
417	9.614286802485445e-6
418	9.221350848318307e-6
419	8.844319885856782e-6
420	8.482556931392149e-6
421	8.135450166724448e-6
422	7.8024120239012e-6
423	7.482878230914333e-6
424	7.176306897217816e-6
425	6.882177608072926e-6
426	6.599990576136699e-6
427	6.329265930685177e-6
428	6.069542815568993e-6
429	5.8203786926369065e-6
430	5.581348632993429e-6
431	5.3520446626560314e-6
432	5.132074946155845e-6
433	4.921063379406767e-6
434	4.718648746299636e-6
435	4.524484294517613e-6
436	4.338237090630217e-6
437	4.159587475328204e-6
438	3.988228562066884e-6
439	3.823865722864965e-6
440	3.666216162526803e-6
441	3.5150083057942384e-6
442	3.3699814606618758e-6
443	3.230885435599935e-6
444	3.097480056285772e-6
445	2.9695346846195743e-6
446	2.846828015119783e-6
447	2.729147561733444e-6
448	2.6162894243896737e-6
449	2.5080578275500392e-6
450	2.404264925947083e-6
451	2.3047303706946094e-6
452	2.2092810997236816e-6
453	2.1177509716854517e-6
454	2.0299805820804564e-6
455	1.9458169128515286e-6
456	1.8651131230816313e-6
457	1.7877282731389354e-6
458	1.713527118248757e-6
459	1.642379889160627e-6
460	1.5741620403193696e-6
461	1.5087540394520338e-6
462	1.4460411790720901e-6
463	1.385913437194683e-6
464	1.3282651818961175e-6
465	1.272995073543912e-6
466	1.2200058972175145e-6
467	1.1692043534669423e-6
468	1.1205009283324893e-6
469	1.0738097156976745e-6
470	1.0290483129677287e-6
471	9.861376635565581e-7
472	9.450019209696862e-7
473	9.055683010688402e-7
474	8.677669817709871e-7
475	8.315309860817993e-7
476	7.967960309724101e-7
477	7.635004937284948e-7
478	7.315852321934423e-7
479	7.009934877447744e-7
480	6.716708992544817e-7
481	6.43565197018887e-7
482	6.166263566538787e-7
483	5.90806322400104e-7
484	5.660590029570555e-7
485	5.423402163554644e-7
486	5.196075826791799e-7
487	4.978204244013705e-7
488	4.769397641218872e-7
489	4.569281746819978e-7
490	4.3774980002018006e-7
491	4.193702260259043e-7
492	4.0175645866928195e-7
493	3.8487684110614177e-7
494	3.687010299792468e-7
495	3.531999086614682e-7
496	3.383455876737125e-7
497	3.241112797653584e-7
498	3.1047129040003785e-7
499	2.9740106174839775e-7
500	2.848769235835865e-7
501	2.728762873441283e-7
502	2.613774252653634e-7
503	2.5035951036948445e-7
504	2.3980263054748486e-7
505	2.2968758215217053e-7
506	2.1999608533627324e-7
507	2.1071049369968484e-7
508	2.0181395373663144e-7
509	1.9329031148354376e-7
510	1.8512403497673407e-7
511	1.7730027038490528e-7
512	1.698047637027197e-7
513	1.6262382602985113e-7
514	1.5574438584577615e-7
515	1.4915386162118512e-7
516	1.4284023876104814e-7
517	1.3679195153235283e-7
518	1.3099792379378097e-7
519	1.2544756132492578e-7
520	1.2013069579467743e-7
521	1.150375974605208e-7
522	1.1015886568795635e-7
523	1.0548560655264128e-7
524	1.0100919519821052e-7
525	9.672141216371226e-8
526	9.261435415822779e-8
527	8.868048382635562e-8
528	8.49125416264794e-8
529	8.130358127355441e-8
530	7.784693948153987e-8
531	7.453624136244345e-8
532	7.136536886786387e-8
533	6.832844993289308e-8
534	6.541988224182462e-8
535	6.263426200226514e-8
536	5.9966461868544e-8
537	5.741151320219559e-8
538	5.496466560446138e-8
539	5.262139365934984e-8
540	5.0377351264771545e-8
541	4.8228344973142446e-8
542	4.617038270446616e-8
543	4.419965524355626e-8
544	4.231247938010004e-8
545	4.05053441212131e-8
546	3.877486140216449e-8
547	3.7117819191553166e-8
548	3.5531110973199634e-8
549	3.4011781266290145e-8
550	3.255698975019392e-8
551	3.116400661933205e-8
552	2.983023869760978e-8
553	2.855316048909268e-8
554	2.733040146478642e-8
555	2.6159668380561918e-8
556	2.5038740058274226e-8
557	2.396553367933691e-8
558	2.293803450680633e-8
559	2.1954297371386206e-8
560	2.101246393366957e-8
561	2.0110781712660812e-8
562	1.9247528804944657e-8
563	1.842110543598461e-8
564	1.7629921333070164e-8
565	1.687250415204709e-8
566	1.6147431366665707e-8
567	1.5453291596127497e-8
568	1.4788810562328372e-8
569	1.4152733408962969e-8
570	1.3543817758583916e-8
571	1.2960936032086224e-8
572	1.2402989421625345e-8
573	1.1868904629215362e-8
574	1.135767201726529e-8
575	1.0868317508656725e-8
576	1.0399915933991042e-8
577	9.951565243918336e-9
578	9.522428518580837e-9
579	9.111683465678682e-9
580	8.71853966894146e-9
581	8.342256494926293e-9
582	7.982108809694517e-9
583	7.637419763740363e-9
584	7.307515059694887e-9
585	6.991770344756074e-9
586	6.689580165359533e-9
587	6.40036717041619e-9
588	6.123591846675306e-9
589	5.858710695606668e-9
590	5.605213440815411e-9
591	5.362608506200479e-9
592	5.130435085159558e-9
593	4.908275581948699e-9
594	4.6956653683227706e-9
595	4.49219693161439e-9
596	4.297494931284618e-9
597	4.111192010849434e-9
598	3.9329053440684326e-9
599	3.762315825563412e-9
600	3.5990686382866685e-9
601	3.4428657755860256e-9
602	3.293405821435336e-9
603	3.1503753829064903e-9
604	3.0135417920647642e-9
605	2.882605980808203e-9
606	2.757321090607837e-9
607	2.6374470595322107e-9
608	2.5227685454655104e-9
609	2.4130381034615705e-9
610	2.3080447312320727e-9
611	2.2076073017092272e-9
612	2.1114940529628035e-9
613	2.0195533432548917e-9
614	1.9315840986345495e-9
615	1.8474418019579187e-9
616	1.7669224754543218e-9
617	1.6899054021259274e-9
618	1.6162132978839365e-9
619	1.545730345440855e-9
620	1.4782879136016402e-9
621	1.4137823325704436e-9
622	1.3520614258072346e-9
623	1.2930419878654218e-9
624	1.2365609953395393e-9
625	1.1825412031449445e-9
626	1.1308670839227364e-9
627	1.081441875627108e-9
628	1.034148590176235e-9
629	9.88930586544119e-10
630	9.456694769922396e-10
631	9.0428969263452e-10
632	8.64708212650831e-10
633	8.268557572922206e-10
634	7.906507953267047e-10
635	7.560091662881572e-10
636	7.228886956963609e-10
637	6.912050362608784e-10
638	6.609115879132509e-10
639	6.319275646955649e-10
640	6.042060004618986e-10
641	5.776969760966308e-10
642	5.523459892533495e-10
643	5.281038907140223e-10
644	5.049138387755475e-10
645	4.827441793504017e-10
646	4.6152978205376684e-10
647	4.412506222499739e-10
648	4.2185061511877445e-10
649	4.0331592547323655e-10
650	3.8557182503614025e-10
651	3.6860596402173e-10
652	3.523880090608041e-10
653	3.3689118938963846e-10
654	3.220466608586926e-10
655	3.078765136249002e-10
656	2.9431424374169676e-10
657	2.8133774495262754e-10
658	2.689458140833178e-10
659	2.57091078165603e-10
660	2.4575661198418976e-10
661	2.3492197277888906e-10
662	2.245516306471929e-10
663	2.1464887393000213e-10
664	2.0516785596791119e-10
665	1.96110987124249e-10
666	1.874521704401805e-10
667	1.7916888783518095e-10
668	1.7125232529933443e-10
669	1.636852650410896e-10
670	1.5645236207366586e-10
671	1.495290007178189e-10
672	1.429127725667303e-10
673	1.3660157102704747e-10
674	1.3055099062091115e-10
675	1.247691341516019e-10
676	1.1925257989507622e-10
677	1.1396526923637504e-10
678	1.0891156656338554e-10
679	1.0409376960786137e-10
680	9.948072915910442e-11
681	9.50699994814765e-11
682	9.084592208752023e-11
683	8.682060471218611e-11
684	8.297180645943742e-11
685	7.928401015484663e-11
686	7.576842469676832e-11
687	7.240146430095721e-11
688	6.918573101180297e-11
689	6.610905814521854e-11
690	6.317468331219576e-11
691	6.037073789980165e-11
692	5.7680273297551624e-11
693	5.5111042420238504e-11
694	5.266514515984737e-11
695	5.032903825864297e-11
696	4.80834821305557e-11
697	4.5942838579323214e-11
698	4.389553605955323e-11
699	4.19336659254962e-11
700	4.0072288098043404e-11
701	3.8280903765770246e-11
702	3.6580929012642355e-11
703	3.494817680682759e-11
704	3.339047930739191e-11
705	3.1899086028588154e-11
706	3.047751929895421e-11
707	2.9122204583219295e-11
708	2.7822484679871843e-11
709	2.657011525979256e-11
710	2.5387473575339466e-11
711	2.425166213114453e-11
712	2.3170227892447626e-11
713	2.2133824593132992e-11
714	2.1144380536756352e-11
715	2.0196257846877114e-11
716	1.9294831731868978e-11
717	1.8428547473998895e-11
718	1.7605941967693884e-11
719	1.6818567236361325e-11
720	1.6059493827210257e-11
721	1.534145336302417e-11
722	1.466013685908473e-11
723	1.3994425218172603e-11
724	1.3378782715654776e-11
725	1.2776424976869805e-11
726	1.2196939569428275e-11
727	1.1650821744848856e-11
728	1.1131617842191592e-11
729	1.0633909043723623e-11
730	1.0153257423831973e-11
731	9.703771235251662e-12
732	9.265083934536391e-12
733	8.844147198868648e-12
734	8.448579208822296e-12
735	8.069245437345022e-12
736	7.706491713203012e-12
737	7.352698221082528e-12
738	7.0267827772791924e-12
739	6.713739341022061e-12
740	6.407892354557196e-12
741	6.121220836776737e-12
742	5.840637240962279e-12
743	5.587541625769761e-12
744	5.333013248386623e-12
745	5.090949291696992e-12
746	4.85878241774897e-12
747	4.642739098154014e-12
748	4.432769666607763e-12
749	4.227629337905854e-12
750	4.042945608225072e-12
751	3.853433097968915e-12
752	3.68359291693307e-12
753	3.5171509237170925e-12
754	3.3546235701432786e-12
755	3.213002918714994e-12
756	3.060953431874513e-12
757	2.924094311502234e-12
758	2.795925227222324e-12
759	2.670292447506784e-12
760	2.5413738927023315e-12
761	2.435319757628917e-12
762	2.315038707127589e-12
763	2.214895215080345e-12
764	2.1141655216476796e-12
765	2.023812342433134e-12
766	1.923751011745609e-12
767	1.840801635157512e-12
768	1.7552988930297587e-12
769	1.6787522921662054e-12
770	1.5997013721202625e-12
771	1.5298703650161641e-12
772	1.4581707019845953e-12
773	1.3889436906560188e-12
774	1.3341279471980262e-12
775	1.2680772468144604e-12
776	1.210513596401468e-12
777	1.151180626509175e-12
778	1.1023429744060918e-12
779	1.0540103538982622e-12
780	1.0038064441955441e-12
781	9.64150585895967e-13
782	9.108427922554787e-13
783	8.783440968920821e-13
784	8.354454182410165e-13
785	7.9480990852985e-13
786	7.617890334474806e-13
787	7.274012354183732e-13
788	6.971393150594645e-13
789	6.622685653041905e-13
790	6.354810907793528e-13
791	6.011411130744005e-13
792	5.719932936386628e-13
793	5.466538320355079e-13
794	5.238134364449254e-13
795	5.022340620881877e-13
796	4.807457887956827e-13
797	4.582438318195941e-13
798	4.336856802293467e-13
799	4.1290933723868805e-13
800	3.9490477433962113e-13
801	3.787166255860077e-13
802	3.6344178722709324e-13
803	3.4151782986956294e-13
804	3.255857717791247e-13
805	3.148024618524884e-13
806	2.951166865478558e-13
807	2.8573218976240146e-13
808	2.7270733785779715e-13
809	2.554460219320789e-13
810	2.4641964849079713e-13
811	2.384502925100952e-13
812	2.2450362097234817e-13
813	2.1055336503408572e-13
814	2.024941843216845e-13
815	1.933836834297016e-13
816	1.8276804809572463e-13
817	1.7654427162050188e-13
818	1.6793240393574203e-13
819	1.6282524739486646e-13
820	1.5454518480613708e-13
821	1.4897666717775807e-13
822	1.3954005087694734e-13
823	1.32107643703999e-13
824	1.3246368286001576e-13
825	1.218714032972441e-13
826	1.1842179175518692e-13
827	1.0962855196153776e-13
828	1.07347398380541e-13
829	1.0523241645618954e-13
830	9.705927539143995e-14
831	9.456887435377786e-14
832	8.561654103244872e-14
833	8.186388882499295e-14
834	8.30357556212707e-14
835	7.718378592028522e-14
836	7.584725831774688e-14
837	6.720535098560759e-14
838	6.271359625313979e-14
839	6.21523274089222e-14
840	5.959971932370387e-14
841	6.061921336076984e-14
842	5.369906829579115e-14
843	5.007973443026778e-14
844	4.9585942926022484e-14
845	4.646773957424594e-14
846	4.619914469780407e-14
847	4.30960882871642e-14
848	3.7089317586749137e-14
849	3.907567916422607e-14
850	3.793615817902325e-14
851	3.36196341408789e-14
852	3.688754481511194e-14
853	3.141252255459807e-14
854	2.794097584163577e-14
855	2.636635126304991e-14
856	2.6586875498558216e-14
857	2.850534535994897e-14
858	2.6776555285225133e-14
859	2.6614231178198026e-14
860	2.2731122682301645e-14
861	2.0298415925412524e-14
862	1.9238574130449677e-14
863	1.947754873665239e-14
864	2.0944625834640845e-14
865	1.8493750434685326e-14
866	1.7188183967370077e-14
867	1.6966187631863614e-14
868	1.7768806735379285e-14
869	1.4559294624236824e-14
870	1.2313102876097661e-14
871	1.0978738863172921e-14
872	1.0507033780108128e-14
873	1.0851040037852648e-14
874	1.1965933158850513e-14
875	1.3808917977148543e-14
876	1.1528072886969727e-14
877	9.943387654343658e-15
878	9.017454691247e-15
879	8.714559416020393e-15
880	9.000605329762193e-15
881	9.843042386733845e-15
882	6.542616697366721e-15
883	8.429637397799386e-15
884	1.0783947923112432e-14
885	8.98098174049953e-15
886	7.639348110295298e-15
887	6.7342572895142135e-15
888	6.242045025081973e-15
889	6.140122597910858e-15
890	6.4069290696596045e-15
891	7.021885635748004e-15
892	7.965351992254748e-15
893	4.806737052275064e-15
894	1.985878378115781e-15
895	3.851556668483849e-15
896	5.975638779214521e-15
897	4.022124249978768e-15
898	2.34203707025972e-15
899	5.19619005232842e-15
900	3.998061648266859e-15
901	3.032370096791726e-15
902	2.286658668481e-15
903	1.7490390321101046e-15
904	5.571078706618159e-15
905	1.2532127991147235e-15
906	5.392306190540807e-15
907	1.4602169402715376e-15
908	1.802911973758207e-15
909	2.2929612598090068e-15
910	2.9218048993266076e-15
911	3.6812773879665156e-15
912	5.769991533472341e-16
913	1.5964811371923737e-15
914	2.7242263861188812e-15
915	3.1972848973100874e-17
916	1.3778572764982636e-15
917	2.8125987423027412e-15
918	4.733523676791667e-16
919	2.0898891120956874e-15
920	3.778455896193385e-15
921	1.740939725254916e-15
922	-1.9207654674254755e-16
923	1.7253339989090831e-15
924	3.695741368461644e-15
925	2.0062979716566756e-15
926	4.0355329604185345e-16
927	-1.1164791260113393e-15
928	1.0884475341683874e-15
929	3.327161177128729e-15
930	1.9917544051444192e-15
931	7.249686696931663e-16
932	-4.763570379622609e-16
933	-1.615240269434394e-15
934	8.279930555200991e-16
935	-2.148747357317687e-16
936	2.278410600173974e-15
937	1.321310297268231e-15
938	4.1362878871867197e-16
939	-4.4691671682819725e-16
940	-1.2625051613463368e-15
941	-2.0352163277056153e-15
942	5.944505043464393e-16
943	-1.1821481115498907e-16
944	2.52823622448725e-15
945	1.8686374296896412e-15
946	1.2429835952793874e-15
947	6.497026013354898e-16
948	8.729404583692135e-17
949	-4.456740031179432e-16
950	-9.505681090471557e-16
951	-1.428692429300421e-15
952	-1.881291543987096e-15
953	8.372041399067961e-16
954	4.1301402869131525e-16
955	1.1011224851494075e-17
956	-3.698363517925606e-16
957	2.340102207047493e-15
958	1.9797823011234223e-15
959	1.6378611389809283e-15
960	1.3134830884510018e-15
961	1.0058317292596843e-15
962	7.141280694320945e-16
963	4.3762884224581737e-16
964	1.7562488012013974e-16
965	-7.256043800714627e-17
966	-3.0757266911645246e-16
967	-5.300277215044344e-16
968	-7.405132061534404e-16
969	-9.39589726950593e-16
970	-1.1277921125014974e-15
971	-1.3056305921645412e-15
972	-1.4735919188146426e-15
973	-1.6321404407303695e-15
974	-1.781719124894865e-15
975	-1.9227505338968828e-15
976	6.674825756893567e-16
977	5.247149513649483e-16
978	3.894051193618369e-16
979	2.612032133811966e-16
980	1.3977551200410855e-16
981	2.4803699456286058e-17
982	-8.401584002698675e-17
983	-1.869726957529451e-16
984	-2.843430734876514e-16
985	-3.7639040912053143e-16
986	-4.633659543985018e-16
987	-5.455093359911228e-16
988	1.892670870192288e-15
989	1.802654619519664e-15
990	1.7168809029205704e-15
991	1.63515147398997e-15
992	1.557277274743534e-15
993	1.4830780130666433e-15
994	1.4123817594487451e-15
995	1.34502456213053e-15
996	1.280850079827966e-15
997	1.2197092312372946e-15
998	1.1614598605596035e-15
999	1.1059664183179351e-15
1000	1.0530996567732163e-15