1	-0.0013712815050144877
2	-0.002694092184517993
3	-0.003969006769874077
4	-0.0051966179871351156
5	-0.006377536926322343
6	-0.00751239317724141
7	-0.008601834757915988
8	-0.009646527859751657
9	-0.010647156431690051
10	-0.011604421623873179
11	-0.012519041109704672
12	-0.013391748303662788
13	-0.014223291490784374
14	-0.015014432882394686
15	-0.015765947611400426
16	-0.016478622679287173
17	-0.017153255865865063
18	-0.017790654611781517
19	-0.01839163488286495
20	-0.018957020024474372
21	-0.019487639613202285
22	-0.019984328312509594
23	-0.02044792473815819
24	-0.02087927033864507
25	-0.021279208295229692
26	-0.021648582445580645
27	-0.02198823623454388
28	-0.022299011695054147
29	-0.022581748461766752
30	-0.022837282819579557
31	-0.02306644678884126
32	-0.02327006724869971
33	-0.02344896509973125
34	-0.02360395446670724
35	-0.02373584194209469
36	-0.02384542587065289
37	-0.023933495675275803
38	-0.024000831224037796
39	-0.024048202238229514
40	-0.024076367741015594
41	-0.024086075546210235
42	-0.02407806178654478
43	-0.024053050480694685
44	-0.02401175313824067
45	-0.023954868401657035
46	-0.023883081724351506
47	-0.02379706508372158
48	-0.023697476728143537
49	-0.02358496095676969
50	-0.023460147930977643
51	-0.023323653516290503
52	-0.02317607915356914
53	-0.023018011758266357
54	-0.02285002364652609
55	-0.022672672486910662
56	-0.022486501276542382
57	-0.02229203834045356
58	-0.02208979735295094
59	-0.021880277379814777
60	-0.021663962940171498
61	-0.02144132408689797
62	-0.021212816504439205
63	-0.020978881622945443
64	-0.0207399467476604
65	-0.020496425202521023
66	-0.020248716486957356
67	-0.019997206444911434
68	-0.019742267445124466
69	-0.019484258571773237
70	-0.019223525824568207
71	-0.01896040232745803
72	-0.018695208545117286
73	-0.0184282525064265
74	-0.018159830034185934
75	-0.017890224980336412
76	-0.017619709465992298
77	-0.01734854412562321
78	-0.017076978354751877
79	-0.01680525056056634
80	-0.016533588414874237
81	-0.01626220910885685
82	-0.015991319609108493
83	-0.015721116914476096
84	-0.01545178831323972
85	-0.015183511640202839
86	-0.014916455533286025
87	-0.014650779689243153
88	-0.01438663511814396
89	-0.014124164396289563
90	-0.01386350191725114
91	-0.013604774140743106
92	-0.013348099839064017
93	-0.01309359034085821
94	-0.012841349771971341
95	-0.012591475293190985
96	-0.012344057334682327
97	-0.012099179826945658
98	-0.011856920428139057
99	-0.011617350747625363
100	-0.01138053656561774
101	-0.011146538048812089
102	-0.01091540996190858
103	-0.010687201874937222
104	-0.01046195836631492
105	-0.010239719221572845
106	-0.010020519627704113
107	-0.009804390363092214
108	-0.009591357982990267
109	-0.009381445000530652
110	-0.009174670063252965
111	-0.008971048125146767
112	-0.008770590614212996
113	-0.008573305595554961
114	-0.008379197930016881
115	-0.00818826942839391
116	-0.00800051900124316
117	-0.007815942804331167
118	-0.007634534379757521
119	-0.007456284792799503
120	-0.007281182764526365
121	-0.007109214800235846
122	-0.006940365313769227
123	-0.0067746167477641065
124	-0.006611949689906904
125	-0.006452342985250111
126	-0.00629577384466109
127	-0.006142217949471564
128	-0.005991649552398572
129	-0.005844041574809414
130	-0.00569936570040412
131	-0.005557592465390304
132	-0.005418691345226262
133	-0.005282630838008477
134	-0.0051493785445809155
135	-0.005018901245443076
136	-0.004891164974534731
137	-0.0047661350899747875
138	-0.004643776341832066
139	-0.004524052937005404
140	-0.004406928601290092
141	-0.004292366638707503
142	-0.004180329988174207
143	-0.004070781277585876
144	-0.0039636828753912634
145	-0.003858996939730116
146	-0.00375668546520849
147	-0.0036567103273837335
148	-0.003559033325030688
149	-0.0034636162202593686
150	-0.003370420776553466
151	-0.0032794087947979186
152	-0.0031905421473625247
153	-0.0031037828103074195
154	-0.0030190928937751126
155	-0.0029364346706322758
156	-0.0028557706034236614
157	-0.0027770633696985567
158	-0.0027002758857696094
159	-0.0026253713289620226
160	-0.002552313158409972
161	-0.0024810651344558178
162	-0.0024115913367062187
163	-0.002343856180798081
164	-0.002277824433925717
165	-0.0022134612291794756
166	-0.002150732078744731
167	-0.002089602886008701
168	-0.002030039956621142
169	-0.0019720100085543675
170	-0.0019154801812055642
171	-0.0018604180435842679
172	-0.0018067916016259414
173	-0.001754569304671506
174	-0.00170372005115144
175	-0.0016542131935120806
176	-0.0016060185424202024
177	-0.0015591063702809736
178	-0.0015134474141033686
179	-0.0014690128777457335
180	-0.001425774433573263
181	-0.001383704223558047
182	-0.001342774859851126
183	-0.0013029594248554475
184	-0.0012642314708265596
185	-0.0012265650190284836
186	-0.0011899345584694165
187	-0.001154315044242465
188	-0.001119681895494906
189	-0.0010860109930485667
190	-0.0010532786766937062
191	-0.0010214617421766485
192	-0.0009905374379023616
193	-0.0009604834613704586
194	-0.0009312779553637946
195	-0.0009028995039072645
196	-0.0008753271280140326
197	-0.000848540281235325
198	-0.0008225188450296511
199	-0.0007972431239664712
200	-0.0007726938407783522
201	-0.0007488521312756022
202	-0.0007256995391362692
203	-0.0007032180105840146
204	-0.0006813898889655957
205	-0.0006601979092396766
206	-0.0006396251923871223
207	-0.0006196552397536414
208	-0.0006002719273340035
209	-0.0005814595000074976
210	-0.0005632025657330925
211	-0.0005454860897126722
212	-0.0005282953885305113
213	-0.0005116161242760183
214	-0.0004954342986571191
215	-0.00047973624711073555
216	-0.00046450863291678607
217	-0.0004497384413215059
218	-0.000435412973675747
219	-0.0004215198415933933
220	-0.00040804696113483585
221	-0.0003949825470202517
222	-0.00038231510687662673
223	-0.00037003343552285105
224	-0.0003581266092966832
225	-0.00034658398042672887
226	-0.00033539517145292266
227	-0.000324550069698482
228	-0.00031403882179598954
229	-0.00030385182827020904
230	-0.00029397973818021014
231	-0.00028441344382222183
232	-0.00027514407549613284
233	-0.00026616299633680865
234	-0.00025746179721154836
235	-0.00024903229168607346
236	-0.00024086651105920313
237	-0.00023295669946831948
238	-0.00022529530906581388
239	-0.00021787499526781435
240	-0.00021068861207589631
241	-0.0002037292074721379
242	-0.0001969900188882036
243	-0.00019046446874892325
244	-0.0001841461600900425
245	-0.00017802887225136892
246	-0.00017210655664443952
247	-0.0001663733325950927
248	-0.00016082348326091893
249	-0.00015545145162344044
250	-0.00015025183655455047
251	-0.0001452193889572403
252	-0.00014034900797995899
253	-0.00013563573730445945
254	-0.00013107476150658203
255	-0.00012666140248913352
256	-0.00012239111598694833
257	-0.00011825948814287911
258	-0.00011426223215456034
259	-0.00011039518499069518
260	-0.00010665430417691435
261	-0.00010303566464958261
262	-0.00009953545567773554
263	-0.00009614997785117718
264	-0.00009287564013511963
265	-0.0000897089569895532
266	-0.00008664654555305347
267	-0.00008368512288984203
268	-0.00008082150329936845
269	-0.00007805259568725509
270	-0.00007537540099717973
271	-0.00007278700970196305
272	-0.00007028459935377872
273	-0.00006786543219181807
274	-0.00006552685280693211
275	-0.00006326628586221137
276	-0.00006108123386804417
277	-0.00005896927501147994
278	-0.000056928061038436425
279	-0.00005495531518776003
280	-0.00005304883017645639
281	-0.000051206466234939366
282	-0.00004942614919130915
283	-0.00004770586860387532
284	-0.000046043675940920586
285	-0.00004443768280666331
286	-0.00004288605921242979
287	-0.00004138703189264533
288	-0.00003993888266389397
289	-0.00003853994682685222
290	-0.000037188611609715297
291	-0.000035883314652671995
292	-0.000034622542532086694
293	-0.000033404829323720504
294	-0.00003222875520448781
295	-0.00003109294509115421
296	-0.000029996067315774793
297	-0.000028936832336855237
298	-0.000027913991485177077
299	-0.000026926335743952425
300	-0.00002597269456213549
301	-0.000025051934700269472
302	-0.00002416295910813024
303	-0.0000233047058332085
304	-0.00002247614695969078
305	-0.00002167628757684638
306	-0.00002090416477613027
307	-0.00002015884667656402
308	-0.000019439431477564884
309	-0.00001874504653822813
310	-0.000018074847483166083
311	-0.00001742801733327837
312	-0.000016803765661741472
313	-0.000016201327773901797
314	-0.000015619963910743877
315	-0.000015058958475480828
316	-0.000014517619282292947
317	-0.00001399527682706657
318	-0.00001349128357903941
319	-0.0000130050132934859
320	-0.000012535860344159687
321	-0.000012083239075680296
322	-0.000011646583174605749
323	-0.000011225345059504043
324	-0.00001081899528862406
325	-0.000010427021985485601
326	-0.000010048930281485723
327	-9.684241775181463e-6
328	-9.332494007495558e-6
329	-8.993239953074752e-6
330	-8.66604752669697e-6
331	-8.350499104671042e-6
332	-8.046191060640957e-6
333	-7.752733315542597e-6
334	-7.46974890120579e-6
335	-7.1968735372367556e-6
336	-6.93375522089166e-6
337	-6.680053829487227e-6
338	-6.435440734920513e-6
339	-6.199598430220587e-6
340	-5.972220167494586e-6
341	-5.753009607118229e-6
342	-5.541680477812128e-6
343	-5.337956247122191e-6
344	-5.141569802459443e-6
345	-4.9522631417852555e-6
346	-4.76978707408998e-6
347	-4.593900929264197e-6
348	-4.424372277194561e-6
349	-4.260976655383522e-6
350	-4.103497305438803e-6
351	-3.951724917791073e-6
352	-3.8054573844463146e-6
353	-3.6644995596415055e-6
354	-3.528663028171765e-6
355	-3.397765880880052e-6
356	-3.2716324975395263e-6
357	-3.1500933366029436e-6
358	-3.0329847315213515e-6
359	-2.9201486938348443e-6
360	-2.8114327225729634e-6
361	-2.7066896196352997e-6
362	-2.6057773111746227e-6
363	-2.508558674825594e-6
364	-2.4149013726562462e-6
365	-2.324677689047609e-6
366	-2.2377643744769906e-6
367	-2.1540424939679176e-6
368	-2.073397280567401e-6
369	-1.995717993637157e-6
370	-1.920897781901067e-6
371	-1.8488335507580385e-6
372	-1.7794258339938338e-6
373	-1.712578669961593e-6
374	-1.6481994814957333e-6
375	-1.5861989600404623e-6
376	-1.526490953495836e-6
377	-1.468992357637278e-6
378	-1.413623011592463e-6
379	-1.360305596280591e-6
380	-1.3089655363865295e-6
381	-1.2595309058569425e-6
382	-1.2119323361391918e-6
383	-1.1661029277597012e-6
384	-1.1219781648741137e-6
385	-1.0794958324274521e-6
386	-1.0385959363162912e-6
387	-9.99220626328926e-7
388	-9.613141212425802e-7
389	-9.248226369644435e-7
390	-8.896943168069171e-7
391	-8.558791640431783e-7
392	-8.233289770459524e-7
393	-7.919972863889046e-7
394	-7.618392940722029e-7
395	-7.328118149889552e-7
396	-7.048732202509984e-7
397	-6.779833824991835e-7
398	-6.521036230008363e-7
399	-6.271966605672423e-7
400	-6.032265624548362e-7
401	-5.801586965344907e-7
402	-5.579596854794952e-7
403	-5.365973622893236e-7
404	-5.160407274022415e-7
405	-4.962599074273043e-7
406	-4.772261149723545e-7
407	-4.5891161026203905e-7
408	-4.4128966375044265e-7
409	-4.243345202007252e-7
410	-4.080213640239393e-7
411	-3.9232628567169e-7
412	-3.77226249234404e-7
413	-3.626990614255101e-7
414	-3.4872334132276546e-7
415	-3.352784911526981e-7
416	-3.223446683820284e-7
417	-3.099027585952319e-7
418	-2.979343492993063e-7
419	-2.8642170474821674e-7
420	-2.753477415769899e-7
421	-2.646960052148414e-7
422	-2.5445064732843186e-7
423	-2.4459640393823164e-7
424	-2.3511857431011392e-7
425	-2.2600300054811387e-7
426	-2.172360479431331e-7
427	-2.088045861848532e-7
428	-2.0069597088446236e-7
429	-1.9289802602705368e-7
430	-1.8539902698233663e-7
431	-1.7818768416133143e-7
432	-1.7125312695036677e-7
433	-1.6458488882666335e-7
434	-1.5817289227199657e-7
435	-1.520074348490857e-7
436	-1.4607917539020208e-7
437	-1.403791208002447e-7
438	-1.348986133670932e-7
439	-1.2962931847320651e-7
440	-1.24563212857719e-7
441	-1.1969257296912409e-7
442	-1.1500996414451815e-7
443	-1.1050823008092836e-7
444	-1.0618048249778501e-7
445	-1.020200911444384e-7
446	-9.802067458663765e-8
447	-9.417609080971329e-8
448	-9.048042858202384e-8
449	-8.692799874524397e-8
450	-8.35133262237143e-8
451	-8.023114192127027e-8
452	-7.707637524809143e-8
453	-7.404414665062562e-8
454	-7.112976068507594e-8
455	-6.832869905987665e-8
456	-6.563661413792011e-8
457	-6.304932255341995e-8
458	-6.056279915628867e-8
459	-5.817317114280549e-8
460	-5.5876712333360536e-8
461	-5.366983771025594e-8
462	-5.154909817710588e-8
463	-4.9511175577654797e-8
464	-4.755287763372686e-8
465	-4.567113337137528e-8
466	-4.386298859451932e-8
467	-4.2125601445972354e-8
468	-4.045623824704503e-8
469	-3.88522694039126e-8
470	-3.731116557248147e-8
471	-3.5830493870880325e-8
472	-3.440791425646918e-8
473	-3.3041176008326997e-8
474	-3.1728114407264474e-8
475	-3.046664750465675e-8
476	-2.9254772947381698e-8
477	-2.8090565101969734e-8
478	-2.6972172044512415e-8
479	-2.589781278550324e-8
480	-2.4865774772250982e-8
481	-2.387441096236636e-8
482	-2.2922137737141966e-8
483	-2.2007432198997502e-8
484	-2.1128829996770653e-8
485	-2.028492314821208e-8
486	-1.9474357854723647e-8
487	-1.8695832403029146e-8
488	-1.7948095297756453e-8
489	-1.7229943222168564e-8
490	-1.6540219344475887e-8
491	-1.5877811443406247e-8
492	-1.524165027095394e-8
493	-1.4630707875091085e-8
494	-1.4043996076724792e-8
495	-1.3480564898962205e-8
496	-1.2939501192276565e-8
497	-1.2419927106104229e-8
498	-1.1920998798676538e-8
499	-1.1441905282181124e-8
500	-1.0981866834263496e-8
501	-1.0540134178970639e-8
502	-1.011598703130579e-8
503	-9.708733109748685e-9
504	-9.317707146013287e-9
505	-8.942269571780199e-9
506	-8.581805932839029e-9
507	-8.235725510283427e-9
508	-7.903460712522283e-9
509	-7.584466085961114e-9
510	-7.2782173830554315e-9
511	-6.984210879856896e-9
512	-6.701962502466846e-9
513	-6.431007053068175e-9
514	-6.1708976057776844e-9
515	-5.92120463395026e-9
516	-5.6815154977696814e-9
517	-5.451433636130637e-9
518	-5.230578042347655e-9
519	-5.018582682930165e-9
520	-4.815095858565379e-9
521	-4.619779698706363e-9
522	-4.432309475545134e-9
523	-4.2523734087033145e-9
524	-4.07967180653118e-9
525	-3.913916839429961e-9
526	-3.754831959897129e-9
527	-3.6021515674518993e-9
528	-3.4556204628952526e-9
529	-3.3149935209349196e-9
530	-3.1800352695854654e-9
531	-3.050519542369006e-9
532	-2.9262290834038095e-9
533	-2.806955199658311e-9
534	-2.692497482810718e-9
535	-2.582663387009974e-9
536	-2.4772680637213083e-9
537	-2.3761338858973114e-9
538	-2.2790902746653466e-9
539	-2.1859734496217108e-9
540	-2.0966261028738645e-9
541	-2.010897113990595e-9
542	-1.9286413983612982e-9
543	-1.849719653837405e-9
544	-1.773998052757529e-9
545	-1.7013481120161774e-9
546	-1.631646413768842e-9
547	-1.5647745025018367e-9
548	-1.5006185857533026e-9
549	-1.4390694331379783e-9
550	-1.3800221480372055e-9
551	-1.3233759973009136e-9
552	-1.2690342979832969e-9
553	-1.216904153366761e-9
554	-1.1668964524824622e-9
555	-1.1189256031608247e-9
556	-1.0729093899558907e-9
557	-1.028768955276883e-9
558	-9.864285601690348e-10
559	-9.458154682736458e-10
560	-9.06859860452553e-10
561	-8.694947567889747e-10
562	-8.336557871331114e-10
563	-7.992812412057551e-10
564	-7.663117854879473e-10
565	-7.346905489599028e-10
566	-7.043629209343657e-10
567	-6.752764009589613e-10
568	-6.473807241233021e-10
569	-6.206275870569334e-10
570	-5.949705599595032e-10
571	-5.703651822611925e-10
572	-5.467687498589441e-10
573	-5.241402418864204e-10
574	-5.024403186327656e-10
575	-4.816312124822193e-10
576	-4.6167668984525445e-10
577	-4.425419507220822e-10
578	-4.2419364269068013e-10
579	-4.0659972403444814e-10
580	-3.8972944104159694e-10
581	-3.7355330843266524e-10
582	-3.5804300535029805e-10
583	-3.431713842146054e-10
584	-3.2891235139649825e-10
585	-3.152409037773501e-10
586	-3.0213303710791283e-10
587	-2.895657225899991e-10
588	-2.7751688587848227e-10
589	-2.659653021415632e-10
590	-2.548906234365475e-10
591	-2.4427332176014985e-10
592	-2.3409467745616306e-10
593	-2.2433676950564273e-10
594	-2.1498229681156597e-10
595	-2.060147228216165e-10
596	-1.9741820733227854e-10
597	-1.8917754058493365e-10
598	-1.812780795784122e-10
599	-1.7370585559083707e-10
600	-1.6644738643131178e-10
601	-1.5948980794476908e-10
602	-1.5282075306501144e-10
603	-1.4642831735117646e-10
604	-1.403011933815526e-10
605	-1.344284079769058e-10
606	-1.2879950110139164e-10
607	-1.23404433315847e-10
608	-1.182335990226569e-10
609	-1.1327771627937298e-10
610	-1.0852792537157684e-10
611	-1.0397576332094313e-10
612	-9.961301615594087e-11
613	-9.54319225959139e-11
614	-9.142494596413548e-11
615	-8.75849378271529e-11
616	-8.39049333476348e-11
617	-8.037837696850859e-11
618	-7.699887911253028e-11
619	-7.376040178251488e-11
620	-7.065705852524913e-11
621	-6.768330047432772e-11
622	-6.483371842539986e-11
623	-6.210322919235906e-11
624	-5.94868196436719e-11
625	-5.6979813805095325e-11
626	-5.457765866845913e-11
627	-5.227601146526577e-11
628	-5.0070667527940735e-11
629	-4.7957687338619274e-11
630	-4.5933186706748195e-11
631	-4.399350428949001e-11
632	-4.213511178040594e-11
633	-4.0354643247099296e-11
634	-3.86488461828062e-11
635	-3.701459205364107e-11
636	-3.544894533724289e-11
637	-3.3949018394111e-11
638	-3.2512099695915414e-11
639	-3.11355294261198e-11
640	-2.9816808278663086e-11
641	-2.855353196782781e-11
642	-2.7343384419613656e-11
643	-2.6184150397997207e-11
644	-2.5073690006967544e-11
645	-2.4009989861997055e-11
646	-2.2991061879102392e-11
647	-2.2015070894047482e-11
648	-2.10801962174285e-11
649	-2.018475908711693e-11
650	-1.9327047811856708e-11
651	-1.8505520436801012e-11
652	-1.771866809022463e-11
653	-1.6965048307784737e-11
654	-1.6243206439587536e-11
655	-1.5551895075464455e-11
656	-1.488977236456406e-11
657	-1.4255621609656499e-11
658	-1.364830999815272e-11
659	-1.3066674687909779e-11
660	-1.2509648682805227e-11
661	-1.1976202316731316e-11
662	-1.146532216016195e-11
663	-1.0976099272291867e-11
664	-1.0507580776524322e-11
665	-1.0058930835765859e-11
666	-9.629301020469569e-12
667	-9.217882414859389e-12
668	-8.823921139782137e-12
669	-8.446680113537901e-12
670	-8.08545493313365e-12
671	-7.739554040113183e-12
672	-7.408350121035031e-12
673	-7.091242404847286e-12
674	-6.787584412874088e-12
675	-6.496841298722427e-12
676	-6.218481898126897e-12
677	-5.951942489012626e-12
678	-5.6967479561884e-12
679	-5.452439929359201e-12
680	-5.218523490752132e-12
681	-4.9945702412136346e-12
682	-4.780147474420151e-12
683	-4.574885942168883e-12
684	-4.378375305161646e-12
685	-4.190232110889284e-12
686	-4.010132597405874e-12
687	-3.837709195500933e-12
688	-3.672651905789219e-12
689	-3.514639232806111e-12
690	-3.3633881003286023e-12
691	-3.218602289791019e-12
692	-3.0799886996306293e-12
693	-2.9473066897726707e-12
694	-2.8203168377232047e-12
695	-2.69876377027134e-12
696	-2.58239237371782e-12
697	-2.47101315754166e-12
698	-2.364402226560046e-12
699	-2.262350433839517e-12
700	-2.164695344107882e-12
701	-2.0712061656239035e-12
702	-1.9817466051142414e-12
703	-1.896111281074127e-12
704	-1.8141553855918799e-12
705	-1.7357130125284675e-12
706	-1.6606451995243506e-12
707	-1.5888072216171633e-12
708	-1.5200483536363946e-12
709	-1.4542275280284956e-12
710	-1.3912603639519363e-12
711	-1.3309917874210887e-12
712	-1.2733226719365873e-12
713	-1.2181303183034351e-12
714	-1.1653154541107895e-12
715	-1.1147704707682896e-12
716	-1.0664103794501785e-12
717	-1.0201258000325739e-12
718	-9.758448491624053e-13
719	-9.334708288367292e-13
720	-8.929130872227022e-13
721	-8.541172945899666e-13
722	-8.170037656690809e-13
723	-7.814677001917702e-13
724	-7.475004634347519e-13
725	-7.149767535098891e-13
726	-6.83851744382964e-13
727	-6.540847291537301e-13
728	-6.25609052803659e-13
729	-5.983621709035608e-13
730	-5.722854592543232e-13
731	-5.473535941238129e-13
732	-5.234854915272656e-13
733	-5.006479064507285e-13
734	-4.788106313466981e-13
735	-4.579171763742186e-13
736	-4.379287184535093e-13
737	-4.1879474433578346e-13
738	-4.0051090233506735e-13
739	-3.830174334630845e-13
740	-3.6627171616376e-13
741	-3.502621873863906e-13
742	-3.349365482149331e-13
743	-3.203017121991734e-13
744	-3.062813259448699e-13
745	-2.928721339361955e-13
746	-2.8004436819389626e-13
747	-2.677841230120876e-13
748	-2.5605119464202724e-13
749	-2.4482116804757874e-13
750	-2.340989349333144e-13
751	-2.2382156046245838e-13
752	-2.1401064243396158e-13
753	-2.0462010178364038e-13
754	-1.9563287683812786e-13
755	-1.870603690409027e-13
756	-1.7883348777965276e-13
757	-1.7097957902738145e-13
758	-1.6347267694165875e-13
759	-1.562880422335531e-13
760	-1.494021096405593e-13
761	-1.4284566576526897e-13
762	-1.3654372774775078e-13
763	-1.3054200900521863e-13
764	-1.2479410830169912e-13
765	-1.1930740804417271e-13
766	-1.1403754832937068e-13
767	-1.090195181191723e-13
768	-1.0421055329078039e-13
769	-9.962074695277908e-14
770	-9.522195038496742e-14
771	-9.10254031677009e-14
772	-8.700432913767494e-14
773	-8.315826358364731e-14
774	-7.94998648908989e-14
775	-7.59788617074742e-14
776	-7.262163969640249e-14
777	-6.940442658582316e-14
778	-6.634163781354065e-14
779	-6.341049865331926e-14
780	-6.060130658551164e-14
781	-5.792951565595083e-14
782	-5.5349163437380866e-14
783	-5.2913280261676555e-14
784	-5.0564541279086415e-14
785	-4.831969937420909e-14
786	-4.618339670401817e-14
787	-4.413632657447784e-14
788	-4.21837402185159e-14
789	-4.030709889684774e-14
790	-3.852412148708197e-14
791	-3.6804967724458484e-14
792	-3.5167757807596046e-14
793	-3.360695792591987e-14
794	-3.211729852238976e-14
795	-3.069376282603545e-14
796	-2.933157587442173e-14
797	-2.8026194005265734e-14
798	-2.677329479726085e-14
799	-2.55802640424235e-14
800	-2.4443053825204728e-14
801	-2.335781019833351e-14
802	-2.2320864742734178e-14
803	-2.1317415490319553e-14
804	-2.036680941872796e-14
805	-1.9465748892374858e-14
806	-1.858874690810023e-14
807	-1.776646593302691e-14
808	-1.697375589098953e-14
809	-1.6208039662216037e-14
810	-1.548884756862139e-14
811	-1.4802638876996496e-14
812	-1.413617508490897e-14
813	-1.3498217585954227e-14
814	-1.2897454137398346e-14
815	-1.2320973201592677e-14
816	-1.1766860221710151e-14
817	-1.124396597368663e-14
818	-1.0739801571858726e-14
819	-1.0263305698889205e-14
820	-9.802250641083535e-15
821	-9.365647978760597e-15
822	-8.941516222047658e-15
823	-8.538926134173278e-15
824	-8.166838848119546e-15
825	-7.792862147113558e-15
826	-7.446798107043792e-15
827	-7.106868526079322e-15
828	-6.792416739019138e-15
829	-6.492089391646788e-15
830	-6.1947642616959245e-15
831	-5.9196784973633904e-15
832	-5.645765810799525e-15
833	-5.3921819231897374e-15
834	-5.157951597831152e-15
835	-4.92240733753842e-15
836	-4.704568939269182e-15
837	-4.484024215023007e-15
838	-4.279693837307152e-15
839	-4.090799159396503e-15
840	-3.906946613309473e-15
841	-3.737161241039847e-15
842	-3.561637787190782e-15
843	-3.3990248242048764e-15
844	-3.2487009412067946e-15
845	-3.1006390756335157e-15
846	-2.963790939591831e-15
847	-2.828266663371062e-15
848	-2.6936762547710784e-15
849	-2.5781758820452595e-15
850	-2.462725420369949e-15
851	-2.346999985587481e-15
852	-2.248962662459577e-15
853	-2.1407972761706097e-15
854	-2.0404615956933166e-15
855	-1.9475777236591917e-15
856	-1.861784592620526e-15
857	-1.7827372255223683e-15
858	-1.7012247469290026e-15
859	-1.6258972221854486e-15
860	-1.5476558518884426e-15
861	-1.475093987472189e-15
862	-1.4079365462800755e-15
863	-1.3459207274636521e-15
864	-1.2887954710931622e-15
865	-1.2277305982863064e-15
866	-1.1711697369313683e-15
867	-1.1188937585225612e-15
868	-1.0706933373423716e-15
869	-1.017942403957893e-15
870	-9.689577229377617e-16
871	-9.235565765581989e-16
872	-8.815644295982099e-16
873	-8.428145679358604e-16
874	-8.071477530018574e-16
875	-7.74411891398438e-16
876	-7.363194000308727e-16
877	-7.009541876827521e-16
878	-6.681834696099275e-16
879	-6.378804225622193e-16
880	-6.099239208842233e-16
881	-5.841982842202927e-16
882	-5.526902596840336e-16
883	-5.311394844022879e-16
884	-5.115027485285219e-16
885	-4.858995365392928e-16
886	-4.621008797763487e-16
887	-4.400187669555405e-16
888	-4.195691501336109e-16
889	-4.0067176875016663e-16
890	-3.8324998142925954e-16
891	-3.6723060520088865e-16
892	-3.5254376181697856e-16
893	-3.3165003572536704e-16
894	-3.120354340547215e-16
895	-3.0103461830404425e-16
896	-2.911168280318927e-16
897	-2.749073679888614e-16
898	-2.5974879999667406e-16
899	-2.52833453653701e-16
900	-2.3958861081934295e-16
901	-2.272490980943366e-16
902	-2.1577068377950703e-16
903	-2.0511113793222255e-16
904	-2.0228475466191437e-16
905	-1.860892087766527e-16
906	-1.846314962946622e-16
907	-1.6988221015330305e-16
908	-1.6274758438676029e-16
909	-1.5621575067452955e-16
910	-1.5025620064618727e-16
911	-1.448398148078257e-16
912	-1.331805661847019e-16
913	-1.2880498496407296e-16
914	-1.2489283240751632e-16
915	-1.147711686148606e-16
916	-1.1175078129347094e-16
917	-1.0912450892013362e-16
918	-1.0033110425480902e-16
919	-9.846702055561348e-17
920	-9.693682104041615e-17
921	-8.92896124124778e-17
922	-8.201198006208761e-17
923	-8.144847515280169e-17
924	-8.115060955392751e-17
925	-7.48126286573809e-17
926	-6.878127660832567e-17
927	-6.304251036548277e-17
928	-6.376817755950286e-17
929	-6.469037271547751e-17
930	-5.968168417906742e-17
931	-5.4915701867008486e-17
932	-5.0381290471506773e-17
933	-4.6067820045830563e-17
934	-4.794241749591767e-17
935	-4.4006552766633954e-17
936	-4.617144394401672e-17
937	-4.257660145229236e-17
938	-3.915657972637424e-17
939	-3.590333707553676e-17
940	-3.28091976426139e-17
941	-2.9866834880854426e-17
942	-3.2775129629354186e-17
943	-3.00822112840102e-17
944	-3.3160221164806303e-17
945	-3.069167648445309e-17
946	-2.8343199895929166e-17
947	-2.610925314320187e-17
948	-2.3984550613898836e-17
949	-2.1964047897855433e-17
950	-2.004293086015931e-17
951	-1.8216605205706724e-17
952	-1.648068651331162e-17
953	-2.0174787066020386e-17
954	-1.85750453410271e-17
955	-1.705383045566062e-17
956	-1.5607506554617284e-17
957	-1.9447938282734324e-17
958	-1.8109298825858504e-17
959	-1.6835718341203358e-17
960	-1.5624182550877424e-17
961	-1.4471815311089e-17
962	-1.3375872328797855e-17
963	-1.2333735162131396e-17
964	-1.1342905491835543e-17
965	-1.0400999651612575e-17
966	-9.50574340571643e-18
967	-8.65496696271615e-18
968	-7.846600214823823e-18
969	-7.078668192646592e-18
970	-6.349286725693334e-18
971	-5.656658299384418e-18
972	-4.999068099726684e-18
973	-4.374880237219798e-18
974	-3.7825341419253144e-18
975	-3.2205411219963197e-18
976	-7.31606125704666e-18
977	-6.780772946435828e-18
978	-6.271878423726326e-18
979	-5.788145118898815e-18
980	-5.328397336311143e-18
981	-4.891513650481683e-18
982	-4.4764244202419146e-18
983	-4.08210941591282e-18
984	-3.70759555440714e-18
985	-3.351954737381689e-18
986	-3.01430178778467e-18
987	-2.6937924803542882e-18
988	-6.667626820703538e-18
989	-6.3505115859649246e-18
990	-6.048342232426222e-18
991	-5.760420364466635e-18
992	-5.486079956044968e-18
993	-5.224685862108829e-18
994	-4.975632397943626e-18
995	-4.738341983387437e-18
996	-4.5122638489668105e-18
997	-4.296872801149647e-18
998	-4.091668044032941e-18
999	-3.896172054904033e-18
1000	-3.709929511231613e-18