1	0.000010289707565055842
2	0.00008023329811244017
3	0.00026387788613690586
4	0.000609408753813797
5	0.0011594312601951547
6	0.001951253246227886
7	0.0030171664915012194
8	0.004384725941955215
9	0.0060770255785713625
10	0.008112969936086378
11	0.010507540408749384
12	0.013272055597772147
13	0.016414425063058003
14	0.019939395940660586
15	0.02384879197780675
16	0.028141744619780116
17	0.03281491585802794
18	0.03786271261702804
19	0.04327749251920303
20	0.049049760922945856
21	0.05516835917904191
22	0.06162064409583718
23	0.06839265864378376
24	0.075469293965845
25	0.08283444279199265
26	0.09047114438399703
27	0.09836172116117675
28	0.10648790717902987
29	0.11483096865095778
30	0.12337181671886374
31	0.13209111269148655
32	0.14096936598012993
33	0.14998702497015964
34	0.15912456107346395
35	0.16836254621216085
36	0.1776817239873698
37	0.18706307478897968
38	0.19648787510318924
39	0.20593775127429428
40	0.2153947279758668
41	0.22484127164424222
42	0.23426032912417818
43	0.24363536177279085
44	0.25295037526349506
45	0.26218994532674644
46	0.2713392396589896
47	0.2803840362254241
48	0.28931073817607883
49	0.2981063855882634
50	0.30675866424186543
51	0.31525591162712296
52	0.32358712037759735
53	0.3317419393140244
54	0.33971067227765084
55	0.3474842749245473
56	0.35505434964531385
57	0.3624131387675035
58	0.3695535161911048
59	0.3764689776004955
60	0.3831536293894387
61	0.38960217642898737
62	0.3958099088015769
63	0.40177268761813206
64	0.4074869300287168
65	0.4129495935311304
66	0.4181581596758691
67	0.42311061726009425
68	0.4278054450976119
69	0.4322415944464535
70	0.4364184711703808
71	0.44033591770559116
72	0.44399419489900993
73	0.4473939637798748
74	0.45053626732182417
75	0.4534225122483747
76	0.4560544509305505
77	0.4584341634214795
78	0.4605640396689997
79	0.4624467619437335
80	0.4640852875166561
81	0.46548283161695886
82	0.46664285069788575
83	0.4675690260353424
84	0.46826524768127964
85	0.4687355987912521
86	0.4689843403430843
87	0.46901589626125284
88	0.4688348389594233
89	0.4684458753115032
90	0.4678538330596773
91	0.467063647666086
92	0.46608034961312234
93	0.46490905215577494
94	0.46355493952797977
95	0.4620232556036052
96	0.4603192930114434
97	0.4584483827024319
98	0.45641588396628074
99	0.4542271748936836
100	0.4518876432794476
101	0.4494026779610367
102	0.44677766058628393
103	0.44401795780340836
104	0.4411289138658402
105	0.4381158436438513
106	0.4349840260344963
107	0.431738697760997
108	0.4283850475523001
109	0.42492821069325915
110	0.4213732639356364
111	0.41772522075985624
112	0.4139890269773562
113	0.4101695566631388
114	0.40627160840812165
115	0.40229990188076287
116	0.3982590746874132
117	0.39415367952085884
118	0.3899881815865221
119	0.38576695629584634
120	0.38149428721643214
121	0.37717436426863643
122	0.3728112821583695
123	0.3684090390360561
124	0.36397153537176236
125	0.35950257303672334
126	0.3550058545816356
127	0.3504849827022591
128	0.34594345988308756
129	0.34138468821000045
130	0.33681196934306706
131	0.33222850464083536
132	0.32763739542768616
133	0.323041643396058
134	0.3184441511355377
135	0.31384772278108625
136	0.3092550647728677
137	0.30466878672039965
138	0.3000914023639496
139	0.29552533062637676
140	0.2909728967488097
141	0.28643633350380754
142	0.28191778247986377
143	0.27741929543136845
144	0.27294283568832134
145	0.2684902796203697
146	0.26406341814992584
147	0.25966395830934375
148	0.2552935248373403
149	0.2509536618100929
150	0.24664583430260442
151	0.24237143007613943
152	0.23813176128776428
153	0.23392806621817266
154	0.22976151101417824
155	0.22563319144248503
156	0.22154413465142414
157	0.21749530093764127
158	0.21348758551478478
159	0.2095218202814659
160	0.20559877558590015
161	0.20171916198481624
162	0.19788363199431522
163	0.19409278183055428
164	0.19034715313829018
165	0.18664723470535335
166	0.1829934641613632
167	0.17938622965904313
168	0.17582587153668705
169	0.17231268396032023
170	0.16884691654438222
171	0.16542877594970842
172	0.16205842745776358
173	0.1587359965201761
174	0.15546157028271984
175	0.15223519908292293
176	0.14905689792064103
177	0.1459266479009905
178	0.14284439764907506
179	0.1398100646960673
180	0.13682353683625967
181	0.13388467345473168
182	0.13099330682541083
183	0.12814924337926276
184	0.125352264942579
185	0.12260212994509938
186	0.11989857459810903
187	0.11724131404238282
188	0.11463004346607746
189	0.11206443919268748
190	0.10954415973910121
191	0.1070688468440852
192	0.1046381264671965
193	0.10225160975853734
194	0.09990889399949643
195	0.09760956351483414
196	0.09535319055635169
197	0.09313933615859135
198	0.09096755096682564
199	0.08883737603774544
200	0.08674834361328947
201	0.08469997786795574
202	0.08269179563006768
203	0.08072330707741776
204	0.07879401640777249
205	0.07690342248461997
206	0.07505101945874304
207	0.07323629736598586
208	0.07145874270179263
209	0.06971783897292627
210	0.0680130672269243
211	0.06634390655977702
212	0.0647098346022678
213	0.06311032798557328
214	0.06154486278654093
215	0.060012914953207784
216	0.058513960711011205
217	0.05704747695022407
218	0.055612941595096096
219	0.05420983395519497
220	0.05283763505945409
221	0.051495827973364286
222	0.0501838980998782
223	0.04890133346443032
224	0.04764762498453593
225	0.04642226672451369
226	0.04522475613572151
227	0.04405459428278347
228	0.04291128605626044
229	0.041794340372207736
230	0.04070327035898239
231	0.039637593531906004
232	0.038596831955966374
233	0.03758051239711093
234	0.03658816646259968
235	0.035619330730581496
236	0.03467354686955086
237	0.033750361747827834
238	0.032849327533617155
239	0.03197000178591014
240	0.031111947536578477
241	0.030274733364073048
242	0.029457933459005107
243	0.028661127681933254
244	0.027883901613811556
245	0.0271258465991608
246	0.02638655978250723
247	0.025665644138287397
248	0.024962708494494733
249	0.024277367550357004
250	0.023609241888362813
251	0.02295795798084003
252	0.022323148191405344
253	0.021704450771476924
254	0.02110150985210563
255	0.02051397543145324
256	0.019941503357966996
257	0.019383755309644743
258	0.01884039876947387
259	0.018311106997398467
260	0.01779555899881318
261	0.017293439490004007
262	0.016804438860472466
263	0.016328253132627576
264	0.01586458391869921
265	0.015413138375296656
266	0.014973629155617093
267	0.014545774359543054
268	0.014129297481728899
269	0.01372392735788857
270	0.013329398109284568
271	0.012945449085772233
272	0.012571824807287656
273	0.012208274904101356
274	0.011854554055823058
275	0.011510421929290759
276	0.01117564311559578
277	0.010849987066121907
278	0.010533228027839694
279	0.010225144977959833
280	0.00992552155795585
281	0.009634146007100651
282	0.009350811095607404
283	0.009075314057409033
284	0.00880745652266694
285	0.00854704445011186
286	0.008293888059303178
287	0.008047801762714142
288	0.007808604097949875
289	0.007576117659948449
290	0.007350169033361859
291	0.007130588725037733
292	0.006917211096789805
293	0.006709874298444356
294	0.006508420201099815
295	0.0063126943308658935
296	0.006122545802931598
297	0.005937827256055276
298	0.005758394787587893
299	0.005584107888918237
300	0.005414829381488349
301	0.005250425353360204
302	0.00509076509635015
303	0.004935721043821468
304	0.004785168709031735
305	0.004638986624169525
306	0.004497056280093234
307	0.004359262066705777
308	0.0042254912140238824
309	0.004095633734061012
310	0.003969582363287419
311	0.003847232505995474
312	0.0037284821782784896
313	0.0036132319528573422
314	0.00350138490466907
315	0.003392846557175354
316	0.0032875248295227764
317	0.0031853299844175993
318	0.0030861745768947127
319	0.002989973403753075
320	0.0028966434539091637
321	0.002806103859426574
322	0.0027182758474728133
323	0.002633082692924337
324	0.0025504496719254647
325	0.002470304016126058
326	0.002392574867739871
327	0.0023171932353797794
328	0.002244091950769456
329	0.002173205626095179
330	0.0021044706122249667
331	0.002037824957664208
332	0.001973208368302468
333	0.0019105621678937627
334	0.001849829259303987
335	0.0017909540865123736
336	0.001733882597330394
337	0.0016785622068620212
338	0.0016249417617246954
339	0.001572971504925584
340	0.0015226030414935779
341	0.0014737893047933135
342	0.0014264845235265643
343	0.0013806441894744924
344	0.001336225025802734
345	0.0012931849561469214
346	0.0012514830743092962
347	0.0012110796146005912
348	0.0011719359227778284
349	0.0011340144277309978
350	0.001097278613682953
351	0.001061692993037534
352	0.001027223079847648
353	0.0009938353638520182
354	0.0009614972850703745
355	0.0009301772090553346
356	0.0008998444026188253
357	0.000870469010142174
358	0.0008420220304954382
359	0.0008144752943993324
360	0.0007878014423217485
361	0.0007619739029539808
362	0.0007369668721758187
363	0.0007127552924903237
364	0.0006893148328964008
365	0.0006666218694383299
366	0.0006446534659693446
367	0.0006233873555470066
368	0.0006028019222459908
369	0.0005828761834034094
370	0.000563589772250404
371	0.0005449229210617301
372	0.0005268564447050259
373	0.0005093717244958329
374	0.0004924506925968701
375	0.00047607581670401487
376	0.0004602300851631879
377	0.00044489699252112943
378	0.00043006052525138027
379	0.00041570514805557127
380	0.00040181579044937455
381	0.00038837783358392126
382	0.00037537709757930025
383	0.0003627998290698059
384	0.0003506326890658736
385	0.0003388627412403672
386	0.000327477440425939
387	0.0003164646213725638
388	0.0003058124879893317
389	0.0002955096026456083
390	0.00028554487588136097
391	0.0002759075564247587
392	0.00026658722134433206
393	0.0002575737665676197
394	0.00024885739765933505
395	0.00024042862077008586
396	0.0002322782338881225
397	0.00022439731830431751
398	0.00021677723034443529
399	0.0002094095933213505
400	0.000202286289600472
401	0.00019539945306966318
402	0.00018874146164489484
403	0.0001823049300903782
404	0.00017608270301029094
405	0.00017006784796909203
406	0.00016425364895343588
407	0.00015863359983023828
408	0.0001532013981409163
409	0.00014795093898927402
410	0.00014287630909381926
411	0.00013797178107714434
412	0.0001332318078989206
413	0.00012865101732369735
414	0.00012422420669785952
415	0.00011994633788135639
416	0.000115812532186865
417	0.00011181806555327356
418	0.00010795836386792554
419	0.00010422899837376843
420	0.00010062568124370726
421	0.00009714426131980091
422	0.00009378071987758755
423	0.00009053116657141801
424	0.00008739183549525862
425	0.00008435908137935713
426	0.00008142937588035523
427	0.00007859930389561647
428	0.00007586556016121832
429	0.00007322494581285505
430	0.00007067436507929104
431	0.00006821082205121322
432	0.00006583141769881269
433	0.00006353334666859727
434	0.00006131389454616559
435	0.00005917043488242339
436	0.00005710042650399566
437	0.000055101410842049325
438	0.000053171009322380436
439	0.00005130692086069024
440	0.00004950691937541189
441	0.000047768851547311805
442	0.00004609063443362535
443	0.00004447025320359196
444	0.00004290575904087684
445	0.00004139526712457648
446	0.00003993695444921677
447	0.000038529057984234144
448	0.0000371698726653077
449	0.000035857749652669435
450	0.00003459109442577204
451	0.00003336836515224151
452	0.000032188070925251394
453	0.00003104877019997676
454	0.0000299490691298099
455	0.000028887620107850075
456	0.000027863120240343077
457	0.000026874309934026306
458	0.00002591997147473262
459	0.000024998927668789876
460	0.00002411004056393053
461	0.00002325221018168482
462	0.00002242437327683681
463	0.00002162550209706748
464	0.000020854603329829005
465	0.000020110716911335295
466	0.000019392914940388138
467	0.000018700300671293107
468	0.000018032007472563217
469	0.000017387197867696272
470	0.000016765062544036186
471	0.000016164819446673694
472	0.000015585712886645678
473	0.000015027012693811414
474	0.00001448801335707667
475	0.00001396803321145842
476	0.000013466413688379794
477	0.00001298251848251704
478	0.000012515732887364027
479	0.000012065463079347531
480	0.000011631135320057303
481	0.000011212195496073613
482	0.00001080810823534557
483	0.000010418356468305673
484	0.000010042440746192196
485	9.679878631201585e-6
486	9.330204160281407e-6
487	8.992967323304593e-6
488	8.66773346444701e-6
489	8.354082851235787e-6
490	8.05161009165529e-6
491	7.759923720779777e-6
492	7.478645697476347e-6
493	7.20741098040496e-6
494	6.9458670607059226e-6
495	6.693673575567098e-6
496	6.4505018481618505e-6
497	6.216034572215487e-6
498	5.989965392771769e-6
499	5.77199844453087e-6
500	5.5618482102807084e-6
501	5.359238929975671e-6
502	5.163904456913663e-6
503	4.975587853510422e-6
504	4.794041025185357e-6
505	4.619024600949599e-6
506	4.450307376376657e-6
507	4.287666307105631e-6
508	4.1308860323984975e-6
509	3.979758679173115e-6
510	3.834083660342607e-6
511	3.6936673378288174e-6
512	3.5583228405896507e-6
513	3.4278698449578284e-6
514	3.3021342678273094e-6
515	3.180948165881929e-6
516	3.0641494180041275e-6
517	2.9515816312154354e-6
518	2.8430938785274567e-6
519	2.738540497247696e-6
520	2.6377809488234197e-6
521	2.540679608624755e-6
522	2.447105700727203e-6
523	2.356932913637976e-6
524	2.2700394934209066e-6
525	2.1863079182444637e-6
526	2.1056248354190338e-6
527	2.0278808449565086e-6
528	1.9529704473396075e-6
529	1.8807918542975967e-6
530	1.811246880439326e-6
531	1.7442407983960912e-6
532	1.6796822419112506e-6
533	1.6174830895729612e-6
534	1.557558311904096e-6
535	1.4998259351462258e-6
536	1.4442068323586298e-6
537	1.3906247512358358e-6
538	1.3390061350227758e-6
539	1.2892800092831757e-6
540	1.2413779355254586e-6
541	1.1952339461759473e-6
542	1.150784391327527e-6
543	1.1079678697629275e-6
544	1.0667252106723075e-6
545	1.026999332417869e-6
546	9.887352212871646e-7
547	9.518797868402034e-7
548	9.163818728332114e-7
549	8.821921271182331e-7
550	8.492629751364245e-7
551	8.17548557307981e-7
552	7.870046298577191e-7
553	7.575885879863303e-7
554	7.292592937020387e-7
555	7.019771145551288e-7
556	6.757038733594608e-7
557	6.504027077515858e-7
558	6.260381065258432e-7
559	6.025758564835881e-7
560	5.799829704052438e-7
561	5.582276138974403e-7
562	5.372791571304822e-7
563	5.171080104287539e-7
564	4.97685728768075e-7
565	4.7898482756071e-7
566	4.609788318749628e-7
567	4.4364228959531097e-7
568	4.2695056617590173e-7
569	4.108799650101381e-7
570	3.954077027962695e-7
571	3.8051173815019854e-7
572	3.6617085465820715e-7
573	3.523646345039178e-7
574	3.3907337650176135e-7
575	3.262781051497057e-7
576	3.1396052428535194e-7
577	3.021030255091016e-7
578	2.9068860404269383e-7
579	2.797009032898233e-7
580	2.6912416689983183e-7
581	2.5894319021926014e-7
582	2.49143345598656e-7
583	2.3971051458617256e-7
584	2.3063113139014435e-7
585	2.2189209571013036e-7
586	2.1348079702101228e-7
587	2.0538508269155448e-7
588	1.9759322569891014e-7
589	1.9009396721412082e-7
590	1.8287644640085297e-7
591	1.7593020497524746e-7
592	1.6924515391222664e-7
593	1.6281153976652094e-7
594	1.5662006227843357e-7
595	1.5066170814898272e-7
596	1.4492777340504172e-7
597	1.3940988589315255e-7
598	1.341000278989643e-7
599	1.2899040612668885e-7
600	1.2407358821317068e-7
601	1.1934235310441144e-7
602	1.1478977021657834e-7
603	1.1040920239867988e-7
604	1.0619415502689519e-7
605	1.0213848965312307e-7
606	9.823623444879469e-8
607	9.448164404354872e-8
608	9.086916314092033e-8
609	8.739350595406584e-8
610	8.404954238191508e-8
611	8.083229969885221e-8
612	7.773708084148365e-8
613	7.475925274163762e-8
614	7.189444218571537e-8
615	6.913836244561054e-8
616	6.64869901911938e-8
617	6.393633294452011e-8
618	6.148264520241543e-8
619	5.9122234356608944e-8
620	5.685163817851929e-8
621	5.4667430091534735e-8
622	5.2566396941029176e-8
623	5.054534362974597e-8
624	4.860133036299849e-8
625	4.673139799797192e-8
626	4.4932766040794755e-8
627	4.320273503916023e-8
628	4.1538746846342434e-8
629	3.9938246826137666e-8
630	3.839888285701545e-8
631	3.6918327751908165e-8
632	3.549435932394113e-8
633	3.412482136533681e-8
634	3.280766418329518e-8
635	3.1540925449463154e-8
636	3.032265089460035e-8
637	2.91510347461691e-8
638	2.802428041848294e-8
639	2.6940721171378853e-8
640	2.589870045826455e-8
641	2.4896632494899808e-8
642	2.3933002809615218e-8
643	2.3006348631617926e-8
644	2.2115279494635156e-8
645	2.1258417177865032e-8
646	2.0434496994447715e-8
647	1.964222685615872e-8
648	1.8880429064770537e-8
649	1.814789907791603e-8
650	1.744358817018341e-8
651	1.6766380836099348e-8
652	1.61152369292418e-8
653	1.548915142661519e-8
654	1.4887236204317511e-8
655	1.4308475954737715e-8
656	1.3752054303641211e-8
657	1.3217109641116268e-8
658	1.2702775898612399e-8
659	1.2208305438370325e-8
660	1.1732926251225399e-8
661	1.1275903444249862e-8
662	1.0836560008149766e-8
663	1.0414174423478515e-8
664	1.0008145030235932e-8
665	9.61780539610737e-9
666	9.242568281712767e-9
667	8.881864195541565e-9
668	8.535120892128265e-9
669	8.201804715516393e-9
670	7.881400146054223e-9
671	7.573430610051402e-9
672	7.277396582359577e-9
673	6.99281697478467e-9
674	6.7193121959994815e-9
675	6.456417835946628e-9
676	6.203708974279325e-9
677	5.960841944331229e-9
678	5.727409085257663e-9
679	5.5030217927449296e-9
680	5.287373122763152e-9
681	5.080113048619254e-9
682	4.880931780084832e-9
683	4.6894764299065284e-9
684	4.505476244537594e-9
685	4.3286592973439e-9
686	4.158710661993705e-9
687	3.995397912996083e-9
688	3.8384457249779395e-9
689	3.6876196135704265e-9
690	3.5426631542773716e-9
691	3.4033609156711195e-9
692	3.2695176087380462e-9
693	3.140895101113532e-9
694	3.017275405936355e-9
695	2.898481818188281e-9
696	2.7843580007037742e-9
697	2.6746837520381603e-9
698	2.569301366562581e-9
699	2.4680525335143404e-9
700	2.370736114129595e-9
701	2.277255934615484e-9
702	2.1874096908389684e-9
703	2.1011001935636727e-9
704	2.0181663522705057e-9
705	1.938488897234805e-9
706	1.8619269364997451e-9
707	1.7883603120638201e-9
708	1.717689668822104e-9
709	1.6498152942584334e-9
710	1.584573409605301e-9
711	1.5219060065290527e-9
712	1.4616910492465357e-9
713	1.403848674188604e-9
714	1.348277458099027e-9
715	1.294896957921311e-9
716	1.2436051616265886e-9
717	1.1943423872845697e-9
718	1.1470060910779682e-9
719	1.1015361130616204e-9
720	1.0578720931374495e-9
721	1.0159107630698202e-9
722	9.755913161822226e-10
723	9.368955114192885e-10
724	8.996766913792544e-10
725	8.639590262180277e-10
726	8.29659643631752e-10
727	7.966954643001071e-10
728	7.650260516989043e-10
729	7.346108444717769e-10
730	7.054091592616509e-10
731	6.773372969398421e-10
732	6.503972013992911e-10
733	6.245263759854633e-10
734	5.99662180605812e-10
735	5.757847985202229e-10
736	5.528528519650345e-10
737	5.308463586898962e-10
738	5.096807544793791e-10
739	4.89357366882329e-10
740	4.698559705923574e-10
741	4.5111322470263e-10
742	4.33130272123208e-10
743	4.1582206291740185e-10
744	3.9923269342209305e-10
745	3.832985157337248e-10
746	3.6799889676572384e-10
747	3.5329158495111725e-10
748	3.391774005703021e-10
749	3.2563556116364066e-10
750	3.126020660170335e-10
751	3.001207788746368e-10
752	2.881060065791967e-10
753	2.765799587927801e-10
754	2.655216324696318e-10
755	2.548667572926176e-10
756	2.4468069491659804e-10
757	2.3487748560636e-10
758	2.254575876641406e-10
759	2.1642144463439177e-10
760	2.0776948533204155e-10
761	1.9941555319473e-10
762	1.9144658322808378e-10
763	1.8375470525637202e-10
764	1.763835400863737e-10
765	1.6929009213108382e-10
766	1.625179759104375e-10
767	1.5598082311578272e-10
768	1.497222194510499e-10
769	1.436990731101001e-10
770	1.379332873464514e-10
771	1.3238172752349814e-10
772	1.2706627579786764e-10
773	1.2196544480247953e-10
774	1.1703603770763484e-10
775	1.1234328866219934e-10
776	1.078222881470635e-10
777	1.0349487705702488e-10
778	9.931780103885861e-11
779	9.531288576035607e-11
780	9.148025587961068e-11
781	8.777661889478498e-11
782	8.426719763121469e-11
783	8.084355938446417e-11
784	7.759262694349411e-11
785	7.447107183902931e-11
786	7.145726223804904e-11
787	6.857298518921718e-11
788	6.579659765910018e-11
789	6.314988026237735e-11
790	6.058946266832433e-11
791	5.8158834021322094e-11
792	5.581461318862137e-11
793	5.3556847721586596e-11
794	5.1385582034247e-11
795	4.930085741154009e-11
796	4.730271201763074e-11
797	4.539118090430456e-11
798	4.356629601943523e-11
799	4.1806368621435894e-11
800	4.0111426051952507e-11
801	3.8481493325351094e-11
802	3.6916593135163404e-11
803	3.543846060360373e-11
804	3.40036832916139e-11
805	3.2612280042753175e-11
806	3.1307690745456826e-11
807	3.002479306708301e-11
808	2.8807021795797097e-11
809	2.7654384303750537e-11
810	2.652347574985819e-11
811	2.543601339092889e-11
812	2.4413705653092413e-11
813	2.34348530350559e-11
814	2.2477762814172138e-11
815	2.1564138880951493e-11
816	2.0693982551464638e-11
817	1.9845604458530034e-11
818	1.9040697594984922e-11
819	1.8257575577953497e-11
820	1.751792366837516e-11
821	1.680005896559248e-11
822	1.6125658530155042e-11
823	1.5473043439726688e-11
824	1.482054715496191e-11
825	1.423317225629887e-11
826	1.3645915780354545e-11
827	1.3102100252405332e-11
828	1.2558406961343953e-11
829	1.2036493309548989e-11
830	1.1557999975880228e-11
831	1.1079630030781234e-11
832	1.0644662359064954e-11
833	1.020981574446757e-11
834	9.775097339625581e-12
835	9.383757398215045e-12
836	8.99254040123724e-12
837	8.644676122758123e-12
838	8.296927119805681e-12
839	7.949299054363626e-12
840	7.62339358748124e-12
841	7.297609420897034e-12
842	7.015121801887541e-12
843	6.732743261873842e-12
844	6.450478350149819e-12
845	6.189899195186877e-12
846	5.929430671666399e-12
847	5.69063237239822e-12
848	5.473489690713812e-12
849	5.2349017184930605e-12
850	5.017963998431613e-12
851	4.822660534532338e-12
852	4.6059285845911006e-12
853	4.432340325105851e-12
854	4.258839026136833e-12
855	4.085427418048023e-12
856	3.912108222419532e-12
857	3.738884152018681e-12
858	3.587238380113449e-12
859	3.4356781708701274e-12
860	3.3056712787211224e-12
861	3.175739253972611e-12
862	3.045884109585574e-12
863	2.916107851813361e-12
864	2.786412480181527e-12
865	2.6782257938184397e-12
866	2.5701074844232823e-12
867	2.462059207551487e-12
868	2.354082613100018e-12
869	2.2675715295323115e-12
870	2.1811180635113777e-12
871	2.094723527649126e-12
872	2.0083892299935254e-12
873	1.922116474016382e-12
874	1.835906558601308e-12
875	1.7497607780318129e-12
876	1.6850096581588381e-12
877	1.620306418073929e-12
878	1.5556520240850311e-12
879	1.4910474390265272e-12
880	1.426493622250776e-12
881	1.3619915296198106e-12
882	1.318813295685597e-12
883	1.254407466235089e-12
884	1.1900561045565743e-12
885	1.1470009103654608e-12
886	1.1039813714280644e-12
887	1.0609981166570042e-12
888	1.0180517726105766e-12
889	9.751429634877222e-13
890	9.32272311123056e-13
891	8.894404349819939e-13
892	8.466479521559411e-13
893	8.25050621498555e-13
894	8.034716019670514e-13
895	7.607784692890867e-13
896	7.181269757568619e-13
897	6.966276560982139e-13
898	6.751480818665424e-13
899	6.326018309785312e-13
900	6.111744112519801e-13
901	5.897677480438099e-13
902	5.683821430669068e-13
903	5.470178968296999e-13
904	5.04648296288747e-13
905	5.043546765735367e-13
906	4.620538498121366e-13
907	4.617804671765569e-13
908	4.405274799666914e-13
909	4.1929762914114623e-13
910	3.9809120672173984e-13
911	3.769085035104386e-13
912	3.766762684456916e-13
913	3.555288750483726e-13
914	3.3440597206435684e-13
915	3.3419503542081443e-13
916	3.1310869388755015e-13
917	2.920476047830321e-13
918	2.918591317824594e-13
919	2.7083584012576435e-13
920	2.4983855368860746e-13
921	2.496736929958043e-13
922	2.495077356045137e-13
923	2.285622948020203e-13
924	2.0764378802073282e-13
925	2.0750276707781716e-13
926	2.07360844647458e-13
927	2.0721802384278838e-13
928	1.8636687700135984e-13
929	1.6554375965978262e-13
930	1.6542736187928988e-13
931	1.6531025537970093e-13
932	1.651924426604646e-13
933	1.650739262226873e-13
934	1.4433536999795197e-13
935	1.4423044317846223e-13
936	1.2353563472483308e-13
937	1.2344465502288848e-13
938	1.2335315692869142e-13
939	1.2326114232484879e-13
940	1.2316861309498475e-13
941	1.2307557112371044e-13
942	1.0248501524715922e-13
943	1.0240663041676201e-13
944	8.186225841444084e-14
945	8.179887569964836e-14
946	8.173515744841298e-14
947	8.167110492064797e-14
948	8.160671937677906e-14
949	8.154200207772369e-14
950	8.147695428487088e-14
951	8.141157726006106e-14
952	8.13458722655657e-14
953	6.095988042305074e-14
954	6.091011256398051e-14
955	6.086010156954781e-14
956	6.080984838760013e-14
957	4.0506235977489486e-14
958	4.047241283585387e-14
959	4.043843013252694e-14
960	4.04042885000122e-14
961	4.0369988570940256e-14
962	4.0335530978059044e-14
963	4.03009163542243e-14
964	4.026614533239e-14
965	4.0231218545598787e-14
966	4.0196136626972634e-14
967	4.016090020970321e-14
968	4.012550992704283e-14
969	4.008996641229488e-14
970	4.005427029880464e-14
971	4.001842221994984e-14
972	3.998242280913174e-14
973	3.994627269976579e-14
974	3.9909972525272547e-14
975	3.987352291906859e-14
976	1.9918462257278762e-14
977	1.9900088972560422e-14
978	1.9881641922054617e-14
979	1.986312142241669e-14
980	1.984452779027764e-14
981	1.9825861342239674e-14
982	1.9807122394871843e-14
983	1.978831126470561e-14
984	1.9769428268230595e-14
985	1.9750473721890086e-14
986	1.973144794207694e-14
987	1.9712351245129125e-14
988	0.
989	0.
990	0.
991	0.
992	0.
993	0.
994	0.
995	0.
996	0.
997	0.
998	0.
999	0.
1000	0.