# Recoil energy (kev)        Event rate (events/gev)
   1.0000000000000000       0.68971639281135766     
   2.0000000000000000        2.6890097530542327     
   3.0000000000000000        5.8958942565834498     
   4.0000000000000000        10.212142368718968     
   5.0000000000000000        15.543305676536139     
   6.0000000000000000        21.798720427115139     
   7.0000000000000000        28.891499238758030     
   8.0000000000000000        36.738510353478723     
   9.0000000000000000        45.260345705726948     
   10.000000000000000        54.381278994094927     
   11.000000000000000        64.029214859447720     
   12.000000000000000        74.135630194283308     
   13.000000000000000        84.635508533961584     
   14.000000000000000        95.467268410529584     
   15.000000000000000        106.57268648400482     
   16.000000000000000        117.89681620397860     
   17.000000000000000        129.38790269607523     
   18.000000000000000        140.99729451296659     
   19.000000000000000        152.67935283812741     
   20.000000000000000        164.39135868216974     
   21.000000000000000        176.09341856621691     
   22.000000000000000        187.74836914428414     
   23.000000000000000        199.32168117680126     
   24.000000000000000        210.78136323016213     
   25.000000000000000        222.09786544234441     
   26.000000000000000        233.24398366211423     
   27.000000000000000        244.19476423895654     
   28.000000000000000        254.92740971255725     
   29.000000000000000        265.42118562430761     
   30.000000000000000        275.65732864875821     
   31.000000000000000        285.61895622014760     
   32.000000000000000        295.29097780797923     
   33.000000000000000        304.66000797598360     
   34.000000000000000        313.71428134065064     
   35.000000000000000        322.44356952869157     
   36.000000000000000        330.83910021732493     
   37.000000000000000        338.89347832692238     
   38.000000000000000        346.60060942245434     
   39.000000000000000        353.95562536803703     
   40.000000000000000        360.95481226783022     
   41.000000000000000        367.59554071637410     
   42.000000000000000        373.87619837221126     
   43.000000000000000        379.79612486019283     
   44.000000000000000        385.35554900021810     
   45.000000000000000        390.55552835322032     
   46.000000000000000        395.39789106894375     
   47.000000000000000        399.88518001445146     
   48.000000000000000        404.02059915721281     
   49.000000000000000        407.80796217218938     
   50.000000000000000        411.25164323828324     
   51.000000000000000        414.35652998605576     
   52.000000000000000        417.12797855551133     
   53.000000000000000        419.57177072008727     
   54.000000000000000        421.69407303069829     
   55.000000000000000        423.50139793174435     
   56.000000000000000        425.00056679935261     
   57.000000000000000        426.19867485081693     
   58.000000000000000        427.10305787313075     
   59.000000000000000        427.72126071771027     
   60.000000000000000        428.06100750783048     
   61.000000000000000        428.13017350493044     
   62.000000000000000        427.93675857976524     
   63.000000000000000        427.48886223440121     
   64.000000000000000        426.79466012117018     
   65.000000000000000        425.86238200505869     
   66.000000000000000        424.70029111636637     
   67.000000000000000        423.31666484109178     
   68.000000000000000        421.71977669708110     
   69.000000000000000        419.91787954476422     
   70.000000000000000        417.91918998211713     
   71.000000000000000        415.73187387436741     
   72.000000000000000        413.36403296994212     
   73.000000000000000        410.82369255515385     
   74.000000000000000        408.11879010117286     
   75.000000000000000        405.25716485797460     
   76.000000000000000        402.24654835100938     
   77.000000000000000        399.09455573757151     
   78.000000000000000        395.80867798097859     
   79.000000000000000        392.39627480187414     
   80.000000000000000        388.86456836717736     
   81.000000000000000        385.22063767841769     
   82.000000000000000        381.47141362237721     
   83.000000000000000        377.62367464821727     
   84.000000000000000        373.68404303643752     
   85.000000000000000        369.65898172622695     
   86.000000000000000        365.55479166896339     
   87.000000000000000        361.37760967678292     
   88.000000000000000        357.13340673630393     
   89.000000000000000        352.82798675874221     
   90.000000000000000        348.46698573877717     
   91.000000000000000        344.05587129562406     
   92.000000000000000        339.59994257087840     
   93.000000000000000        335.10433045873134     
   94.000000000000000        330.57399814521938     
   95.000000000000000        326.01374193417388     
   96.000000000000000        321.42819233852862     
   97.000000000000000        316.82181541661589     
   98.000000000000000        312.19891433400943     
   99.000000000000000        307.56363113239507     
   100.00000000000000        302.91994868784423     
   101.00000000000000        298.27169284170395     
   102.00000000000000        293.62253468816721     
   103.00000000000000        288.97599300340761     
   104.00000000000000        284.33543680190758     
   105.00000000000000        279.70408800640752     
   106.00000000000000        275.08502421859214     
   107.00000000000000        270.48118157837848     
   108.00000000000000        265.89535770029522     
   109.00000000000000        261.33021467615714     
   110.00000000000000        256.78828213380274     
   111.00000000000000        252.27196034233157     
   112.00000000000000        247.78352335480898     
   113.00000000000000        243.32512217998317     
   114.00000000000000        238.89878797510451     
   115.00000000000000        234.50643525242933     
   116.00000000000000        230.14986509249681     
   117.00000000000000        225.83076835772766     
   118.00000000000000        221.55072890034197     
   119.00000000000000        217.31122675904354     
   120.00000000000000        213.11364133928899     
   121.00000000000000        208.95925457238840     
   122.00000000000000        204.84925404902853     
   123.00000000000000        200.78473612318783     
   124.00000000000000        196.76670898272263     
   125.00000000000000        192.79609568325014     
   126.00000000000000        188.87373714224267     
   127.00000000000000        185.00039509053559     
   128.00000000000000        181.17675497873390     
   129.00000000000000        177.40342883625809     
   130.00000000000000        173.68095808100551     
   131.00000000000000        170.00981627784992     
   132.00000000000000        166.39041184441029     
   133.00000000000000        162.82309070272402     
   134.00000000000000        159.30813887567092     
   135.00000000000000        155.84578502714743     
   136.00000000000000        152.43620294519047     
   137.00000000000000        149.07951396739753     
   138.00000000000000        145.77578934813761     
   139.00000000000000        142.52505256719803     
   140.00000000000000        139.32728157963541     
   141.00000000000000        136.18241100673006     
   142.00000000000000        133.09033426804646     
   143.00000000000000        130.05090565472261     
   144.00000000000000        127.06394234419922     
   145.00000000000000        124.12922635668878     
   146.00000000000000        121.24650645378745     
   147.00000000000000        118.41549997968104     
   148.00000000000000        115.63589464549649     
   149.00000000000000        112.90735025739534     
   150.00000000000000        110.22950038908037     
   151.00000000000000        107.60195399941577     
   152.00000000000000        105.02429699595392     
   153.00000000000000        102.49609374515494     
   154.00000000000000        100.01688853016425     
   155.00000000000000        97.586206957026832     
   156.00000000000000        95.203557310260962     
   157.00000000000000        92.868431858728073     
   158.00000000000000        90.580308112773864     
   159.00000000000000        88.338650033625129     
   160.00000000000000        86.142909196047583     
   161.00000000000000        83.992525905287238     
   162.00000000000000        81.886930269320146     
   163.00000000000000        79.825543227456009     
   164.00000000000000        77.807777536337099     
   165.00000000000000        75.833038714383008     
   166.00000000000000        73.900725945731068     
   167.00000000000000        72.010232944724279     
   168.00000000000000        70.160948781993852     
   169.00000000000000        68.352258673182760     
   170.00000000000000        66.583544731345015     
   171.00000000000000        64.854186684058362     
   172.00000000000000        63.163562556268268     
   173.00000000000000        61.511049319882787     
   174.00000000000000        59.896023511116553     
   175.00000000000000        58.317861816578791     
   176.00000000000000        56.775941629085132     
   177.00000000000000        55.269641574154477     
   178.00000000000000        53.798342008147117     
   179.00000000000000        52.361425488976529     
   180.00000000000000        50.958277220319069     
   181.00000000000000        49.588285470222836     
   182.00000000000000        48.250841965006160     
   183.00000000000000        46.945342259315282     
   184.00000000000000        45.671186083196723     
   185.00000000000000        44.427777667018262     
   186.00000000000000        43.214526045059003     
   187.00000000000000        42.030845338567097     
   188.00000000000000        40.876155019067596     
   189.00000000000000        39.749880152685805     
   190.00000000000000        38.651451626228052     
   191.00000000000000        37.580306355749840     
   192.00000000000000        36.535887478319687     
   193.00000000000000        35.517644527666874     
   194.00000000000000        34.525033594386954     
   195.00000000000000        33.557517471358793     
   196.00000000000000        32.614565785007549     
   197.00000000000000        31.695655113032512     
   198.00000000000000        30.800269089200086     
   199.00000000000000        29.927898495783143     
   200.00000000000000        29.078041344213567     
   201.00000000000000        28.250202944494848     
   202.00000000000000        27.443895963906328     
   203.00000000000000        26.658640475513661     
   204.00000000000000        25.893963996983533     
   205.00000000000000        25.149401520184728     
   206.00000000000000        24.424495532040975     
   207.00000000000000        23.718796027087656     
   208.00000000000000        23.031860512166290     
   209.00000000000000        22.363254003677721     
   210.00000000000000        21.712549017799962     
   211.00000000000000        21.079325554061395     
   212.00000000000000        20.463171072647544     
   213.00000000000000        19.863680465804070     
   214.00000000000000        19.280456023687062     
   215.00000000000000        18.713107394996765     
   216.00000000000000        18.161251542720002     
   217.00000000000000        17.624512695292825     
   218.00000000000000        17.102522293482707     
   219.00000000000000        16.594918933278553     
   220.00000000000000        16.101348305065201     
   221.00000000000000        15.621463129347191     
   222.00000000000000        15.154923089275721     
   223.00000000000000        14.701394760223808     
   224.00000000000000        14.260551536641596     
   225.00000000000000        13.832073556416059     
   226.00000000000000        13.415647622949036     
   227.00000000000000        13.010967125157098     
   228.00000000000000        12.617731955589509     
   229.00000000000000        12.235648426850060     
   230.00000000000000        11.864429186500725     
   231.00000000000000        11.503793130617007     
   232.00000000000000        11.153465316156323     
   233.00000000000000        10.813176872293417     
   234.00000000000000        10.482664910868897     
   235.00000000000000        10.161672436090669     
   236.00000000000000        9.8499482536195444     
   237.00000000000000        9.5472468791650833     
   238.00000000000000        9.2533284467104195     
   239.00000000000000        8.9679586164785547     
   240.00000000000000        8.6909084827467709     
   241.00000000000000        8.4219544816100846     
   242.00000000000000        8.1608782987885977     
   243.00000000000000        7.9074667775686640     
   244.00000000000000        7.6615118269627374     
   245.00000000000000        7.4228103301664836     
   246.00000000000000        7.1911640533892296     
   247.00000000000000        6.9663795551267587     
   248.00000000000000        6.7482680959430601     
   249.00000000000000        6.5366455488213724     
   250.00000000000000        6.3313323101434911     
   251.00000000000000        6.1321532113491886     
   252.00000000000000        5.9389374313266066     
   253.00000000000000        5.7515184095791501     
   254.00000000000000        5.5697337602120491     
   255.00000000000000        5.3934251867774474     
   256.00000000000000        5.2224383980148854     
   257.00000000000000        5.0566230245201114     
   258.00000000000000        4.8958325363725850     
   259.00000000000000        4.7399241617496743     
   260.00000000000000        4.5887588065522573     
   261.00000000000000        4.4422009750645710     
   262.00000000000000        4.3001186916683292     
   263.00000000000000        4.1623834236292607     
   264.00000000000000        4.0288700049715693     
   265.00000000000000        3.8994565614545373     
   266.00000000000000        3.7740244366627098     
   267.00000000000000        3.6524581192198062     
   268.00000000000000        3.5346451711345659     
   269.00000000000000        3.4204761572853823     
   270.00000000000000        3.3098445760483242     
   271.00000000000000        3.2026467910724565     
   272.00000000000000        3.0987819642044498     
   273.00000000000000        2.9981519895634263     
   274.00000000000000        2.9006614287656705     
   275.00000000000000        2.8062174472973740     
   276.00000000000000        2.7147297520331333     
   277.00000000000000        2.6261105298961973     
   278.00000000000000        2.5402743876560154     
   279.00000000000000        2.4571382928572594     
   280.00000000000000        2.3766215158741248     
   281.00000000000000        2.2986455730826112     
   282.00000000000000        2.2231341711427000     
   283.00000000000000        2.1500131523820101     
   284.00000000000000        2.0792104412714583     
   285.00000000000000        2.0106559919830738     
   286.00000000000000        1.9442817370196837     
   287.00000000000000        1.8800215369053703     
   288.00000000000000        1.8178111309253921     
   289.00000000000000        1.7575880889038060     
   290.00000000000000        1.6992917640064800     
   291.00000000000000        1.6428632465570989     
   292.00000000000000        1.5882453188531653     
   293.00000000000000        1.5353824109689871     
   294.00000000000000        1.4842205575321543     
   295.00000000000000        1.4347073554599628     
   296.00000000000000        1.3867919226419458     
   297.00000000000000        1.3404248575545203     
   298.00000000000000        1.2955581997936958     
   299.00000000000000        1.2521453915115235     
   300.00000000000000        1.2101412397419744     
   301.00000000000000        1.1695018796018841     
   302.00000000000000        1.1301847383524093     
   303.00000000000000        1.0921485003065101     
   304.00000000000000        1.0553530725680034     
   305.00000000000000        1.0197595515875335     
   306.00000000000000       0.98533019052103055     
   307.00000000000000       0.95202836737612384     
   308.00000000000000       0.91981855393207401     
   309.00000000000000       0.88866628541877757     
   310.00000000000000       0.85853813094063047     
   311.00000000000000       0.82940166463084708     
   312.00000000000000       0.80122543752216613     
   313.00000000000000       0.77397895011985463     
   314.00000000000000       0.74763262566304645     
   315.00000000000000       0.72215778406054842     
   316.00000000000000       0.69752661648745207     
   317.00000000000000       0.67371216062889627     
   318.00000000000000       0.65068827655755646     
   319.00000000000000       0.62842962323159135     
   320.00000000000000       0.60691163559980699     
   321.00000000000000       0.58611050230110584     
   322.00000000000000       0.56600314394535978     
   323.00000000000000       0.54656719196298853     
   324.00000000000000       0.52778096801080776     
   325.00000000000000       0.50962346392170477     
   326.00000000000000       0.49207432218606878     
   327.00000000000000       0.47511381695290866     
   328.00000000000000       0.45872283553891030     
   329.00000000000000       0.44288286043372893     
   330.00000000000000       0.42757595179011626     
   331.00000000000000       0.41278473038760116     
   332.00000000000000       0.39849236105862645     
   333.00000000000000       0.38468253656625628     
   334.00000000000000       0.37133946192271944     
   335.00000000000000       0.35844783913829498     
   336.00000000000000       0.34599285239015970     
   337.00000000000000       0.33396015360106479     
   338.00000000000000       0.32233584841784385     
   339.00000000000000       0.31110648258001689     
   340.00000000000000       0.30025902866880871     
   341.00000000000000       0.28978087322723450     
   342.00000000000000       0.27965980424196624     
   343.00000000000000       0.26988399897795601     
   344.00000000000000       0.26044201215690543     
   345.00000000000000       0.25132276447091345     
   346.00000000000000       0.24251553142275079     
   347.00000000000000       0.23400993248444296     
   348.00000000000000       0.22579592056596673     
   349.00000000000000       0.21786377178605143     
   350.00000000000000       0.21020407553729520     
   351.00000000000000       0.20280772483786541     
   352.00000000000000       0.19566590696234451     
   353.00000000000000       0.18877009434435865     
   354.00000000000000       0.18211203574380469     
   355.00000000000000       0.17568374767168576     
   356.00000000000000       0.16947750606569198     
   357.00000000000000       0.16348583820981211     
   358.00000000000000       0.15770151489143205     
   359.00000000000000       0.15211754278954012     
   360.00000000000000       0.14672715708775397     
   361.00000000000000       0.14152381430609570     
   362.00000000000000       0.13650118534553776     
   363.00000000000000       0.13165314873949632     
   364.00000000000000       0.12697378410660298     
   365.00000000000000       0.12245736579919610     
   366.00000000000000       0.11809835674212875     
   367.00000000000000       0.11389140245660227     
   368.00000000000000       0.10983132526388437     
   369.00000000000000       0.10591311866388288     
   370.00000000000000       0.10213194188366678     
   371.00000000000000        9.8483114591165641E-002
   372.00000000000000        9.4962111769384544E-002
   373.00000000000000        9.1564558746584174E-002
   374.00000000000000        8.8286226378013269E-002
   375.00000000000000        8.5123026374862368E-002
   376.00000000000000        8.2071006776246139E-002
   377.00000000000000        7.9126347560107821E-002
   378.00000000000000        7.6285356389057993E-002
   379.00000000000000        7.3544464487267258E-002
   380.00000000000000        7.0900222644607741E-002
   381.00000000000000        6.8349297344375268E-002
   382.00000000000000        6.5888467010988050E-002
   383.00000000000000        6.3514618374174353E-002
   384.00000000000000        6.1224742946237781E-002
   385.00000000000000        5.9015933609094559E-002
   386.00000000000000        5.6885381307858078E-002
   387.00000000000000        5.4830371847826367E-002
   388.00000000000000        5.2848282791828793E-002
   389.00000000000000        5.0936580454955784E-002
   390.00000000000000        4.9092816993783359E-002
   391.00000000000000        4.7314627587283886E-002
   392.00000000000000        4.5599727706686626E-002
   393.00000000000000        4.3945910471631287E-002
   394.00000000000000        4.2351044090028607E-002
   395.00000000000000        4.0813069379115240E-002
   396.00000000000000        3.9329997365257184E-002
   397.00000000000000        3.7899906960130125E-002
   398.00000000000000        3.6520942710962519E-002
   399.00000000000000        3.5191312622600446E-002
   400.00000000000000        3.3909286049214622E-002
   401.00000000000000        3.2673191653524010E-002
   402.00000000000000        3.1481415431483556E-002
   403.00000000000000        3.0332398800430746E-002
   404.00000000000000        2.9224636748750081E-002
   405.00000000000000        2.8156676045165172E-002
   406.00000000000000        2.7127113505825421E-002
   407.00000000000000        2.6134594317407892E-002
   408.00000000000000        2.5177810414501043E-002
   409.00000000000000        2.4255498909594581E-002
   410.00000000000000        2.3366440574041566E-002
   411.00000000000000        2.2509458368412387E-002
   412.00000000000000        2.1683416020700917E-002
   413.00000000000000        2.0887216650891591E-002
   414.00000000000000        2.0119801440440590E-002
   415.00000000000000        1.9380148345263228E-002
   416.00000000000000        1.8667270850865447E-002
   417.00000000000000        1.7980216768293904E-002
   418.00000000000000        1.7318067069621558E-002
   419.00000000000000        1.6679934761721263E-002
   420.00000000000000        1.6064963797120645E-002
   421.00000000000000        1.5472328020760531E-002
   422.00000000000000        1.4901230151525082E-002
   423.00000000000000        1.4350900797435080E-002
   424.00000000000000        1.3820597503436191E-002
   425.00000000000000        1.3309603830744509E-002
   426.00000000000000        1.2817228466740322E-002
   427.00000000000000        1.2342804364436466E-002
   428.00000000000000        1.1885687910573272E-002
   429.00000000000000        1.1445258121422386E-002
   430.00000000000000        1.1020915865410305E-002
   431.00000000000000        1.0612083111698211E-002
   432.00000000000000        1.0218202203883441E-002
   433.00000000000000        9.8387351580100282E-003
   434.00000000000000        9.4731629841054241E-003
   435.00000000000000        9.1209850304791902E-003
   436.00000000000000        8.7817183500491069E-003
   437.00000000000000        8.4548970879768388E-003
   438.00000000000000        8.1400718899223793E-003
   439.00000000000000        7.8368093302454336E-003
   440.00000000000000        7.5446913595033620E-003
   441.00000000000000        7.2633147706158158E-003
   442.00000000000000        6.9922906830856705E-003
   443.00000000000000        6.7312440446855755E-003
   444.00000000000000        6.4798131500365241E-003
   445.00000000000000        6.2376491755246587E-003
   446.00000000000000        6.0044157300191154E-003
   447.00000000000000        5.7797884208700464E-003
   448.00000000000000        5.5634544346838026E-003
   449.00000000000000        5.3551121323869421E-003
   450.00000000000000        5.1544706581071603E-003
   451.00000000000000        4.9612495614134574E-003
   452.00000000000000        4.7751784324729686E-003
   453.00000000000000        4.5959965496959630E-003
   454.00000000000000        4.4234525394534147E-003
   455.00000000000000        4.2573040474664196E-003
   456.00000000000000        4.0973174214778939E-003
   457.00000000000000        3.9432674048304342E-003
   458.00000000000000        3.7949368405863870E-003
   459.00000000000000        3.6521163858371061E-003
   460.00000000000000        3.5146042358608098E-003
   461.00000000000000        3.3822058577985203E-003
   462.00000000000000        3.2547337335288857E-003
   463.00000000000000        3.1320071114326080E-003
   464.00000000000000        3.0138517667477279E-003
   465.00000000000000        2.9000997702259778E-003
   466.00000000000000        2.7905892648108404E-003
   467.00000000000000        2.6851642500659539E-003
   468.00000000000000        2.5836743740924040E-003
   469.00000000000000        2.4859747326811794E-003
   470.00000000000000        2.3919256754559044E-003
   471.00000000000000        2.3013926187685487E-003
   472.00000000000000        2.2142458651192337E-003
   473.00000000000000        2.1303604288779973E-003
   474.00000000000000        2.0496158680942404E-003
   475.00000000000000        1.9718961221866426E-003
   476.00000000000000        1.8970893553127612E-003
   477.00000000000000        1.8250878052245879E-003
   478.00000000000000        1.7557876374226335E-003
   479.00000000000000        1.6890888044270159E-003
   480.00000000000000        1.6248949099906889E-003
   481.00000000000000        1.5631130780851905E-003
   482.00000000000000        1.5036538264949779E-003
   483.00000000000000        1.4464309448623727E-003
   484.00000000000000        1.3913613770298737E-003
   485.00000000000000        1.3383651075318369E-003
   486.00000000000000        1.2873650520928159E-003
   487.00000000000000        1.2382869519940206E-003
   488.00000000000000        1.1910592721746285E-003
   489.00000000000000        1.1456131029387727E-003
   490.00000000000000        1.1018820651433705E-003
   491.00000000000000        1.0598022187464453E-003
   492.00000000000000        1.0193119745993491E-003
   493.00000000000000        9.8035200937025791E-004
   494.00000000000000        9.4286518349046477E-004
   495.00000000000000        9.0679646201804911E-004
   496.00000000000000        8.7209283831775179E-004
   497.00000000000000        8.3870326045867676E-004
   498.00000000000000        8.0657856023534581E-004
   499.00000000000000        7.7567138472035607E-004
   500.00000000000000        7.4593613026035848E-004
   501.00000000000000        7.1732887882993866E-004
   502.00000000000000        6.8980733666084185E-004
   503.00000000000000        6.6333077506692552E-004
   504.00000000000000        6.3785997338786462E-004
   505.00000000000000        6.1335716397726322E-004
   506.00000000000000        5.8978597916341962E-004
   507.00000000000000        5.6711140011337583E-004
   508.00000000000000        5.4529970753339153E-004
   509.00000000000000        5.2431843414107841E-004
   510.00000000000000        5.0413631884689688E-004
   511.00000000000000        4.8472326258460337E-004
   512.00000000000000        4.6605028573258822E-004
   513.00000000000000        4.4808948706980272E-004
   514.00000000000000        4.3081400421205449E-004
   515.00000000000000        4.1419797547633609E-004
   516.00000000000000        3.9821650312253019E-004
   517.00000000000000        3.8284561792375495E-004
   518.00000000000000        3.6806224501817789E-004
   519.00000000000000        3.5384417099682008E-004
   520.00000000000000        3.4017001218343914E-004
   521.00000000000000        3.2701918406409199E-004
   522.00000000000000        3.1437187182550315E-004
   523.00000000000000        3.0220900196268393E-004
   524.00000000000000        2.9051221491775925E-004
   525.00000000000000        2.7926383871319587E-004
   526.00000000000000        2.6844686354390358E-004
   527.00000000000000        2.5804491729399811E-004
   528.00000000000000        2.4804224194515631E-004
   529.00000000000000        2.3842367084462795E-004
   530.00000000000000        2.2917460680217869E-004
   531.00000000000000        2.2028100098620180E-004
   532.00000000000000        2.1172933259038543E-004
   533.00000000000000        2.0350658924325450E-004
   534.00000000000000        1.9560024813390444E-004
   535.00000000000000        1.8799825782822444E-004
   536.00000000000000        1.8068902075070225E-004
   537.00000000000000        1.7366137630793168E-004
   538.00000000000000        1.6690458463065316E-004
   539.00000000000000        1.6040831091205382E-004
   540.00000000000000        1.5416261032080825E-004
   541.00000000000000        1.4815791346812701E-004
   542.00000000000000        1.4238501240878252E-004
   543.00000000000000        1.3683504715680895E-004
   544.00000000000000        1.3149949269728150E-004
   545.00000000000000        1.2637014647618377E-004
   546.00000000000000        1.2143911635105893E-004
   547.00000000000000        1.1669880898575203E-004
   548.00000000000000        1.1214191867310724E-004
   549.00000000000000        1.0776141657010262E-004
   550.00000000000000        1.0355054033043579E-004
   551.00000000000000        9.9502784120118821E-005
   552.00000000000000        9.5611889002128372E-005
   553.00000000000000        9.1871833676704956E-005
   554.00000000000000        8.8276825564329552E-005
   555.00000000000000        8.4821292218893092E-005
   556.00000000000000        8.1499873059013363E-005
   557.00000000000000        7.8307411405890414E-005
   558.00000000000000        7.5238946816500582E-005
   559.00000000000000        7.2289707701346336E-005
   560.00000000000000        6.9455104216343134E-005
   561.00000000000000        6.6730721418820074E-005
   562.00000000000000        6.4112312677962500E-005
   563.00000000000000        6.1595793330374289E-005
   564.00000000000000        5.9177234571768726E-005
   565.00000000000000        5.6852857576133889E-005
   566.00000000000000        5.4619027834013821E-005
   567.00000000000000        5.2472249701862914E-005
   568.00000000000000        5.0409161154711928E-005
   569.00000000000000        4.8426528734672297E-005
   570.00000000000000        4.6521242688067800E-005
   571.00000000000000        4.4690312284250976E-005
   572.00000000000000        4.2930861309408185E-005
   573.00000000000000        4.1240123728904460E-005
   574.00000000000000        3.9615439511947554E-005
   575.00000000000000        3.8054250612581907E-005
   576.00000000000000        3.6554097101239297E-005
   577.00000000000000        3.5112613441281515E-005
   578.00000000000000        3.3727524905169810E-005
   579.00000000000000        3.2396644125104640E-005
   580.00000000000000        3.1117867773144853E-005
   581.00000000000000        2.9889173366023043E-005
   582.00000000000000        2.8708616190023672E-005
   583.00000000000000        2.7574326341479278E-005
   584.00000000000000        2.6484505878593091E-005
   585.00000000000000        2.5437426080450585E-005
   586.00000000000000        2.4431424809242932E-005
   587.00000000000000        2.3464903971863460E-005
   588.00000000000000        2.2536327077181859E-005
   589.00000000000000        2.1644216885435546E-005
   590.00000000000000        2.0787153146308853E-005
   591.00000000000000        1.9963770422396267E-005
   592.00000000000000        1.9172755994864117E-005
   593.00000000000000        1.8412847848250821E-005
   594.00000000000000        1.7682832731447790E-005
   595.00000000000000        1.6981544292017204E-005
   596.00000000000000        1.6307861281110557E-005
   597.00000000000000        1.5660705826344670E-005
   598.00000000000000        1.5039041770096274E-005
   599.00000000000000        1.4441873070767899E-005
   600.00000000000000        1.3868242264666026E-005
   601.00000000000000        1.3317228986221248E-005
   602.00000000000000        1.2787948544365628E-005
   603.00000000000000        1.2279550552960237E-005
   604.00000000000000        1.1791217613245055E-005
   605.00000000000000        1.1322164046358751E-005
   606.00000000000000        1.0871634674048837E-005
   607.00000000000000        1.0438903645760234E-005
   608.00000000000000        1.0023273310358980E-005
   609.00000000000000        9.6240731308128370E-006
   610.00000000000000        9.2406586402115348E-006
   611.00000000000000        8.8724104375702789E-006
   612.00000000000000        8.5187332219186161E-006
   613.00000000000000        8.1790548632298369E-006
   614.00000000000000        7.8528255088040335E-006
   615.00000000000000        7.5395167237655765E-006
   616.00000000000000        7.2386206643878564E-006
   617.00000000000000        6.9496492830052038E-006
   618.00000000000000        6.6721335633200352E-006
   619.00000000000000        6.4056227849532972E-006
   620.00000000000000        6.1496838161348548E-006
   621.00000000000000        5.9039004334684547E-006
   622.00000000000000        5.6678726677448245E-006
   623.00000000000000        5.4412161748179858E-006
   624.00000000000000        5.2235616305946809E-006
   625.00000000000000        5.0145541492216116E-006
   626.00000000000000        4.8138527235920205E-006
   627.00000000000000        4.6211296873239981E-006
   628.00000000000000        4.4360701973950654E-006
   629.00000000000000        4.2583717366486914E-006
   630.00000000000000        4.0877436354177904E-006
   631.00000000000000        3.9239066115376484E-006
   632.00000000000000        3.7665923280496414E-006
   633.00000000000000        3.6155429679219340E-006
   634.00000000000000        3.4705108251394337E-006
   635.00000000000000        3.3312579115392081E-006
   636.00000000000000        3.1975555787923503E-006
   637.00000000000000        3.0691841549530329E-006
   638.00000000000000        2.9459325950209977E-006
   639.00000000000000        2.8275981449814392E-006
   640.00000000000000        2.7139860188083020E-006
   641.00000000000000        2.6049090879356189E-006
   642.00000000000000        2.5001875827207097E-006
   643.00000000000000        2.3996488054405784E-006
   644.00000000000000        2.3031268543805662E-006
   645.00000000000000        2.2104623585906182E-006
   646.00000000000000        2.1215022229010683E-006
   647.00000000000000        2.0360993828049438E-006
   648.00000000000000        1.9541125688287187E-006
   649.00000000000000        1.8754060800276786E-006
   650.00000000000000        1.7998495662565378E-006
   651.00000000000000        1.7273178188779501E-006
   652.00000000000000        1.6576905695855634E-006
   653.00000000000000        1.5908522970298797E-006
   654.00000000000000        1.5266920409472256E-006
   655.00000000000000        1.4651032235034009E-006
   656.00000000000000        1.4059834775747992E-006
   657.00000000000000        1.3492344817000251E-006
   658.00000000000000        1.2947618014454797E-006
   659.00000000000000        1.2424747369377750E-006
   660.00000000000000        1.1922861763258183E-006
   661.00000000000000        1.1441124549438935E-006
   662.00000000000000        1.0978732199560082E-006
   663.00000000000000        1.0534913002703131E-006
   664.00000000000000        1.0108925815201352E-006
   665.00000000000000        9.7000588591625025E-007
   666.00000000000000        9.3076285678219362E-007
   667.00000000000000        8.9309784759187898E-007
   668.00000000000000        8.5694781533548595E-007
   669.00000000000000        8.2225221804629558E-007
   670.00000000000000        7.8895291632774910E-007
   671.00000000000000        7.5699407872568883E-007
   672.00000000000000        7.2632209079728630E-007
   673.00000000000000        6.9688546773331672E-007
   674.00000000000000        6.6863477039628962E-007
   675.00000000000000        6.4152252464199950E-007
   676.00000000000000        6.1550314379731735E-007
   677.00000000000000        5.9053285417172085E-007
   678.00000000000000        5.6656962348505578E-007
   679.00000000000000        5.4357309209812949E-007
   680.00000000000000        5.2150450693754725E-007
   681.00000000000000        5.0032665801000805E-007
   682.00000000000000        4.8000381740553580E-007
   683.00000000000000        4.6050168069288257E-007
   684.00000000000000        4.4178731061409827E-007
   685.00000000000000        4.2382908298879393E-007
   686.00000000000000        4.0659663474223429E-007
   687.00000000000000        3.9006081397444457E-007
   688.00000000000000        3.7419363199096108E-007
   689.00000000000000        3.5896821721875916E-007
   690.00000000000000        3.4435877093390759E-007
   691.00000000000000        3.3034052473032316E-007
   692.00000000000000        3.1688969966170827E-007
   693.00000000000000        3.0398346699143642E-007
   694.00000000000000        2.9159991048758153E-007
   695.00000000000000        2.7971799020277384E-007
   696.00000000000000        2.6831750768094929E-007
   697.00000000000000        2.5737907253515442E-007
   698.00000000000000        2.4688407034288438E-007
   699.00000000000000        2.3681463180741532E-007
   700.00000000000000        2.2715360313561616E-007
   701.00000000000000        2.1788451758462594E-007
   702.00000000000000        2.0899156813169209E-007
   703.00000000000000        2.0045958122313648E-007
   704.00000000000000        1.9227399156022032E-007
   705.00000000000000        1.8442081788124443E-007
   706.00000000000000        1.7688663970088390E-007
   707.00000000000000        1.6965857496915754E-007
   708.00000000000000        1.6272425861401686E-007
   709.00000000000000        1.5607182193285709E-007
   710.00000000000000        1.4968987279961890E-007
   711.00000000000000        1.4356747665547992E-007
   712.00000000000000        1.3769413825232644E-007
   713.00000000000000        1.3205978411946250E-007
   714.00000000000000        1.2665474572509095E-007
   715.00000000000000        1.2146974330526489E-007
   716.00000000000000        1.1649587033406382E-007
   717.00000000000000        1.1172457860973949E-007
   718.00000000000000        1.0714766393261366E-007
   719.00000000000000        1.0275725235139400E-007
   720.00000000000000        9.8545786955566262E-008
   721.00000000000000        9.4506015192282753E-008
   722.00000000000000        9.0630976687143334E-008
   723.00000000000000        8.6913991548948567E-008
   724.00000000000000        8.3348649139357842E-008
   725.00000000000000        7.9928797289112798E-008
   726.00000000000000        7.6648531943192025E-008
   727.00000000000000        7.3502187217963649E-008
   728.00000000000000        7.0484325854076819E-008
   729.00000000000000        6.7589730049433649E-008
   730.00000000000000        6.4813392657244712E-008
   731.00000000000000        6.2150508734723049E-008
   732.00000000000000        5.9596467428547836E-008
   733.00000000000000        5.7146844183788936E-008
   734.00000000000000        5.4797393263472696E-008
   735.00000000000000        5.2544040566513585E-008
   736.00000000000000        5.0382876732180768E-008
   737.00000000000000        4.8310150519755380E-008
   738.00000000000000        4.6322262452477867E-008
   739.00000000000000        4.4415758715308492E-008
   740.00000000000000        4.2587325296433497E-008
   741.00000000000000        4.0833782362853202E-008
   742.00000000000000        3.9152078860767643E-008
   743.00000000000000        3.7539287331833897E-008
   744.00000000000000        3.5992598936726227E-008
   745.00000000000000        3.4509318677770311E-008
   746.00000000000000        3.3086860812738415E-008
   747.00000000000000        3.1722744452214913E-008
   748.00000000000000        3.0414589333230255E-008
   749.00000000000000        2.9160111762158075E-008
   750.00000000000000        2.7957120720145869E-008
   751.00000000000000        2.6803514124604688E-008
   752.00000000000000        2.5697275240554379E-008
   753.00000000000000        2.4636469235857810E-008
   754.00000000000000        2.3619239874611206E-008
   755.00000000000000        2.2643806343186263E-008
   756.00000000000000        2.1708460203647128E-008
   757.00000000000000        2.0811562469452226E-008
   758.00000000000000        1.9951540798576897E-008
   759.00000000000000        1.9126886799366502E-008
   760.00000000000000        1.8336153444627213E-008
   761.00000000000000        1.7577952589630538E-008
   762.00000000000000        1.6850952589890398E-008
   763.00000000000000        1.6153876014719084E-008
   764.00000000000000        1.5485497452747685E-008
   765.00000000000000        1.4844641405726037E-008
   766.00000000000000        1.4230180267082723E-008
   767.00000000000000        1.3641032381849748E-008
   768.00000000000000        1.3076160184704207E-008
   769.00000000000000        1.2534568412997185E-008
   770.00000000000000        1.2015302391771547E-008
   771.00000000000000        1.1517446387888845E-008
   772.00000000000000        1.1040122030495156E-008
   773.00000000000000        1.0582486795172036E-008
   774.00000000000000        1.0143732549219522E-008
   775.00000000000000        9.7230841556227817E-009
   776.00000000000000        9.3197981333496461E-009
   777.00000000000000        8.9331613717202101E-009
   778.00000000000000        8.5624898966809575E-009
   779.00000000000000        8.2071276869002430E-009
   780.00000000000000        7.8664455376858148E-009
   781.00000000000000        7.5398399708056433E-009
   782.00000000000000        7.2267321883688196E-009
   783.00000000000000        6.9265670689961133E-009
   784.00000000000000        6.6388122045816132E-009
   785.00000000000000        6.3629569760156310E-009
   786.00000000000000        6.0985116663005225E-009
   787.00000000000000        5.8450066095581928E-009
   788.00000000000000        5.6019913744835502E-009
   789.00000000000000        5.3690339808603394E-009
   790.00000000000000        5.1457201478073323E-009
   791.00000000000000        4.9316525724784106E-009
   792.00000000000000        4.7264502379900572E-009
   793.00000000000000        4.5297477493994219E-009
   794.00000000000000        4.3411946966027409E-009
   795.00000000000000        4.1604550430693092E-009
   796.00000000000000        3.9872065393697837E-009
   797.00000000000000        3.8211401604992670E-009
   798.00000000000000        3.6619595660349077E-009
   799.00000000000000        3.5093805822080447E-009
   800.00000000000000        3.3631307050053989E-009
   801.00000000000000        3.2229486234512006E-009
   802.00000000000000        3.0885837622555911E-009
   803.00000000000000        2.9597958430467661E-009
   804.00000000000000        2.8363544634367833E-009
   805.00000000000000        2.7180386931996517E-009
   806.00000000000000        2.6046366868710940E-009
   807.00000000000000        2.4959453121052911E-009
   808.00000000000000        2.3917697931517558E-009
   809.00000000000000        2.2919233688411353E-009
   810.00000000000000        2.1962269644920511E-009
   811.00000000000000        2.1045088771766454E-009
   812.00000000000000        2.0166044738031512E-009
   813.00000000000000        1.9323559014971924E-009
   814.00000000000000        1.8516118097835829E-009
   815.00000000000000        1.7742270840900636E-009
   816.00000000000000        1.7000625901150269E-009
   817.00000000000000        1.6289849286182350E-009
   818.00000000000000        1.5608662002121717E-009
   819.00000000000000        1.4955837797486271E-009
   820.00000000000000        1.4330200999110575E-009
   821.00000000000000        1.3730624436394463E-009
   822.00000000000000        1.3156027450289571E-009
   823.00000000000000        1.2605373983585292E-009
   824.00000000000000        1.2077670749194104E-009
   825.00000000000000        1.1571965473266786E-009
   826.00000000000000        1.1087345210097133E-009
   827.00000000000000        1.0622934725901389E-009
   828.00000000000000        1.0177894948670040E-009
   829.00000000000000        9.7514214814085705E-010
   830.00000000000000        9.3427431761860133E-010
   831.00000000000000        8.9511207665229510E-010
   832.00000000000000        8.5758455557394772E-010
   833.00000000000000        8.2162381589900175E-010
   834.00000000000000        7.8716472967981945E-010
   835.00000000000000        7.5414486379947690E-010
   836.00000000000000        7.2250436900462624E-010
   837.00000000000000        6.9218587348458681E-010
   838.00000000000000        6.6313438081105528E-010
   839.00000000000000        6.3529717206108891E-010
   840.00000000000000        6.0862371195258206E-010
   841.00000000000000        5.8306555882874638E-010
   842.00000000000000        5.5857627833449026E-010
   843.00000000000000        5.3511136063426171E-010
   844.00000000000000        5.1262814102666080E-010
   845.00000000000000        4.9108572381729529E-010
   846.00000000000000        4.7044490931679951E-010
   847.00000000000000        4.5066812383648762E-010
   848.00000000000000        4.3171935255904301E-010
   849.00000000000000        4.1356407516697594E-010
   850.00000000000000        3.9616920411602870E-010
   851.00000000000000        3.7950302544544562E-010
   852.00000000000000        3.6353514202138517E-010
   853.00000000000000        3.4823641911406093E-010
   854.00000000000000        3.3357893221298027E-010
   855.00000000000000        3.1953591698891289E-010
   856.00000000000000        3.0608172131456505E-010
   857.00000000000000        2.9319175925981979E-010
   858.00000000000000        2.8084246698065275E-010
   859.00000000000000        2.6901126042414271E-010
   860.00000000000000        2.5767649477524601E-010
   861.00000000000000        2.4681742557395502E-010
   862.00000000000000        2.3641417143437200E-010
   863.00000000000000        2.2644767830004691E-010
   864.00000000000000        2.1689968517261477E-010
   865.00000000000000        2.0775269125326633E-010
   866.00000000000000        1.9898992443918843E-010
   867.00000000000000        1.9059531111926040E-010
   868.00000000000000        1.8255344721581110E-010
   869.00000000000000        1.7484957042121706E-010
   870.00000000000000        1.6746953358030628E-010
   871.00000000000000        1.6039977917152783E-010
   872.00000000000000        1.5362731484174727E-010
   873.00000000000000        1.4713968995137797E-010
   874.00000000000000        1.4092497308833587E-010
   875.00000000000000        1.3497173051101262E-010
   876.00000000000000        1.2926900548203505E-010
   877.00000000000000        1.2380629845622778E-010
   878.00000000000000        1.1857354808762292E-010
   879.00000000000000        1.1356111302181773E-010
   880.00000000000000        1.0875975444138000E-010
   881.00000000000000        1.0416061933330402E-010
   882.00000000000000        9.9755224448774869E-011
   883.00000000000000        9.5535440926775774E-011
   884.00000000000000        9.1493479554159361E-011
   885.00000000000000        8.7621876635982481E-011
   886.00000000000000        8.3913480450963816E-011
   887.00000000000000        8.0361438267937046E-011
   888.00000000000000        7.6959183900194021E-011
   889.00000000000000        7.3700425775519999E-011
   890.00000000000000        7.0579135500680135E-011
   891.00000000000000        6.7589536899934210E-011
   892.00000000000000        6.4726095508044090E-011
   893.00000000000000        6.1983508499014849E-011
   894.00000000000000        5.9356695032573456E-011
   895.00000000000000        5.6840787001167097E-011
   896.00000000000000        5.4431120160900827E-011
   897.00000000000000        5.2123225630603599E-011
   898.00000000000000        4.9912821743780469E-011
   899.00000000000000        4.7795806238892056E-011
   900.00000000000000        4.5768248773962685E-011
   901.00000000000000        4.3826383752128342E-011
   902.00000000000000        4.1966603445250866E-011
   903.00000000000000        4.0185451403288945E-011
   904.00000000000000        3.8479616137589983E-011
   905.00000000000000        3.6845925066789045E-011
   906.00000000000000        3.5281338714428156E-011
   907.00000000000000        3.3782945147893915E-011
   908.00000000000000        3.2347954648678247E-011
   909.00000000000000        3.0973694604377567E-011
   910.00000000000000        2.9657604613260033E-011
   911.00000000000000        2.8397231792582686E-011
   912.00000000000000        2.7190226282226923E-011
   913.00000000000000        2.6034336935554745E-011
   914.00000000000000        2.4927407189719144E-011
   915.00000000000000        2.3867371108003045E-011
   916.00000000000000        2.2852249587040235E-011
   917.00000000000000        2.1880146722084408E-011
   918.00000000000000        2.0949246323775469E-011
   919.00000000000000        2.0057808580107758E-011
   920.00000000000000        1.9204166857581474E-011
   921.00000000000000        1.8386724635755922E-011
   922.00000000000000        1.7603952569669099E-011
   923.00000000000000        1.6854385674811452E-011
   924.00000000000000        1.6136620629565903E-011
   925.00000000000000        1.5449313190232031E-011
   926.00000000000000        1.4791175713957447E-011
   927.00000000000000        1.4160974785092868E-011
   928.00000000000000        1.3557528940669780E-011
   929.00000000000000        1.2979706490883029E-011
   930.00000000000000        1.2426423430621111E-011
   931.00000000000000        1.1896641438265434E-011
   932.00000000000000        1.1389365958121614E-011
   933.00000000000000        1.0903644363006723E-011
   934.00000000000000        1.0438564193653907E-011
   935.00000000000000        9.9932514717397852E-012
   936.00000000000000        9.5668690834655492E-012
   937.00000000000000        9.1586152307583565E-012
   938.00000000000000        8.7677219472719301E-012
   939.00000000000000        8.3934536764905072E-012
   940.00000000000000        8.0351059093465893E-012
   941.00000000000000        7.6920038788726243E-012
   942.00000000000000        7.3635013095094455E-012
   943.00000000000000        7.0489792187929276E-012
   944.00000000000000        6.7478447692333144E-012
   945.00000000000000        6.4595301682967639E-012
   946.00000000000000        6.1834916144780244E-012
   947.00000000000000        5.9192082875464380E-012
   948.00000000000000        5.6661813811164723E-012
   949.00000000000000        5.4239331757807120E-012
   950.00000000000000        5.1920061511082823E-012
   951.00000000000000        4.9699621348887713E-012
   952.00000000000000        4.7573814880634975E-012
   953.00000000000000        4.5538623238556714E-012
   954.00000000000000        4.3590197596687789E-012
   955.00000000000000        4.1724852003847329E-012
   956.00000000000000        3.9939056517497453E-012
   957.00000000000000        3.8229430625886166E-012
   958.00000000000000        3.6592736946440388E-012
   959.00000000000000        3.5025875188841122E-012
   960.00000000000000        3.3525876371711919E-012
   961.00000000000000        3.2089897282319056E-012
   962.00000000000000        3.0715215169102951E-012
   963.00000000000000        2.9399222657303822E-012
   964.00000000000000        2.8139422878342114E-012
   965.00000000000000        2.6933424804000048E-012
   966.00000000000000        2.5778938776831649E-012
   967.00000000000000        2.4673772228582395E-012
   968.00000000000000        2.3615825578738704E-012
   969.00000000000000        2.2603088305667214E-012
   970.00000000000000        2.1633635183101592E-012
   971.00000000000000        2.0705622675055103E-012
   972.00000000000000        1.9817285482509273E-012
   973.00000000000000        1.8966933235523087E-012
   974.00000000000000        1.8152947324654772E-012
   975.00000000000000        1.7373777865860686E-012
   976.00000000000000        1.6627940793265936E-012
   977.00000000000000        1.5914015074443799E-012
   978.00000000000000        1.5230640043060590E-012
   979.00000000000000        1.4576512843959792E-012
   980.00000000000000        1.3950385985966450E-012
   981.00000000000000        1.3351064997885208E-012
   982.00000000000000        1.2777406183359575E-012
   983.00000000000000        1.2228314470440424E-012
   984.00000000000000        1.1702741351881578E-012
   985.00000000000000        1.1199682912352776E-012
   986.00000000000000        1.0718177938914987E-012
   987.00000000000000        1.0257306111258584E-012
   988.00000000000000        9.8161862683496006E-013
   989.00000000000000        9.3939747482725291E-013
   990.00000000000000        8.9898637981897090E-013
   991.00000000000000        8.6030800514674297E-013
   992.00000000000000        8.2328830691426597E-013
   993.00000000000000        7.8785639430246070E-013
   994.00000000000000        7.5394439578331408E-013
   995.00000000000000        7.2148733098918846E-013
   996.00000000000000        6.9042298799927843E-013
   997.00000000000000        6.6069180581521402E-013
   998.00000000000000        6.3223676180703478E-013
   999.00000000000000        6.0500326392040110E-013
   1000.0000000000000        5.7893904744417671E-013
