# Recoil energy (kev)        Event rate (events/gev)
   1.0000000000000000        19357.321557905518     
   2.0000000000000000        18207.791243246458     
   3.0000000000000000        17121.503152399473     
   4.0000000000000000        16095.241762041609     
   5.0000000000000000        15125.941347488924     
   6.0000000000000000        14210.679729996889     
   7.0000000000000000        13346.672244428179     
   8.0000000000000000        12531.265922024761     
   9.0000000000000000        11761.933882964751     
   10.000000000000000        11036.269933346794     
   11.000000000000000        10351.983361224504     
   12.000000000000000        9706.8939263085194     
   13.000000000000000        9098.9270379633708     
   14.000000000000000        8526.1091161490967     
   15.000000000000000        7986.5631299914758     
   16.000000000000000        7478.5043087094527     
   17.000000000000000        7000.2360196822274     
   18.000000000000000        6550.1458085009599     
   19.000000000000000        6126.7015959193986     
   20.000000000000000        5728.4480266942373     
   21.000000000000000        5354.0029653874917     
   22.000000000000000        5002.0541342904335     
   23.000000000000000        4671.3558887191666     
   24.000000000000000        4360.7261250269958     
   25.000000000000000        4069.0433167762253     
   26.000000000000000        3795.2436746122316     
   27.000000000000000        3538.3184254848620     
   28.000000000000000        3297.3112069659933     
   29.000000000000000        3071.3155725168208     
   30.000000000000000        2859.4726036642214     
   31.000000000000000        2660.9686251514754     
   32.000000000000000        2475.0330192348479     
   33.000000000000000        2300.9361354034495     
   34.000000000000000        2137.9872919053819     
   35.000000000000000        1985.5328655680628     
   36.000000000000000        1842.9544665045266     
   37.000000000000000        1709.6671944006298     
   38.000000000000000        1585.1179731796760     
   39.000000000000000        1468.7839609414232     
   40.000000000000000        1360.1710321712851     
   41.000000000000000        1258.8123293128565     
   42.000000000000000        1164.2668808924179     
   43.000000000000000        1076.1182834778604     
   44.000000000000000        993.97344484645419     
   45.000000000000000        917.46138582579363     
   46.000000000000000        846.23209836037358     
   47.000000000000000        779.95545744220954     
   48.000000000000000        718.32018462794827     
   49.000000000000000        661.03286094678310     
   50.000000000000000        607.81698708337058     
   51.000000000000000        558.41208879768146     
   52.000000000000000        512.57286561935655     
   53.000000000000000        470.06838092776917     
   54.000000000000000        430.68129160040928     
   55.000000000000000        394.20711548171050     
   56.000000000000000        360.45353499176969     
   57.000000000000000        329.23973525977038     
   58.000000000000000        300.39577523026458     
   59.000000000000000        273.76199025183143     
   60.000000000000000        249.18842471704218     
   61.000000000000000        226.53429338014851     
   62.000000000000000        205.66747003453537     
   63.000000000000000        186.46400228571667     
   64.000000000000000        168.80765120761626     
   65.000000000000000        152.58945472003171     
   66.000000000000000        137.70731357360893     
   67.000000000000000        124.06559887539714     
   68.000000000000000        111.57478013311655     
   69.000000000000000        100.15107283973069     
   70.000000000000000        89.716104661794816     
   71.000000000000000        80.196605303456749     
   72.000000000000000        71.524077412366125     
   73.000000000000000        63.634573036761957     
   74.000000000000000        56.468365967765486     
   75.000000000000000        49.969728099541520     
   76.000000000000000        44.086683762054740     
   77.000000000000000        38.770783118739047     
   78.000000000000000        33.976888007674710     
   79.000000000000000        29.662969602449699     
   80.000000000000000        25.789917297225259     
   81.000000000000000        22.321358247737923     
   82.000000000000000        19.223487026080083     
   83.000000000000000        16.464904872147063     
   84.000000000000000        14.016468048660197     
   85.000000000000000        11.851144829699816     
   86.000000000000000        9.9438806747522541     
   87.000000000000000        8.2714711614188321     
   88.000000000000000        6.8124422701859100     
   89.000000000000000        5.5469376340472527     
   90.000000000000000        4.4566123843332255     
   91.000000000000000        3.5245332418643076     
   92.000000000000000        2.7350845195436810     
   93.000000000000000        2.0738797187549811     
   94.000000000000000        1.5276784174767173     
   95.000000000000000        1.0843081628792486     
   96.000000000000000       0.73259109536860512     
   97.000000000000000       0.46227504460534946     
   98.000000000000000       0.26396885098141859     
   99.000000000000000       0.12908167840861964     
   100.00000000000000        4.9766096080275518E-002
   101.00000000000000        1.8864718137616900E-002
   102.00000000000000        2.9860200923922685E-002
   103.00000000000000        7.6828407765290652E-002
   104.00000000000000       0.15439456099623844     
   105.00000000000000       0.25769221027140793     
   106.00000000000000       0.38232485509022401     
   107.00000000000000       0.52433006792771675     
   108.00000000000000       0.68014597242948183     
   109.00000000000000       0.84657993880917370     
   110.00000000000000        1.0207793658991184     
   111.00000000000000        1.2002044262643961     
   112.00000000000000        1.3826026574138686     
   113.00000000000000        1.5659852884419596     
   114.00000000000000        1.7486051974268368     
   115.00000000000000        1.9289364006088188     
   116.00000000000000        2.1056549797876727     
   117.00000000000000        2.2776213595250674     
   118.00000000000000        2.4438638506270673     
   119.00000000000000        2.6035633810267740     
   120.00000000000000        2.7560393395961000     
   121.00000000000000        2.9007364626023797     
   122.00000000000000        3.0372126964981563     
   123.00000000000000        3.1651279745017744     
   124.00000000000000        3.2842338480014410     
   125.00000000000000        3.3943639172054541     
   126.00000000000000        3.4954250086754439     
   127.00000000000000        3.5873890504242785     
   128.00000000000000        3.6702855981466502     
   129.00000000000000        3.7441949688827743     
   130.00000000000000        3.8092419410038789     
   131.00000000000000        3.8655899818575392     
   132.00000000000000        3.9134359667294834     
   133.00000000000000        3.9530053549709989     
   134.00000000000000        3.9845477912158209     
   135.00000000000000        4.0083331015708081     
   136.00000000000000        4.0246476565184448     
   137.00000000000000        4.0337910740201686     
   138.00000000000000        4.0360732379641036     
   139.00000000000000        4.0318116086619655     
   140.00000000000000        4.0213288035749946     
   141.00000000000000        4.0049504278393320     
   142.00000000000000        3.9830031354740623     
   143.00000000000000        3.9558129033923652     
   144.00000000000000        3.9237035015023336     
   145.00000000000000        3.8869951432842664     
   146.00000000000000        3.8460033022648807     
   147.00000000000000        3.8010376807857278     
   148.00000000000000        3.7524013183787912     
   149.00000000000000        3.7003898279269629     
   150.00000000000000        3.6452907485981130     
   151.00000000000000        3.5873830053053952     
   152.00000000000000        3.5269364651631432     
   153.00000000000000        3.4642115820819464     
   154.00000000000000        3.3994591212786913     
   155.00000000000000        3.3329199560713083     
   156.00000000000000        3.2648249298844632     
   157.00000000000000        3.1953947769151805     
   158.00000000000000        3.1248400953957485     
   159.00000000000000        3.0533613678506812     
   160.00000000000000        2.9811490231725495     
   161.00000000000000        2.9083835357438472     
   162.00000000000000        2.8352355572066505     
   163.00000000000000        2.7618660768337628     
   164.00000000000000        2.6884266067818032     
   165.00000000000000        2.6150593888134108     
   166.00000000000000        2.5418976193609399     
   167.00000000000000        2.4690656900704178     
   168.00000000000000        2.3966794412120831     
   169.00000000000000        2.3248464255753269     
   170.00000000000000        2.2536661806802991     
   171.00000000000000        2.1832305073381910     
   172.00000000000000        2.1136237527780115     
   173.00000000000000        2.0449230967294971     
   174.00000000000000        1.9771988390117941     
   175.00000000000000        1.9105146873254362     
   176.00000000000000        1.8449280440819849     
   177.00000000000000        1.7804902912325316     
   178.00000000000000        1.7172470721730779     
   179.00000000000000        1.6552385699129011     
   180.00000000000000        1.5944997807913861     
   181.00000000000000        1.5350607831204144     
   182.00000000000000        1.4769470002135132     
   183.00000000000000        1.4201794573404296     
   184.00000000000000        1.3647750322161725     
   185.00000000000000        1.3107466986989438     
   186.00000000000000        1.2581037634299523     
   187.00000000000000        1.2068520952025570     
   188.00000000000000        1.1569943468968487     
   189.00000000000000        1.1085301698607830     
   190.00000000000000        1.0614564206588408     
   191.00000000000000        1.0157673601460240     
   192.00000000000000       0.97145484485768474     
   193.00000000000000       0.92850848073653369     
   194.00000000000000       0.88691592106568484     
   195.00000000000000       0.84666287587593148     
   196.00000000000000       0.80773329136685112     
   197.00000000000000       0.77010963533141630     
   198.00000000000000       0.73377293285069867     
   199.00000000000000       0.69870293390352844     
   200.00000000000000       0.66487824587558741     
   201.00000000000000       0.63227645929556386     
   202.00000000000000       0.60087426696830248     
   203.00000000000000       0.57064757668199106     
   204.00000000000000       0.54157161767248208     
   205.00000000000000       0.51362104103209649     
   206.00000000000000       0.48677001425408256     
   207.00000000000000       0.46099231010611680     
   208.00000000000000       0.43626139002790393     
   209.00000000000000       0.41255048224849933     
   210.00000000000000       0.38983265481904122     
   211.00000000000000       0.36808088375574100     
   212.00000000000000       0.34726811648666728     
   213.00000000000000       0.32736733079400271     
   214.00000000000000       0.30835158944098245     
   215.00000000000000       0.29019409067008051     
   216.00000000000000       0.27286821475569623     
   217.00000000000000       0.25634756679124721     
   218.00000000000000       0.24060601588666741     
   219.00000000000000       0.22561773094845244     
   220.00000000000000       0.21135721321007664     
   221.00000000000000       0.19779932567628744     
   222.00000000000000       0.18491931964029709     
   223.00000000000000       0.17269285842820170     
   224.00000000000000       0.16109603852038029     
   225.00000000000000       0.15010540819475532     
   226.00000000000000       0.13969798383210019     
   227.00000000000000       0.12985126401874494     
   228.00000000000000       0.12054324157721072     
   229.00000000000000       0.11175241365058690     
   230.00000000000000       0.10345778996161557     
   231.00000000000000        9.5638899362846516E-002
   232.00000000000000        8.8275794789506021E-002
   233.00000000000000        8.1349056722150703E-002
   234.00000000000000        7.4839795261687617E-002
   235.00000000000000        6.8729650914900450E-002
   236.00000000000000        6.3000794184263173E-002
   237.00000000000000        5.7635924051622961E-002
   238.00000000000000        5.2618265441124162E-002
   239.00000000000000        4.7931565742772325E-002
   240.00000000000000        4.3560090474032663E-002
   241.00000000000000        3.9488618153080739E-002
   242.00000000000000        3.5702434453576140E-002
   243.00000000000000        3.2187325707242691E-002
   244.00000000000000        2.8929571817031766E-002
   245.00000000000000        2.5915938640293304E-002
   246.00000000000000        2.3133669898083294E-002
   247.00000000000000        2.0570478663619066E-002
   248.00000000000000        1.8214538479846217E-002
   249.00000000000000        1.6054474153152018E-002
   250.00000000000000        1.4079352267455034E-002
   251.00000000000000        1.2278671460205882E-002
   252.00000000000000        1.0642352499226931E-002
   253.00000000000000        9.1607281968417859E-003
   254.00000000000000        7.8245331953517381E-003
   255.00000000000000        6.6248936556565670E-003
   256.00000000000000        5.5533168786057359E-003
   257.00000000000000        4.6016808866128330E-003
   258.00000000000000        3.7622239910613435E-003
   259.00000000000000        3.0275343691332775E-003
   260.00000000000000        2.3905396719025159E-003
   261.00000000000000        1.8444966837989508E-003
   262.00000000000000        1.3829810519315037E-003
   263.00000000000000        9.9987710219811969E-004
   264.00000000000000        6.8936775764810493E-004
   265.00000000000000        4.4592457316314856E-004
   266.00000000000000        2.6429789920687268E-004
   267.00000000000000        1.3950718614670450E-004
   268.00000000000000        6.6831439471257777E-005
   269.00000000000000        4.1799835117224042E-005
   270.00000000000000        6.0182503071290376E-005
   271.00000000000000        1.1798148642777639E-004
   272.00000000000000        2.1142188215554780E-004
   273.00000000000000        3.3694316895840090E-004
   274.00000000000000        4.9119072679730080E-004
   275.00000000000000        6.7100755188018938E-004
   276.00000000000000        8.7342617021033905E-004
   277.00000000000000        1.0956607521195715E-003
   278.00000000000000        1.3350994295917235E-003
   279.00000000000000        1.5892968176035238E-003
   280.00000000000000        1.8559667401774000E-003
   281.00000000000000        2.1329751613385788E-003
   282.00000000000000        2.4183333207186972E-003
   283.00000000000000        2.7101910731144973E-003
   284.00000000000000        3.0068304309303160E-003
   285.00000000000000        3.3066593080681261E-003
   286.00000000000000        3.6082054635083209E-003
   287.00000000000000        3.9101106425213361E-003
   288.00000000000000        4.2111249131815574E-003
   289.00000000000000        4.5101011956107107E-003
   290.00000000000000        4.8059899811586761E-003
   291.00000000000000        5.0978342385222478E-003
   292.00000000000000        5.3847645036444250E-003
   293.00000000000000        5.6659941500617414E-003
   294.00000000000000        5.9408148362442301E-003
   295.00000000000000        6.2085921263461581E-003
   296.00000000000000        6.4687612806916079E-003
   297.00000000000000        6.7208232122220072E-003
   298.00000000000000        6.9643406050734274E-003
   299.00000000000000        7.1989341913858791E-003
   300.00000000000000        7.4242791824042564E-003
   301.00000000000000        7.6401018499006957E-003
   302.00000000000000        7.8461762539216839E-003
   303.00000000000000        8.0423211128578462E-003
   304.00000000000000        8.2283968118248250E-003
   305.00000000000000        8.4043025453596834E-003
   306.00000000000000        8.5699735904461449E-003
   307.00000000000000        8.7253787059046080E-003
   308.00000000000000        8.8705176542179312E-003
   309.00000000000000        9.0054188418909401E-003
   310.00000000000000        9.1301370744930350E-003
   311.00000000000000        9.2447514225690777E-003
   312.00000000000000        9.3493631946644853E-003
   313.00000000000000        9.4440940137587547E-003
   314.00000000000000        9.5290839934652864E-003
   315.00000000000000        9.6044900104141975E-003
   316.00000000000000        9.6704840693015992E-003
   317.00000000000000        9.7272517571607483E-003
   318.00000000000000        9.7749907834704646E-003
   319.00000000000000        9.8139096027989366E-003
   320.00000000000000        9.8442261167499545E-003
   321.00000000000000        9.8661664520490865E-003
   322.00000000000000        9.8799638116957647E-003
   323.00000000000000        9.8858573961675810E-003
   324.00000000000000        9.8840913917549560E-003
   325.00000000000000        9.8749140231738450E-003
   326.00000000000000        9.8585766676828300E-003
   327.00000000000000        9.8353330280151335E-003
   328.00000000000000        9.8054383615013528E-003
   329.00000000000000        9.7691487628514973E-003
   330.00000000000000        9.7267204981284182E-003
   331.00000000000000        9.6784093875293496E-003
   332.00000000000000        9.6244702346634584E-003
   333.00000000000000        9.5651563000926036E-003
   334.00000000000000        9.5007188169694140E-003
   335.00000000000000        9.4314065466873081E-003
   336.00000000000000        9.3574653725240660E-003
   337.00000000000000        9.2791379293313565E-003
   338.00000000000000        9.1966632673950999E-003
   339.00000000000000        9.1102765486564350E-003
   340.00000000000000        9.0202087735502378E-003
   341.00000000000000        8.9266865367872237E-003
   342.00000000000000        8.8299318104639486E-003
   343.00000000000000        8.7301617529519093E-003
   344.00000000000000        8.6275885420767848E-003
   345.00000000000000        8.5224192311591507E-003
   346.00000000000000        8.4148556265437064E-003
   347.00000000000000        8.3050941853052302E-003
   348.00000000000000        8.1933259318691769E-003
   349.00000000000000        8.0797363923455021E-003
   350.00000000000000        7.9645055454177303E-003
   351.00000000000000        7.8478077886886457E-003
   352.00000000000000        7.7298119194278642E-003
   353.00000000000000        7.6106811287151854E-003
   354.00000000000000        7.4905730080207997E-003
   355.00000000000000        7.3696395673096046E-003
   356.00000000000000        7.2480272637941963E-003
   357.00000000000000        7.1258770405133922E-003
   358.00000000000000        7.0033243739410569E-003
   359.00000000000000        6.8804993298811823E-003
   360.00000000000000        6.7575266269350029E-003
   361.00000000000000        6.6345257068638848E-003
   362.00000000000000        6.5116108112103317E-003
   363.00000000000000        6.3888910635700553E-003
   364.00000000000000        6.2664705569396503E-003
   365.00000000000000        6.1444484456002852E-003
   366.00000000000000        6.0229190410240390E-003
   367.00000000000000        5.9019719113185898E-003
   368.00000000000000        5.7816919837578914E-003
   369.00000000000000        5.6621596499671122E-003
   370.00000000000000        5.5434508733611309E-003
   371.00000000000000        5.4256372984568197E-003
   372.00000000000000        5.3087863617054800E-003
   373.00000000000000        5.1929614035115344E-003
   374.00000000000000        5.0782217811285021E-003
   375.00000000000000        4.9646229821404403E-003
   376.00000000000000        4.8522167382589682E-003
   377.00000000000000        4.7410511391849765E-003
   378.00000000000000        4.6311707462992407E-003
   379.00000000000000        4.5226167059671217E-003
   380.00000000000000        4.4154268622560965E-003
   381.00000000000000        4.3096358688805483E-003
   382.00000000000000        4.2052753002049525E-003
   383.00000000000000        4.1023737611481708E-003
   384.00000000000000        4.0009569958459387E-003
   385.00000000000000        3.9010479949422431E-003
   386.00000000000000        3.8026671013897829E-003
   387.00000000000000        3.7058321424210624E-003
   388.00000000000000        3.6105584184637522E-003
   389.00000000000000        3.5168589781529960E-003
   390.00000000000000        3.4247445778762503E-003
   391.00000000000000        3.3342238932820285E-003
   392.00000000000000        3.2453034845583606E-003
   393.00000000000000        3.1579879781905621E-003
   394.00000000000000        3.0722801350075218E-003
   395.00000000000000        2.9881809389279107E-003
   396.00000000000000        2.9056896835632116E-003
   397.00000000000000        2.8248040566554696E-003
   398.00000000000000        2.7455202223313070E-003
   399.00000000000000        2.6678329011602495E-003
   400.00000000000000        2.5917354480108779E-003
   401.00000000000000        2.5172199277023119E-003
   402.00000000000000        2.4442771884529272E-003
   403.00000000000000        2.3728969331330550E-003
   404.00000000000000        2.3030677883315248E-003
   405.00000000000000        2.2347773712494690E-003
   406.00000000000000        2.1680123544384261E-003
   407.00000000000000        2.1027585284024786E-003
   408.00000000000000        2.0390008620866660E-003
   409.00000000000000        1.9767235612766516E-003
   410.00000000000000        1.9159101249374858E-003
   411.00000000000000        1.8565433995195951E-003
   412.00000000000000        1.7986056312640846E-003
   413.00000000000000        1.7420785165396942E-003
   414.00000000000000        1.6869432502456777E-003
   415.00000000000000        1.6331805723160363E-003
   416.00000000000000        1.5807708123622437E-003
   417.00000000000000        1.5296939324916348E-003
   418.00000000000000        1.4799295683402896E-003
   419.00000000000000        1.4314570683596648E-003
   420.00000000000000        1.3842555313968584E-003
   421.00000000000000        1.3383038426087739E-003
   422.00000000000000        1.2935807077509823E-003
   423.00000000000000        1.2500646858825291E-003
   424.00000000000000        1.2077342205271777E-003
   425.00000000000000        1.1665676693332924E-003
   426.00000000000000        1.1265433322728748E-003
   427.00000000000000        1.0876394784212714E-003
   428.00000000000000        1.0498343713586688E-003
   429.00000000000000        1.0131062932338870E-003
   430.00000000000000        9.7743356753149510E-004
   431.00000000000000        9.4279458058202869E-004
   432.00000000000000        9.0916780185547276E-004
   433.00000000000000        8.7653180307723378E-004
   434.00000000000000        8.4486527620575053E-004
   435.00000000000000        8.1414705030990531E-004
   436.00000000000000        7.8435610738439721E-004
   437.00000000000000        7.5547159714016389E-004
   438.00000000000000        7.2747285080675258E-004
   439.00000000000000        7.0033939398244901E-004
   440.00000000000000        6.7405095856791334E-004
   441.00000000000000        6.4858749381761999E-004
   442.00000000000000        6.2392917654358483E-004
   443.00000000000000        6.0005642050443158E-004
   444.00000000000000        5.7694988501235148E-004
   445.00000000000000        5.5459048279014552E-004
   446.00000000000000        5.3295938710913810E-004
   447.00000000000000        5.1203803823856534E-004
   448.00000000000000        4.9180814923600793E-004
   449.00000000000000        4.7225171110774748E-004
   450.00000000000000        4.5335099736723707E-004
   451.00000000000000        4.3508856801896436E-004
   452.00000000000000        4.1744727299444106E-004
   453.00000000000000        4.0041025506611723E-004
   454.00000000000000        3.8396095226447547E-004
   455.00000000000000        3.6808309982249538E-004
   456.00000000000000        3.5276073167134176E-004
   457.00000000000000        3.3797818151015652E-004
   458.00000000000000        3.2372008347209029E-004
   459.00000000000000        3.0997137240819242E-004
   460.00000000000000        2.9671728380989957E-004
   461.00000000000000        2.8394335339023427E-004
   462.00000000000000        2.7163541634318150E-004
   463.00000000000000        2.5977960629999162E-004
   464.00000000000000        2.4836235400051252E-004
   465.00000000000000        2.3737038569698012E-004
   466.00000000000000        2.2679072130718958E-004
   467.00000000000000        2.1661067233311242E-004
   468.00000000000000        2.0681783956070924E-004
   469.00000000000000        1.9740011055576043E-004
   470.00000000000000        1.8834565697033447E-004
   471.00000000000000        1.7964293167355207E-004
   472.00000000000000        1.7128066572008374E-004
   473.00000000000000        1.6324786516900763E-004
   474.00000000000000        1.5553380776536828E-004
   475.00000000000000        1.4812803949602272E-004
   476.00000000000000        1.4102037103106769E-004
   477.00000000000000        1.3420087406151789E-004
   478.00000000000000        1.2765987754345567E-004
   479.00000000000000        1.2138796385847929E-004
   480.00000000000000        1.1537596489973945E-004
   481.00000000000000        1.0961495809244850E-004
   482.00000000000000        1.0409626235736705E-004
   483.00000000000000        9.8811434025290805E-005
   484.00000000000000        9.3752262710223834E-005
   485.00000000000000        8.8910767148503835E-005
   486.00000000000000        8.4279191010780744E-005
   487.00000000000000        7.9849998693408449E-005
   488.00000000000000        7.5615871095441046E-005
   489.00000000000000        7.1569701387092901E-005
   490.00000000000000        6.7704590775187980E-005
   491.00000000000000        6.4013844270867381E-005
   492.00000000000000        6.0490966464413475E-005
   493.00000000000000        5.7129657311876717E-005
   494.00000000000000        5.3923807937824931E-005
   495.00000000000000        5.0867496458312183E-005
   496.00000000000000        4.7954983827883129E-005
   497.00000000000000        4.5180709714182190E-005
   498.00000000000000        4.2539288403515120E-005
   499.00000000000000        4.0025504740437411E-005
   500.00000000000000        3.7634310104292050E-005
   501.00000000000000        3.5360818425326791E-005
   502.00000000000000        3.3200302242874622E-005
   503.00000000000000        3.1148188807889036E-005
   504.00000000000000        2.9200056231877239E-005
   505.00000000000000        2.7351629684178005E-005
   506.00000000000000        2.5598777639312195E-005
   507.00000000000000        2.3937508175962995E-005
   508.00000000000000        2.2363965329041602E-005
   509.00000000000000        2.0874425496076585E-005
   510.00000000000000        1.9465293899080634E-005
   511.00000000000000        1.8133101102886595E-005
   512.00000000000000        1.6874499590824949E-005
   513.00000000000000        1.5686260398486616E-005
   514.00000000000000        1.4565269806210287E-005
   515.00000000000000        1.3508526090825338E-005
   516.00000000000000        1.2513136337049366E-005
   517.00000000000000        1.1576313308899091E-005
   518.00000000000000        1.0695372381308635E-005
   519.00000000000000        9.8677285321262775E-006
   520.00000000000000        9.0908933945374018E-006
   521.00000000000000        8.3624723698974450E-006
   522.00000000000000        7.6801618008924128E-006
   523.00000000000000        7.0417462048565978E-006
   524.00000000000000        6.4450955670339728E-006
   525.00000000000000        5.8881626934928757E-006
   526.00000000000000        5.3689806233606957E-006
   527.00000000000000        4.8856600999748492E-006
   528.00000000000000        4.4363871005174234E-006
   529.00000000000000        4.0194204236400300E-006
   530.00000000000000        3.6330893345515070E-006
   531.00000000000000        3.2757912669918552E-006
   532.00000000000000        2.9459895814994357E-006
   533.00000000000000        2.6422113793153285E-006
   534.00000000000000        2.3630453712710391E-006
   535.00000000000000        2.1071398009486156E-006
   536.00000000000000        1.8732004214004707E-006
   537.00000000000000        1.6599885246758608E-006
   538.00000000000000        1.4663190233908745E-006
   539.00000000000000        1.2910585835562055E-006
   540.00000000000000        1.1331238078605654E-006
   541.00000000000000        9.9147946859432661E-007
   542.00000000000000        8.6513678938640852E-007
   543.00000000000000        7.5315177491260232E-007
   544.00000000000000        6.5462358773016618E-007
   545.00000000000000        5.6869297138160536E-007
   546.00000000000000        4.9454071890644806E-007
   547.00000000000000        4.3138618589586623E-007
   548.00000000000000        3.7848584722090727E-007
   549.00000000000000        3.3513189656317490E-007
   550.00000000000000        3.0065088787720005E-007
   551.00000000000000        2.7440241791346638E-007
   552.00000000000000        2.5577784893257778E-007
   553.00000000000000        2.4419907074409715E-007
   554.00000000000000        2.3911730120669027E-007
   555.00000000000000        2.4001192433079721E-007
   556.00000000000000        2.4638936513015693E-007
   557.00000000000000        2.5778200037443602E-007
   558.00000000000000        2.7374710440197664E-007
   559.00000000000000        2.9386582915901951E-007
   560.00000000000000        3.1774221763933494E-007
   561.00000000000000        3.4500224990729583E-007
   562.00000000000000        3.7529292089578586E-007
   563.00000000000000        4.0828134918034435E-007
   564.00000000000000        4.4365391594036761E-007
   565.00000000000000        4.8111543332909614E-007
   566.00000000000000        5.2038834148401388E-007
   567.00000000000000        5.6121193342110815E-007
   568.00000000000000        6.0334160706646059E-007
   569.00000000000000        6.4654814369264088E-007
   570.00000000000000        6.9061701203524503E-007
   571.00000000000000        7.3534769738074606E-007
   572.00000000000000        7.8055305492724543E-007
   573.00000000000000        8.2605868673047981E-007
   574.00000000000000        8.7170234156345296E-007
   575.00000000000000        9.1733333702676106E-007
   576.00000000000000        9.6281200326234383E-007
   577.00000000000000        1.0080091476329519E-006
   578.00000000000000        1.0528055397453763E-006
   579.00000000000000        1.0970914162065090E-006
   580.00000000000000        1.1407660045124190E-006
   581.00000000000000        1.1837370654882906E-006
   582.00000000000000        1.2259204537022928E-006
   583.00000000000000        1.2672396952968181E-006
   584.00000000000000        1.3076255826869886E-006
   585.00000000000000        1.3470157855920292E-006
   586.00000000000000        1.3853544778762380E-006
   587.00000000000000        1.4225919796891402E-006
   588.00000000000000        1.4586844144058104E-006
   589.00000000000000        1.4935933798810674E-006
   590.00000000000000        1.5272856335434026E-006
   591.00000000000000        1.5597327908647271E-006
   592.00000000000000        1.5909110367559563E-006
   593.00000000000000        1.6208008494478803E-006
   594.00000000000000        1.6493867364296143E-006
   595.00000000000000        1.6766569820273242E-006
   596.00000000000000        1.7026034062172056E-006
   597.00000000000000        1.7272211342772673E-006
   598.00000000000000        1.7505083768943602E-006
   599.00000000000000        1.7724662203514861E-006
   600.00000000000000        1.7930984264326234E-006
   601.00000000000000        1.8124112416910571E-006
   602.00000000000000        1.8304132157391689E-006
   603.00000000000000        1.8471150282244366E-006
   604.00000000000000        1.8625293241692423E-006
   605.00000000000000        1.8766705573597569E-006
   606.00000000000000        1.8895548414780606E-006
   607.00000000000000        1.9011998086830572E-006
   608.00000000000000        1.9116244753514047E-006
   609.00000000000000        1.9208491147014512E-006
   610.00000000000000        1.9288951360297207E-006
   611.00000000000000        1.9357849702987422E-006
   612.00000000000000        1.9415419618227392E-006
   613.00000000000000        1.9461902658063917E-006
   614.00000000000000        1.9497547514987387E-006
   615.00000000000000        1.9522609107323500E-006
   616.00000000000000        1.9537347716263199E-006
   617.00000000000000        1.9542028172363656E-006
   618.00000000000000        1.9536919089458613E-006
   619.00000000000000        1.9522292143950875E-006
   620.00000000000000        1.9498421397556301E-006
   621.00000000000000        1.9465582661611787E-006
   622.00000000000000        1.9424052901144775E-006
   623.00000000000000        1.9374109676938919E-006
   624.00000000000000        1.9316030623922357E-006
   625.00000000000000        1.9250092964234178E-006
   626.00000000000000        1.9176573053399748E-006
   627.00000000000000        1.9095745958102249E-006
   628.00000000000000        1.9007885064084059E-006
   629.00000000000000        1.8913261712762456E-006
   630.00000000000000        1.8812144865212252E-006
   631.00000000000000        1.8704800792199020E-006
   632.00000000000000        1.8591492789007962E-006
   633.00000000000000        1.8472480913846696E-006
   634.00000000000000        1.8348021748671989E-006
   635.00000000000000        1.8218368181296649E-006
   636.00000000000000        1.8083769207717661E-006
   637.00000000000000        1.7944469753612184E-006
   638.00000000000000        1.7800710514015140E-006
   639.00000000000000        1.7652727810213441E-006
   640.00000000000000        1.7500753462941649E-006
   641.00000000000000        1.7345014680995002E-006
   642.00000000000000        1.7185733964410335E-006
   643.00000000000000        1.7023129021405814E-006
   644.00000000000000        1.6857412698297813E-006
   645.00000000000000        1.6688792921652162E-006
   646.00000000000000        1.6517472651944822E-006
   647.00000000000000        1.6343649848059040E-006
   648.00000000000000        1.6167517441953281E-006
   649.00000000000000        1.5989263322876768E-006
   650.00000000000000        1.5809070330530890E-006
   651.00000000000000        1.5627116256602736E-006
   652.00000000000000        1.5443573854121022E-006
   653.00000000000000        1.5258610854110376E-006
   654.00000000000000        1.5072389989046580E-006
   655.00000000000000        1.4885069022630432E-006
   656.00000000000000        1.4696800785426794E-006
   657.00000000000000        1.4507733215936935E-006
   658.00000000000000        1.4318009406683759E-006
   659.00000000000000        1.4127767654926114E-006
   660.00000000000000        1.3937141517616474E-006
   661.00000000000000        1.3746259870248715E-006
   662.00000000000000        1.3555246969263235E-006
   663.00000000000000        1.3364222517676217E-006
   664.00000000000000        1.3173301733635804E-006
   665.00000000000000        1.2982595421609275E-006
   666.00000000000000        1.2792210045929257E-006
   667.00000000000000        1.2602247806437816E-006
   668.00000000000000        1.2412806715977625E-006
   669.00000000000000        1.2223980679503841E-006
   670.00000000000000        1.2035859574587350E-006
   671.00000000000000        1.1848529333108451E-006
   672.00000000000000        1.1662072023939072E-006
   673.00000000000000        1.1476565936430380E-006
   674.00000000000000        1.1292085664530877E-006
   675.00000000000000        1.1108702191369247E-006
   676.00000000000000        1.0926482974150526E-006
   677.00000000000000        1.0745492029217726E-006
   678.00000000000000        1.0565790017143968E-006
   679.00000000000000        1.0387434327730322E-006
   680.00000000000000        1.0210479164786327E-006
   681.00000000000000        1.0034975630586564E-006
   682.00000000000000        9.8609718098967108E-007
   683.00000000000000        9.6885128534756890E-007
   684.00000000000000        9.5176410609631533E-007
   685.00000000000000        9.3483959630696208E-007
   686.00000000000000        9.1808144029943542E-007
   687.00000000000000        9.0149306170002794E-007
   688.00000000000000        8.8507763140792320E-007
   689.00000000000000        8.6883807546528345E-007
   690.00000000000000        8.5277708282497663E-007
   691.00000000000000        8.3689714821208711E-007
   692.00000000000000        8.2120043876554168E-007
   693.00000000000000        8.0568901297724862E-007
   694.00000000000000        7.9036465207446762E-007
   695.00000000000000        7.7522904202197130E-007
   696.00000000000000        7.6028357110547621E-007
   697.00000000000000        7.4552947665649234E-007
   698.00000000000000        7.3096781688656567E-007
   699.00000000000000        7.1659947756621617E-007
   700.00000000000000        7.0242517857085362E-007
   701.00000000000000        6.8844548029253571E-007
   702.00000000000000        6.7466078991669806E-007
   703.00000000000000        6.6107136756275875E-007
   704.00000000000000        6.4767733228876316E-007
   705.00000000000000        6.3447866795927205E-007
   706.00000000000000        6.2147522897663696E-007
   707.00000000000000        6.0866674587601615E-007
   708.00000000000000        5.9605283078405233E-007
   709.00000000000000        5.8363298274211522E-007
   710.00000000000000        5.7140659289459208E-007
   711.00000000000000        5.5937294954298922E-007
   712.00000000000000        5.4753124306690659E-007
   713.00000000000000        5.3588057071291582E-007
   714.00000000000000        5.2441994125253740E-007
   715.00000000000000        5.1314827951060789E-007
   716.00000000000000        5.0206443076541874E-007
   717.00000000000000        4.9116716502221816E-007
   718.00000000000000        4.8045518116150360E-007
   719.00000000000000        4.6992711096384252E-007
   720.00000000000000        4.5958152301303722E-007
   721.00000000000000        4.4941692647913565E-007
   722.00000000000000        4.3943177478345941E-007
   723.00000000000000        4.2962446914732128E-007
   724.00000000000000        4.1999336202640452E-007
   725.00000000000000        4.1053676043284805E-007
   726.00000000000000        4.0125292914698378E-007
   727.00000000000000        3.9214009382072615E-007
   728.00000000000000        3.8319644397477987E-007
   729.00000000000000        3.7442013589165819E-007
   730.00000000000000        3.6580929540659916E-007
   731.00000000000000        3.5736202059855852E-007
   732.00000000000000        3.4907638438333774E-007
   733.00000000000000        3.4095043701096965E-007
   734.00000000000000        3.3298220846949027E-007
   735.00000000000000        3.2516971079724038E-007
   736.00000000000000        3.1751094030575746E-007
   737.00000000000000        3.1000387971543662E-007
   738.00000000000000        3.0264650020599093E-007
   739.00000000000000        2.9543676338382569E-007
   740.00000000000000        2.8837262316845619E-007
   741.00000000000000        2.8145202759991385E-007
   742.00000000000000        2.7467292056928387E-007
   743.00000000000000        2.6803324347434852E-007
   744.00000000000000        2.6153093680234534E-007
   745.00000000000000        2.5516394164184373E-007
   746.00000000000000        2.4893020112563985E-007
   747.00000000000000        2.4282766180666171E-007
   748.00000000000000        2.3685427496877374E-007
   749.00000000000000        2.3100799787433606E-007
   750.00000000000000        2.2528679495039018E-007
   751.00000000000000        2.1968863891532491E-007
   752.00000000000000        2.1421151184773563E-007
   753.00000000000000        2.0885340619935136E-007
   754.00000000000000        2.0361232575364251E-007
   755.00000000000000        1.9848628653196973E-007
   756.00000000000000        1.9347331764875337E-007
   757.00000000000000        1.8857146211749793E-007
   758.00000000000000        1.8377877760914902E-007
   759.00000000000000        1.7909333716441090E-007
   760.00000000000000        1.7451322986160541E-007
   761.00000000000000        1.7003656144149951E-007
   762.00000000000000        1.6566145489068156E-007
   763.00000000000000        1.6138605098486626E-007
   764.00000000000000        1.5720850879357636E-007
   765.00000000000000        1.5312700614760818E-007
   766.00000000000000        1.4913974007057350E-007
   767.00000000000000        1.4524492717591419E-007
   768.00000000000000        1.4144080403063653E-007
   769.00000000000000        1.3772562748702115E-007
   770.00000000000000        1.3409767498357976E-007
   771.00000000000000        1.3055524481640612E-007
   772.00000000000000        1.2709665638212770E-007
   773.00000000000000        1.2372025039357715E-007
   774.00000000000000        1.2042438906927539E-007
   775.00000000000000        1.1720745629786308E-007
   776.00000000000000        1.1406785777844370E-007
   777.00000000000000        1.1100402113794159E-007
   778.00000000000000        1.0801439602639657E-007
   779.00000000000000        1.0509745419121583E-007
   780.00000000000000        1.0225168953127909E-007
   781.00000000000000        9.9475618131818775E-008
   782.00000000000000        9.6767778280971124E-008
   783.00000000000000        9.4126730468824550E-008
   784.00000000000000        9.1551057369820096E-008
   785.00000000000000        8.9039363809302752E-008
   786.00000000000000        8.6590276714996490E-008
   787.00000000000000        8.4202445054156522E-008
   788.00000000000000        8.1874539757151865E-008
   789.00000000000000        7.9605253628151555E-008
   790.00000000000000        7.7393301243630767E-008
   791.00000000000000        7.5237418839338190E-008
   792.00000000000000        7.3136364186381657E-008
   793.00000000000000        7.1088916457035243E-008
   794.00000000000000        6.9093876080870203E-008
   795.00000000000000        6.7150064591800569E-008
   796.00000000000000        6.5256324466577997E-008
   797.00000000000000        6.3411518955287924E-008
   798.00000000000000        6.1614531904363928E-008
   799.00000000000000        5.9864267572615265E-008
   800.00000000000000        5.8159650440748115E-008
   801.00000000000000        5.6499625014850598E-008
   802.00000000000000        5.4883155624283666E-008
   803.00000000000000        5.3309226214403246E-008
   804.00000000000000        5.1776840134530752E-008
   805.00000000000000        5.0285019921573765E-008
   806.00000000000000        4.8832807079659702E-008
   807.00000000000000        4.7419261856170404E-008
   808.00000000000000        4.6043463014514898E-008
   809.00000000000000        4.4704507603979014E-008
   810.00000000000000        4.3401510726977491E-008
   811.00000000000000        4.2133605304018576E-008
   812.00000000000000        4.0899941836666012E-008
   813.00000000000000        3.9699688168801382E-008
   814.00000000000000        3.8532029246437470E-008
   815.00000000000000        3.7396166876356923E-008
   816.00000000000000        3.6291319483808467E-008
   817.00000000000000        3.5216721869514264E-008
   818.00000000000000        3.4171624966195001E-008
   819.00000000000000        3.3155295594839164E-008
   820.00000000000000        3.2167016220916825E-008
   821.00000000000000        3.1206084710728904E-008
   822.00000000000000        3.0271814088082548E-008
   823.00000000000000        2.9363532291457662E-008
   824.00000000000000        2.8480581931845182E-008
   825.00000000000000        2.7622320051396434E-008
   826.00000000000000        2.6788117883049677E-008
   827.00000000000000        2.5977360611261396E-008
   828.00000000000000        2.5189447133982191E-008
   829.00000000000000        2.4423789826001675E-008
   830.00000000000000        2.3679814303778339E-008
   831.00000000000000        2.2956959191865395E-008
   832.00000000000000        2.2254675891039084E-008
   833.00000000000000        2.1572428348227097E-008
   834.00000000000000        2.0909692828323741E-008
   835.00000000000000        2.0265957687980932E-008
   836.00000000000000        1.9640723151457208E-008
   837.00000000000000        1.9033501088591017E-008
   838.00000000000000        1.8443814794972214E-008
   839.00000000000000        1.7871198774374165E-008
   840.00000000000000        1.7315198523503959E-008
   841.00000000000000        1.6775370319122130E-008
   842.00000000000000        1.6251281007585770E-008
   843.00000000000000        1.5742507796853805E-008
   844.00000000000000        1.5248638051000072E-008
   845.00000000000000        1.4769269087263448E-008
   846.00000000000000        1.4304007975676611E-008
   847.00000000000000        1.3852471341291594E-008
   848.00000000000000        1.3414285169037755E-008
   849.00000000000000        1.2989084611223005E-008
   850.00000000000000        1.2576513797706178E-008
   851.00000000000000        1.2176225648750909E-008
   852.00000000000000        1.1787881690573033E-008
   853.00000000000000        1.1411151873594111E-008
   854.00000000000000        1.1045714393404537E-008
   855.00000000000000        1.0691255514444630E-008
   856.00000000000000        1.0347469396400394E-008
   857.00000000000000        1.0014057923319128E-008
   858.00000000000000        9.6907305354377697E-009
   859.00000000000000        9.3772040637222314E-009
   860.00000000000000        9.0732025671095631E-009
   861.00000000000000        8.7784571724455809E-009
   862.00000000000000        8.4927059171064781E-009
   863.00000000000000        8.2156935942937860E-009
   864.00000000000000        7.9471716009880574E-009
   865.00000000000000        7.6868977885483794E-009
   866.00000000000000        7.4346363159372019E-009
   867.00000000000000        7.1901575055592492E-009
   868.00000000000000        6.9532377016889630E-009
   869.00000000000000        6.7236591314709418E-009
   870.00000000000000        6.5012097684711156E-009
   871.00000000000000        6.2856831987556035E-009
   872.00000000000000        6.0768784894758189E-009
   873.00000000000000        5.8746000599345719E-009
   874.00000000000000        5.6786575551096245E-009
   875.00000000000000        5.4888657216084488E-009
   876.00000000000000        5.3050442860290421E-009
   877.00000000000000        5.1270178356987347E-009
   878.00000000000000        4.9546157017652476E-009
   879.00000000000000        4.7876718446112385E-009
   880.00000000000000        4.6260247415640225E-009
   881.00000000000000        4.4695172768730232E-009
   882.00000000000000        4.3179966339238912E-009
   883.00000000000000        4.1713141896621083E-009
   884.00000000000000        4.0293254111944366E-009
   885.00000000000000        3.8918897545399153E-009
   886.00000000000000        3.7588705654990974E-009
   887.00000000000000        3.6301349826123758E-009
   888.00000000000000        3.5055538421751979E-009
   889.00000000000000        3.3850015852820191E-009
   890.00000000000000        3.2683561668661768E-009
   891.00000000000000        3.1554989667059367E-009
   892.00000000000000        3.0463147023667679E-009
   893.00000000000000        2.9406913440473876E-009
   894.00000000000000        2.8385200313007404E-009
   895.00000000000000        2.7396949915978377E-009
   896.00000000000000        2.6441134607050284E-009
   897.00000000000000        2.5516756048439199E-009
   898.00000000000000        2.4622844446030151E-009
   899.00000000000000        2.3758457805722109E-009
   900.00000000000000        2.2922681206687390E-009
   901.00000000000000        2.2114626091261076E-009
   902.00000000000000        2.1333429571148539E-009
   903.00000000000000        2.0578253749674201E-009
   904.00000000000000        1.9848285059766008E-009
   905.00000000000000        1.9142733617387547E-009
   906.00000000000000        1.8460832590139893E-009
   907.00000000000000        1.7801837580736456E-009
   908.00000000000000        1.7165026025078166E-009
   909.00000000000000        1.6549696604640637E-009
   910.00000000000000        1.5955168672906338E-009
   911.00000000000000        1.5380781695560766E-009
   912.00000000000000        1.4825894704186126E-009
   913.00000000000000        1.4289885763183177E-009
   914.00000000000000        1.3772151449657311E-009
   915.00000000000000        1.3272106346008089E-009
   916.00000000000000        1.2789182544964932E-009
   917.00000000000000        1.2322829166811262E-009
   918.00000000000000        1.1872511888551268E-009
   919.00000000000000        1.1437712484765733E-009
   920.00000000000000        1.1017928379915412E-009
   921.00000000000000        1.0612672211851705E-009
   922.00000000000000        1.0221471406294548E-009
   923.00000000000000        9.8438677620453974E-010
   924.00000000000000        9.4794170467025953E-010
   925.00000000000000        9.1276886026545625E-010
   926.00000000000000        8.7882649631265069E-010
   927.00000000000000        8.4607414780571062E-010
   928.00000000000000        8.1447259495938818E-010
   929.00000000000000        7.8398382769907234E-010
   930.00000000000000        7.5457101106981281E-010
   931.00000000000000        7.2619845154415860E-010
   932.00000000000000        6.9883156420836654E-010
   933.00000000000000        6.7243684080719354E-010
   934.00000000000000        6.4698181862764348E-010
   935.00000000000000        6.2243505020236400E-010
   936.00000000000000        5.9876607381397281E-010
   937.00000000000000        5.7594538478163453E-010
   938.00000000000000        5.5394440751166086E-010
   939.00000000000000        5.3273546829431216E-010
   940.00000000000000        5.1229176882929099E-010
   941.00000000000000        4.9258736046260208E-010
   942.00000000000000        4.7359711911790544E-010
   943.00000000000000        4.5529672090587112E-010
   944.00000000000000        4.3766261839522929E-010
   945.00000000000000        4.2067201752958179E-010
   946.00000000000000        4.0430285517423618E-010
   947.00000000000000        3.8853377727809689E-010
   948.00000000000000        3.7334411763515424E-010
   949.00000000000000        3.5871387723121128E-010
   950.00000000000000        3.4462370416127893E-010
   951.00000000000000        3.3105487410356065E-010
   952.00000000000000        3.1798927133624882E-010
   953.00000000000000        3.0540937028351809E-010
   954.00000000000000        2.9329821757753276E-010
   955.00000000000000        2.8163941462350249E-010
   956.00000000000000        2.7041710065501624E-010
   957.00000000000000        2.5961593626733258E-010
   958.00000000000000        2.4922108741638396E-010
   959.00000000000000        2.3921820987167639E-010
   960.00000000000000        2.2959343411134374E-010
   961.00000000000000        2.2033335064816672E-010
   962.00000000000000        2.1142499577519577E-010
   963.00000000000000        2.0285583772028495E-010
   964.00000000000000        1.9461376319882917E-010
   965.00000000000000        1.8668706435430001E-010
   966.00000000000000        1.7906442607641725E-010
   967.00000000000000        1.7173491368709351E-010
   968.00000000000000        1.6468796098433957E-010
   969.00000000000000        1.5791335863477963E-010
   970.00000000000000        1.5140124290533982E-010
   971.00000000000000        1.4514208472530240E-010
   972.00000000000000        1.3912667906966103E-010
   973.00000000000000        1.3334613465528890E-010
   974.00000000000000        1.2779186394147508E-010
   975.00000000000000        1.2245557342657798E-010
   976.00000000000000        1.1732925423276533E-010
   977.00000000000000        1.1240517297107974E-010
   978.00000000000000        1.0767586287906013E-010
   979.00000000000000        1.0313411522360424E-010
   980.00000000000000        9.8772970961660503E-011
   981.00000000000000        9.4585712651735410E-011
   982.00000000000000        9.0565856609261485E-011
   983.00000000000000        8.6707145299054384E-011
   984.00000000000000        8.3003539958293036E-011
   985.00000000000000        7.9449213443590699E-011
   986.00000000000000        7.6038543295887076E-011
   987.00000000000000        7.2766105017049024E-011
   988.00000000000000        6.9626665552235215E-011
   989.00000000000000        6.6615176972228070E-011
   990.00000000000000        6.3726770350050666E-011
   991.00000000000000        6.0956749826377426E-011
   992.00000000000000        5.8300586858358857E-011
   993.00000000000000        5.5753914646622400E-011
   994.00000000000000        5.3312522735363309E-011
   995.00000000000000        5.0972351780546418E-011
   996.00000000000000        4.8729488481383643E-011
   997.00000000000000        4.6580160670374011E-011
   998.00000000000000        4.4520732557320235E-011
   999.00000000000000        4.2547700122856530E-011
   1000.0000000000000        4.0657686657124816E-011
