# Recoil energy (kev)        Event rate (events/gev)
   1.0000000000000000        3.5819518960312919E-005
   2.0000000000000000        6.9292846784794627E-005
   3.0000000000000000        1.0052388547218367E-004
   4.0000000000000000        1.2961321178442010E-004
   5.0000000000000000        1.5665812459552070E-004
   6.0000000000000000        1.8175269575978109E-004
   7.0000000000000000        2.0498782408205439E-004
   8.0000000000000000        2.2645129199942252E-004
   9.0000000000000000        2.4622782461089125E-004
   10.000000000000000        2.6439915071764725E-004
   11.000000000000000        2.8104406556093129E-004
   12.000000000000000        2.9623849496764515E-004
   13.000000000000000        3.1005556063560890E-004
   14.000000000000000        3.2256564631088391E-004
   15.000000000000000        3.3383646462886322E-004
   16.000000000000000        3.4393312440898728E-004
   17.000000000000000        3.5291819821005587E-004
   18.000000000000000        3.6085178996906616E-004
   19.000000000000000        3.6779160256163813E-004
   20.000000000000000        3.7379300513617244E-004
   21.000000000000000        3.7890910008713712E-004
   22.000000000000000        3.8319078954531595E-004
   23.000000000000000        3.8668684127441354E-004
   24.000000000000000        3.8944395387435359E-004
   25.000000000000000        3.9150682120168241E-004
   26.000000000000000        3.9291819592704192E-004
   27.000000000000000        3.9371895215849288E-004
   28.000000000000000        3.9394814706771036E-004
   29.000000000000000        3.9364308146377447E-004
   30.000000000000000        3.9283935926642393E-004
   31.000000000000000        3.9157094583724028E-004
   32.000000000000000        3.8987022513344098E-004
   33.000000000000000        3.8776805565463875E-004
   34.000000000000000        3.8529382515820336E-004
   35.000000000000000        3.8247550412378575E-004
   36.000000000000000        3.7933969795200426E-004
   37.000000000000000        3.7591169788653484E-004
   38.000000000000000        3.7221553065258455E-004
   39.000000000000000        3.6827400680827696E-004
   40.000000000000000        3.6410876780871172E-004
   41.000000000000000        3.5974033178533607E-004
   42.000000000000000        3.5518813804600506E-004
   43.000000000000000        3.5047059030351237E-004
   44.000000000000000        3.4560509864259249E-004
   45.000000000000000        3.4060812023738613E-004
   46.000000000000000        3.3549519883316066E-004
   47.000000000000000        3.3028100300769677E-004
   48.000000000000000        3.2497936322918879E-004
   49.000000000000000        3.1960330772875639E-004
   50.000000000000000        3.1416509720684927E-004
   51.000000000000000        3.0867625839376051E-004
   52.000000000000000        3.0314761648532761E-004
   53.000000000000000        2.9758932647568428E-004
   54.000000000000000        2.9201090340946664E-004
   55.000000000000000        2.8642125157648103E-004
   56.000000000000000        2.8082869267219451E-004
   57.000000000000000        2.7524099294779094E-004
   58.000000000000000        2.6966538937376423E-004
   59.000000000000000        2.6410861484119514E-004
   60.000000000000000        2.5857692242497473E-004
   61.000000000000000        2.5307610873328819E-004
   62.000000000000000        2.4761153636762453E-004
   63.000000000000000        2.4218815551755660E-004
   64.000000000000000        2.3681052471437458E-004
   65.000000000000000        2.3148283076752937E-004
   66.000000000000000        2.2620890790761702E-004
   67.000000000000000        2.2099225615941886E-004
   68.000000000000000        2.1583605896822715E-004
   69.000000000000000        2.1074320010238903E-004
   70.000000000000000        2.0571627985469854E-004
   71.000000000000000        2.0075763056488679E-004
   72.000000000000000        1.9586933148511487E-004
   73.000000000000000        1.9105322300999242E-004
   74.000000000000000        1.8631092029222196E-004
   75.000000000000000        1.8164382626458404E-004
   76.000000000000000        1.7705314408853176E-004
   77.000000000000000        1.7253988904924474E-004
   78.000000000000000        1.6810489991654428E-004
   79.000000000000000        1.6374884979062623E-004
   80.000000000000000        1.5947225645111939E-004
   81.000000000000000        1.5527549222752848E-004
   82.000000000000000        1.5115879340864814E-004
   83.000000000000000        1.4712226920810664E-004
   84.000000000000000        1.4316591030271320E-004
   85.000000000000000        1.3928959695985404E-004
   86.000000000000000        1.3549310676971640E-004
   87.000000000000000        1.3177612199767643E-004
   88.000000000000000        1.2813823657174692E-004
   89.000000000000000        1.2457896271953183E-004
   90.000000000000000        1.2109773726871416E-004
   91.000000000000000        1.1769392762466155E-004
   92.000000000000000        1.1436683743832230E-004
   93.000000000000000        1.1111571197716418E-004
   94.000000000000000        1.0793974321149576E-004
   95.000000000000000        1.0483807462812127E-004
   96.000000000000000        1.0180980578287303E-004
   97.000000000000000        9.8853996603181081E-005
   98.000000000000000        9.5969671451474339E-005
   99.000000000000000        9.3155822959818563E-005
   100.00000000000000        9.0411415645849064E-005
   101.00000000000000        8.7735389319694673E-005
   102.00000000000000        8.5126662291250851E-005
   103.00000000000000        8.2584134386814726E-005
   104.00000000000000        8.0106689783775991E-005
   105.00000000000000        7.7693199671729634E-005
   106.00000000000000        7.5342524748071030E-005
   107.00000000000000        7.3053517555831546E-005
   108.00000000000000        7.0825024671208748E-005
   109.00000000000000        6.8655888747975359E-005
   110.00000000000000        6.6544950425658536E-005
   111.00000000000000        6.4491050108119534E-005
   112.00000000000000        6.2493029618900322E-005
   113.00000000000000        6.0549733739449081E-005
   114.00000000000000        5.8660011636091515E-005
   115.00000000000000        5.6822718181378604E-005
   116.00000000000000        5.5036715175206199E-005
   117.00000000000000        5.3300872470884575E-005
   118.00000000000000        5.1614069011115674E-005
   119.00000000000000        4.9975193778630839E-005
   120.00000000000000        4.8383146666037016E-005
   121.00000000000000        4.6836839269226900E-005
   122.00000000000000        4.5335195608519744E-005
   123.00000000000000        4.3877152781519546E-005
   124.00000000000000        4.2461661551499256E-005
   125.00000000000000        4.1087686874953164E-005
   126.00000000000000        3.9754208371797118E-005
   127.00000000000000        3.8460220741539896E-005
   128.00000000000000        3.7204734128593601E-005
   129.00000000000000        3.5986774439752274E-005
   130.00000000000000        3.4805383616724070E-005
   131.00000000000000        3.3659619866467119E-005
   132.00000000000000        3.2548557851953176E-005
   133.00000000000000        3.1471288845854113E-005
   134.00000000000000        3.0426920849532568E-005
   135.00000000000000        2.9414578679596351E-005
   136.00000000000000        2.8433404024172476E-005
   137.00000000000000        2.7482555470945603E-005
   138.00000000000000        2.6561208508908387E-005
   139.00000000000000        2.5668555505668600E-005
   140.00000000000000        2.4803805662071785E-005
   141.00000000000000        2.3966184945799327E-005
   142.00000000000000        2.3154936005525768E-005
   143.00000000000000        2.2369318067128634E-005
   144.00000000000000        2.1608606813370440E-005
   145.00000000000000        2.0872094248396264E-005
   146.00000000000000        2.0159088548315837E-005
   147.00000000000000        1.9468913899073508E-005
   148.00000000000000        1.8800910322740866E-005
   149.00000000000000        1.8154433493305602E-005
   150.00000000000000        1.7528854542968118E-005
   151.00000000000000        1.6923559859903328E-005
   152.00000000000000        1.6337950878384667E-005
   153.00000000000000        1.5771443862121068E-005
   154.00000000000000        1.5223469681603443E-005
   155.00000000000000        1.4693473586211559E-005
   156.00000000000000        1.4180914971785674E-005
   157.00000000000000        1.3685267144325668E-005
   158.00000000000000        1.3206017080436600E-005
   159.00000000000000        1.2742665185103763E-005
   160.00000000000000        1.2294725047340042E-005
   161.00000000000000        1.1861723194214370E-005
   162.00000000000000        1.1443198843736019E-005
   163.00000000000000        1.1038703657037770E-005
   164.00000000000000        1.0647801490269617E-005
   165.00000000000000        1.0270068146586581E-005
   166.00000000000000        9.9050911285871855E-006
   167.00000000000000        9.5524693915309584E-006
   168.00000000000000        9.2118130976418951E-006
   169.00000000000000        8.8827433717783373E-006
   170.00000000000000        8.5648920587299270E-006
   171.00000000000000        8.2579014823799072E-006
   172.00000000000000        7.9614242069514167E-006
   173.00000000000000        7.6751228005392027E-006
   174.00000000000000        7.3986696011075149E-006
   175.00000000000000        7.1317464851216447E-006
   176.00000000000000        6.8740446389621880E-006
   177.00000000000000        6.6252643332574218E-006
   178.00000000000000        6.3851147002549557E-006
   179.00000000000000        6.1533135143410804E-006
   180.00000000000000        5.9295869758025983E-006
   181.00000000000000        5.7136694979158356E-006
   182.00000000000000        5.5053034974353054E-006
   183.00000000000000        5.3042391885450880E-006
   184.00000000000000        5.1102343803256439E-006
   185.00000000000000        4.9230542777803032E-006
   186.00000000000000        4.7424712864572666E-006
   187.00000000000000        4.5682648206941552E-006
   188.00000000000000        4.4002211155062456E-006
   189.00000000000000        4.2381330421313176E-006
   190.00000000000000        4.0817999272383914E-006
   191.00000000000000        3.9310273758015498E-006
   192.00000000000000        3.7856270976344223E-006
   193.00000000000000        3.6454167375756998E-006
   194.00000000000000        3.5102197093117578E-006
   195.00000000000000        3.3798650328174853E-006
   196.00000000000000        3.2541871753928520E-006
   197.00000000000000        3.1330258962689413E-006
   198.00000000000000        3.0162260947535303E-006
   199.00000000000000        2.9036376618835872E-006
   200.00000000000000        2.7951153355489209E-006
   201.00000000000000        2.6905185590487040E-006
   202.00000000000000        2.5897113430404383E-006
   203.00000000000000        2.4925621308385297E-006
   204.00000000000000        2.3989436670180076E-006
   205.00000000000000        2.3087328692771125E-006
   206.00000000000000        2.2218107035110171E-006
   207.00000000000000        2.1380620620476614E-006
   208.00000000000000        2.0573756449953977E-006
   209.00000000000000        1.9796438446514084E-006
   210.00000000000000        1.9047626329188390E-006
   211.00000000000000        1.8326314516798474E-006
   212.00000000000000        1.7631531060713543E-006
   213.00000000000000        1.6962336606098632E-006
   214.00000000000000        1.6317823381109661E-006
   215.00000000000000        1.5697114213497185E-006
   216.00000000000000        1.5099361574069567E-006
   217.00000000000000        1.4523746646474979E-006
   218.00000000000000        1.3969478422755703E-006
   219.00000000000000        1.3435792824132282E-006
   220.00000000000000        1.2921951846477617E-006
   221.00000000000000        1.2427242729940952E-006
   222.00000000000000        1.1950977152188103E-006
   223.00000000000000        1.1492490444725973E-006
   224.00000000000000        1.1051140831784533E-006
   225.00000000000000        1.0626308691234289E-006
   226.00000000000000        1.0217395837022604E-006
   227.00000000000000        9.8238248226169368E-007
   228.00000000000000        9.4450382649507808E-007
   229.00000000000000        9.0804981883727228E-007
   230.00000000000000        8.7296853881065008E-007
   231.00000000000000        8.3920988127375290E-007
   232.00000000000000        8.0672549652457417E-007
   233.00000000000000        7.7546873221160281E-007
   234.00000000000000        7.4539457700611856E-007
   235.00000000000000        7.1645960599020846E-007
   236.00000000000000        6.8862192771570291E-007
   237.00000000000000        6.6184113288998629E-007
   238.00000000000000        6.3607824464548791E-007
   239.00000000000000        6.1129567035036188E-007
   240.00000000000000        5.8745715491881358E-007
   241.00000000000000        5.6452773558022845E-007
   242.00000000000000        5.4247369806709166E-007
   243.00000000000000        5.2126253418255151E-007
   244.00000000000000        5.0086290070924550E-007
   245.00000000000000        4.8124457962182137E-007
   246.00000000000000        4.6237843956642617E-007
   247.00000000000000        4.4423639857119441E-007
   248.00000000000000        4.2679138795262278E-007
   249.00000000000000        4.1001731738344723E-007
   250.00000000000000        3.9388904108847852E-007
   251.00000000000000        3.7838232513562283E-007
   252.00000000000000        3.6347381579004783E-007
   253.00000000000000        3.4914100890027153E-007
   254.00000000000000        3.3536222028568485E-007
   255.00000000000000        3.2211655709572709E-007
   256.00000000000000        3.0938389011175574E-007
   257.00000000000000        2.9714482696327251E-007
   258.00000000000000        2.8538068623096633E-007
   259.00000000000000        2.7407347240969921E-007
   260.00000000000000        2.6320585170524633E-007
   261.00000000000000        2.5276112863930739E-007
   262.00000000000000        2.4272322343795244E-007
   263.00000000000000        2.3307665017934580E-007
   264.00000000000000        2.2380649567720213E-007
   265.00000000000000        2.1489839907711212E-007
   266.00000000000000        2.0633853214343473E-007
   267.00000000000000        1.9811358021512589E-007
   268.00000000000000        1.9021072380941257E-007
   269.00000000000000        1.8261762085284952E-007
   270.00000000000000        1.7532238951984230E-007
   271.00000000000000        1.6831359165929210E-007
   272.00000000000000        1.6158021679055418E-007
   273.00000000000000        1.5511166665045928E-007
   274.00000000000000        1.4889774027364304E-007
   275.00000000000000        1.4292861958896839E-007
   276.00000000000000        1.3719485551529391E-007
   277.00000000000000        1.3168735454037181E-007
   278.00000000000000        1.2639736576709285E-007
   279.00000000000000        1.2131646841178655E-007
   280.00000000000000        1.1643655973973713E-007
   281.00000000000000        1.1174984342350805E-007
   282.00000000000000        1.0724881831011026E-007
   283.00000000000000        1.0292626758346419E-007
   284.00000000000000        9.8775248309018235E-008
   285.00000000000000        9.4789081347787736E-008
   286.00000000000000        9.0961341627462998E-008
   287.00000000000000        8.7285848758620266E-008
   288.00000000000000        8.3756657984434410E-008
   289.00000000000000        8.0368051452655090E-008
   290.00000000000000        7.7114529798948500E-008
   291.00000000000000        7.3990804031070010E-008
   292.00000000000000        7.0991787703628919E-008
   293.00000000000000        6.8112589373564003E-008
   294.00000000000000        6.5348505326738714E-008
   295.00000000000000        6.2695012566375049E-008
   296.00000000000000        6.0147762054346032E-008
   297.00000000000000        5.7702572196626536E-008
   298.00000000000000        5.5355422564487939E-008
   299.00000000000000        5.3102447843285986E-008
   300.00000000000000        5.0939932000965098E-008
   301.00000000000000        4.8864302668643557E-008
   302.00000000000000        4.6872125725907383E-008
   303.00000000000000        4.4960100083674698E-008
   304.00000000000000        4.3125052657717683E-008
   305.00000000000000        4.1363933526179965E-008
   306.00000000000000        3.9673811264615532E-008
   307.00000000000000        3.8051868452318605E-008
   308.00000000000000        3.6495397343902174E-008
   309.00000000000000        3.5001795700290745E-008
   310.00000000000000        3.3568562773483654E-008
   311.00000000000000        3.2193295439645457E-008
   312.00000000000000        3.0873684475240846E-008
   313.00000000000000        2.9607510971135892E-008
   314.00000000000000        2.8392642879736797E-008
   315.00000000000000        2.7227031690414983E-008
   316.00000000000000        2.6108709228628234E-008
   317.00000000000000        2.5035784574299393E-008
   318.00000000000000        2.4006441095169047E-008
   319.00000000000000        2.3018933590983551E-008
   320.00000000000000        2.2071585544522896E-008
   321.00000000000000        2.1162786475607491E-008
   322.00000000000000        2.0290989394360451E-008
   323.00000000000000        1.9454708350124742E-008
   324.00000000000000        1.8652516072565087E-008
   325.00000000000000        1.7883041701599573E-008
   326.00000000000000        1.7144968602926408E-008
   327.00000000000000        1.6437032266023909E-008
   328.00000000000000        1.5758018281605199E-008
   329.00000000000000        1.5106760395624397E-008
   330.00000000000000        1.4482138637023461E-008
   331.00000000000000        1.3883077516513921E-008
   332.00000000000000        1.3308544293780183E-008
   333.00000000000000        1.2757547310584306E-008
   334.00000000000000        1.2229134387340278E-008
   335.00000000000000        1.1722391280813851E-008
   336.00000000000000        1.1236440200685900E-008
   337.00000000000000        1.0770438382796904E-008
   338.00000000000000        1.0323576716970597E-008
   339.00000000000000        9.8950784273873186E-009
   340.00000000000000        9.4841978035519294E-009
   341.00000000000000        9.0902189799698754E-009
   342.00000000000000        8.7124547627145906E-009
   343.00000000000000        8.3502455011324491E-009
   344.00000000000000        8.0029580029970561E-009
   345.00000000000000        7.6699844914841907E-009
   346.00000000000000        7.3507416023976884E-009
   347.00000000000000        7.0446694201337342E-009
   348.00000000000000        6.7512305509276055E-009
   349.00000000000000        6.4699092319753021E-009
   350.00000000000000        6.2002104750794885E-009
   351.00000000000000        5.9416592435144020E-009
   352.00000000000000        5.6937996608533651E-009
   353.00000000000000        5.4561942505489428E-009
   354.00000000000000        5.2284232050995145E-009
   355.00000000000000        5.0100836836793254E-009
   356.00000000000000        4.8007891371502439E-009
   357.00000000000000        4.6001686594128387E-009
   358.00000000000000        4.4078663640936465E-009
   359.00000000000000        4.2235407856023634E-009
   360.00000000000000        4.0468643036276018E-009
   361.00000000000000        3.8775225901760474E-009
   362.00000000000000        3.7152140782911412E-009
   363.00000000000000        3.5596494516211421E-009
   364.00000000000000        3.4105511540366823E-009
   365.00000000000000        3.2676529185271865E-009
   366.00000000000000        3.1306993146355499E-009
   367.00000000000000        2.9994453137171011E-009
   368.00000000000000        2.8736558713360731E-009
   369.00000000000000        2.7531055261384917E-009
   370.00000000000000        2.6375780145651378E-009
   371.00000000000000        2.5268659007924596E-009
   372.00000000000000        2.4207702213114765E-009
   373.00000000000000        2.3191001435786325E-009
   374.00000000000000        2.2216726381916480E-009
   375.00000000000000        2.1283121640663944E-009
   376.00000000000000        2.0388503661089193E-009
   377.00000000000000        1.9531257848967418E-009
   378.00000000000000        1.8709835779019402E-009
   379.00000000000000        1.7922752518059659E-009
   380.00000000000000        1.7168584054734265E-009
   381.00000000000000        1.6445964831688705E-009
   382.00000000000000        1.5753585376156766E-009
   383.00000000000000        1.5090190025124622E-009
   384.00000000000000        1.4454574741360701E-009
   385.00000000000000        1.3845585016753463E-009
   386.00000000000000        1.3262113859529081E-009
   387.00000000000000        1.2703099862054126E-009
   388.00000000000000        1.2167525346056879E-009
   389.00000000000000        1.1654414582218977E-009
   390.00000000000000        1.1162832081210047E-009
   391.00000000000000        1.0691880953348473E-009
   392.00000000000000        1.0240701334180612E-009
   393.00000000000000        9.8084688733747806E-010
   394.00000000000000        9.3943932844291679E-010
   395.00000000000000        8.9977169527862027E-010
   396.00000000000000        8.6177136000418695E-010
   397.00000000000000        8.2536870020269504E-010
   398.00000000000000        7.9049697586236947E-010
   399.00000000000000        7.5709221132642758E-010
   400.00000000000000        7.2509308201368889E-010
   401.00000000000000        6.9444080572033866E-010
   402.00000000000000        6.6507903832055867E-010
   403.00000000000000        6.3695377369071094E-010
   404.00000000000000        6.1001324768891873E-010
   405.00000000000000        5.8420784602812481E-010
   406.00000000000000        5.5949001588730399E-010
   407.00000000000000        5.3581418111141977E-010
   408.00000000000000        5.1313666085665333E-010
   409.00000000000000        4.9141559154302855E-010
   410.00000000000000        4.7061085198208228E-010
   411.00000000000000        4.5068399155213321E-010
   412.00000000000000        4.3159816129915520E-010
   413.00000000000000        4.1331804784567000E-010
   414.00000000000000        3.9580980999494208E-010
   415.00000000000000        3.7904101792209129E-010
   416.00000000000000        3.6298059484811954E-010
   417.00000000000000        3.4759876109684933E-010
   418.00000000000000        3.3286698043880504E-010
   419.00000000000000        3.1875790862982897E-010
   420.00000000000000        3.0524534405592253E-010
   421.00000000000000        2.9230418039922815E-010
   422.00000000000000        2.7991036124356789E-010
   423.00000000000000        2.6804083654107288E-010
   424.00000000000000        2.5667352086465114E-010
   425.00000000000000        2.4578725337396543E-010
   426.00000000000000        2.3536175942554135E-010
   427.00000000000000        2.2537761376033050E-010
   428.00000000000000        2.1581620520475159E-010
   429.00000000000000        2.0665970282379161E-010
   430.00000000000000        1.9789102346713842E-010
   431.00000000000000        1.8949380065179434E-010
   432.00000000000000        1.8145235472675192E-010
   433.00000000000000        1.7375166426758970E-010
   434.00000000000000        1.6637733865091106E-010
   435.00000000000000        1.5931559176050995E-010
   436.00000000000000        1.5255321677917157E-010
   437.00000000000000        1.4607756202174710E-010
   438.00000000000000        1.3987650776706828E-010
   439.00000000000000        1.3393844404784843E-010
   440.00000000000000        1.2825224935942217E-010
   441.00000000000000        1.2280727024975320E-010
   442.00000000000000        1.1759330175464945E-010
   443.00000000000000        1.1260056864355645E-010
   444.00000000000000        1.0781970744273969E-010
   445.00000000000000        1.0324174920397576E-010
   446.00000000000000        9.8858102988163697E-011
   447.00000000000000        9.4660540034538798E-011
   448.00000000000000        9.0641178587309135E-011
   449.00000000000000        8.6792469352706959E-011
   450.00000000000000        8.3107181560561281E-011
   451.00000000000000        7.9578389605474423E-011
   452.00000000000000        7.6199460243807044E-011
   453.00000000000000        7.2964040323531358E-011
   454.00000000000000        6.9866045025032913E-011
   455.00000000000000        6.6899646591776603E-011
   456.00000000000000        6.4059263530639908E-011
   457.00000000000000        6.1339550262529643E-011
   458.00000000000000        5.8735387204690394E-011
   459.00000000000000        5.6241871266866985E-011
   460.00000000000000        5.3854306744221756E-011
   461.00000000000000        5.1568196590595727E-011
   462.00000000000000        4.9379234056371149E-011
   463.00000000000000        4.7283294675857987E-011
   464.00000000000000        4.5276428589708817E-011
   465.00000000000000        4.3354853188497260E-011
   466.00000000000000        4.1514946064133697E-011
   467.00000000000000        3.9753238256354232E-011
   468.00000000000000        3.8066407782042192E-011
   469.00000000000000        3.6451273435631030E-011
   470.00000000000000        3.4904788849336434E-011
   471.00000000000000        3.3424036802418757E-011
   472.00000000000000        3.2006223769119783E-011
   473.00000000000000        3.0648674695347335E-011
   474.00000000000000        2.9348827994591127E-011
   475.00000000000000        2.8104230753942000E-011
   476.00000000000000        2.6912534141459533E-011
   477.00000000000000        2.5771489006506155E-011
   478.00000000000000        2.4678941664995030E-011
   479.00000000000000        2.3632829861845837E-011
   480.00000000000000        2.2631178903252586E-011
   481.00000000000000        2.1672097951675812E-011
   482.00000000000000        2.0753776476761774E-011
   483.00000000000000        1.9874480855680739E-011
   484.00000000000000        1.9032551116631675E-011
   485.00000000000000        1.8226397819533081E-011
   486.00000000000000        1.7454499068160627E-011
   487.00000000000000        1.6715397648231164E-011
   488.00000000000000        1.6007698286159075E-011
   489.00000000000000        1.5330065023434359E-011
   490.00000000000000        1.4681218701777524E-011
   491.00000000000000        1.4059934554428244E-011
   492.00000000000000        1.3465039899118477E-011
   493.00000000000000        1.2895411928464777E-011
   494.00000000000000        1.2349975593693843E-011
   495.00000000000000        1.1827701577780674E-011
   496.00000000000000        1.1327604354249343E-011
   497.00000000000000        1.0848740328035501E-011
   498.00000000000000        1.0390206054961069E-011
   499.00000000000000        9.9511365365215867E-012
   500.00000000000000        9.5307035868150535E-012
   501.00000000000000        9.1281142685792767E-012
   502.00000000000000        8.7426093954312336E-012
   503.00000000000000        8.3734620975189147E-012
   504.00000000000000        8.0199764479184786E-012
   505.00000000000000        7.6814861472166774E-012
   506.00000000000000        7.3573532638279991E-012
   507.00000000000000        7.0469670276954526E-012
   508.00000000000000        6.7497426751272212E-012
   509.00000000000000        6.4651203426103073E-012
   510.00000000000000        6.1925640075359590E-012
   511.00000000000000        5.9315604738572242E-012
   512.00000000000000        5.6816184007814923E-012
   513.00000000000000        5.4422673726812274E-012
   514.00000000000000        5.2130570084818739E-012
   515.00000000000000        4.9935561088591178E-012
   516.00000000000000        4.7833518396468698E-012
   517.00000000000000        4.5820489499262642E-012
   518.00000000000000        4.3892690233287682E-012
   519.00000000000000        4.2046497611475340E-012
   520.00000000000000        4.0278442959129846E-012
   521.00000000000000        3.8585205341416325E-012
   522.00000000000000        3.6963605270245739E-012
   523.00000000000000        3.5410598678712878E-012
   524.00000000000000        3.3923271151766509E-012
   525.00000000000000        3.2498832402250235E-012
   526.00000000000000        3.1134610981916812E-012
   527.00000000000000        2.9828049217459492E-012
   528.00000000000000        2.8576698362015140E-012
   529.00000000000000        2.7378213953006554E-012
   530.00000000000000        2.6230351367569884E-012
   531.00000000000000        2.5130961567182641E-012
   532.00000000000000        2.4077987023466431E-012
   533.00000000000000        2.3069457817472351E-012
   534.00000000000000        2.2103487905083366E-012
   535.00000000000000        2.1178271541481351E-012
   536.00000000000000        2.0292079857920538E-012
   537.00000000000000        1.9443257584340208E-012
   538.00000000000000        1.8630219911616461E-012
   539.00000000000000        1.7851449487519729E-012
   540.00000000000000        1.7105493540695170E-012
   541.00000000000000        1.6390961127222118E-012
   542.00000000000000        1.5706520494539517E-012
   543.00000000000000        1.5050896557746997E-012
   544.00000000000000        1.4422868483499824E-012
   545.00000000000000        1.3821267376918954E-012
   546.00000000000000        1.3244974067135996E-012
   547.00000000000000        1.2692916987270007E-012
   548.00000000000000        1.2164070144820638E-012
   549.00000000000000        1.1657451178624782E-012
   550.00000000000000        1.1172119498692812E-012
   551.00000000000000        1.0707174505391988E-012
   552.00000000000000        1.0261753884600567E-012
   553.00000000000000        9.8350319755930246E-013
   554.00000000000000        9.4262182085581879E-013
   555.00000000000000        9.0345556087842674E-013
   556.00000000000000        8.6593193646672654E-013
   557.00000000000000        8.2998154568231597E-013
   558.00000000000000        7.9553793456995904E-013
   559.00000000000000        7.6253747151915457E-013
   560.00000000000000        7.3091922698733327E-013
   561.00000000000000        7.0062485835602170E-013
   562.00000000000000        6.7159849970106744E-013
   563.00000000000000        6.4378665626722217E-013
   564.00000000000000        6.1713810344650987E-013
   565.00000000000000        5.9160379006809559E-013
   566.00000000000000        5.6713674581569101E-013
   567.00000000000000        5.4369199259652745E-013
   568.00000000000000        5.2122645969294479E-013
   569.00000000000000        4.9969890253547645E-013
   570.00000000000000        4.7906982494252882E-013
   571.00000000000000        4.5930140467894014E-013
   572.00000000000000        4.4035742219154283E-013
   573.00000000000000        4.2220319238615636E-013
   574.00000000000000        4.0480549931616033E-013
   575.00000000000000        3.8813253365821966E-013
   576.00000000000000        3.7215383285631859E-013
   577.00000000000000        3.5684022381997279E-013
   578.00000000000000        3.4216376806758739E-013
   579.00000000000000        3.2809770921060298E-013
   580.00000000000000        3.1461642267833337E-013
   581.00000000000000        3.0169536758786023E-013
   582.00000000000000        2.8931104066730582E-013
   583.00000000000000        2.7744093214484207E-013
   584.00000000000000        2.6606348351934206E-013
   585.00000000000000        2.5515804713243283E-013
   586.00000000000000        2.4470484746483903E-013
   587.00000000000000        2.3468494408350630E-013
   588.00000000000000        2.2508019616883370E-013
   589.00000000000000        2.1587322855463764E-013
   590.00000000000000        2.0704739921610127E-013
   591.00000000000000        1.9858676814393182E-013
   592.00000000000000        1.9047606754546778E-013
   593.00000000000000        1.8270067331603161E-013
   594.00000000000000        1.7524657772628782E-013
   595.00000000000000        1.6810036327364616E-013
   596.00000000000000        1.6124917764794966E-013
   597.00000000000000        1.5468070976388688E-013
   598.00000000000000        1.4838316681455005E-013
   599.00000000000000        1.4234525230248079E-013
   600.00000000000000        1.3655614500648348E-013
   601.00000000000000        1.3100547884423890E-013
   602.00000000000000        1.2568332359241019E-013
   603.00000000000000        1.2058016642766655E-013
   604.00000000000000        1.1568689425352884E-013
   605.00000000000000        1.1099477677949460E-013
   606.00000000000000        1.0649545032029484E-013
   607.00000000000000        1.0218090228456364E-013
   608.00000000000000        9.8043456323439888E-014
   609.00000000000000        9.4075758110963846E-014
   610.00000000000000        9.0270761729261756E-014
   611.00000000000000        8.6621716632719907E-014
   612.00000000000000        8.3122155166421151E-014
   613.00000000000000        7.9765880615188072E-014
   614.00000000000000        7.6546955760589795E-014
   615.00000000000000        7.3459691924228195E-014
   616.00000000000000        7.0498638476545769E-014
   617.00000000000000        6.7658572791314052E-014
   618.00000000000000        6.4934490626761646E-014
   619.00000000000000        6.2321596915159337E-014
   620.00000000000000        5.9815296943427275E-014
   621.00000000000000        5.7411187908099187E-014
   622.00000000000000        5.5105050828659991E-014
   623.00000000000000        5.2892842803998662E-014
   624.00000000000000        5.0770689597328914E-014
   625.00000000000000        4.8734878535585679E-014
   626.00000000000000        4.6781851709879746E-014
   627.00000000000000        4.4908199464203121E-014
   628.00000000000000        4.3110654160077865E-014
   629.00000000000000        4.1386084205403961E-014
   630.00000000000000        3.9731488336246927E-014
   631.00000000000000        3.8143990140800870E-014
   632.00000000000000        3.6620832815193860E-014
   633.00000000000000        3.5159374141288400E-014
   634.00000000000000        3.3757081677001945E-014
   635.00000000000000        3.2411528150120855E-014
   636.00000000000000        3.1120387046933706E-014
   637.00000000000000        2.9881428387403289E-014
   638.00000000000000        2.8692514678935647E-014
   639.00000000000000        2.7551597041148723E-014
   640.00000000000000        2.6456711494376120E-014
   641.00000000000000        2.5405975404932925E-014
   642.00000000000000        2.4397584080489755E-014
   643.00000000000000        2.3429807509165697E-014
   644.00000000000000        2.2500987236241833E-014
   645.00000000000000        2.1609533372638644E-014
   646.00000000000000        2.0753921729572358E-014
   647.00000000000000        1.9932691074018303E-014
   648.00000000000000        1.9144440499862754E-014
   649.00000000000000        1.8387826909827507E-014
   650.00000000000000        1.7661562603466293E-014
   651.00000000000000        1.6964412966732305E-014
   652.00000000000000        1.6295194258811494E-014
   653.00000000000000        1.5652771492090733E-014
   654.00000000000000        1.5036056401317399E-014
   655.00000000000000        1.4444005498166051E-014
   656.00000000000000        1.3875618207596221E-014
   657.00000000000000        1.3329935082530859E-014
   658.00000000000000        1.2806036093543005E-014
   659.00000000000000        1.2303038990372889E-014
   660.00000000000000        1.1820097732231934E-014
   661.00000000000000        1.1356400983986383E-014
   662.00000000000000        1.0911170675430186E-014
   663.00000000000000        1.0483660620979120E-014
   664.00000000000000        1.0073155197232348E-014
   665.00000000000000        9.6789680759522655E-015
   666.00000000000000        9.3004410101233336E-015
   667.00000000000000        8.9369426708451800E-015
   668.00000000000000        8.5878675329132398E-015
   669.00000000000000        8.2526348070314865E-015
   670.00000000000000        7.9306874166884707E-015
   671.00000000000000        7.6214910178107230E-015
   672.00000000000000        7.3245330593906114E-015
   673.00000000000000        7.0393218833595170E-015
   674.00000000000000        6.7653858620511425E-015
   675.00000000000000        6.5022725716719727E-015
   676.00000000000000        6.2495480002603859E-015
   677.00000000000000        6.0067957886823306E-015
   678.00000000000000        5.7736165032725997E-015
   679.00000000000000        5.5496269387892831E-015
   680.00000000000000        5.3344594504059695E-015
   681.00000000000000        5.1277613135203936E-015
   682.00000000000000        4.9291941102092509E-015
   683.00000000000000        4.7384331412100907E-015
   684.00000000000000        4.5551668623568789E-015
   685.00000000000000        4.3790963444415933E-015
   686.00000000000000        4.2099347555199920E-015
   687.00000000000000        4.0474068647168713E-015
   688.00000000000000        3.8912485666310856E-015
   689.00000000000000        3.7412064254748530E-015
   690.00000000000000        3.5970372381198481E-015
   691.00000000000000        3.4585076152592046E-015
   692.00000000000000        3.3253935799239912E-015
   693.00000000000000        3.1974801826295728E-015
   694.00000000000000        3.0745611324543259E-015
   695.00000000000000        2.9564384433845484E-015
   696.00000000000000        2.8429220952862031E-015
   697.00000000000000        2.7338297088932267E-015
   698.00000000000000        2.6289862342250333E-015
   699.00000000000000        2.5282236518731763E-015
   700.00000000000000        2.4313806866190226E-015
   701.00000000000000        2.3383025328680471E-015
   702.00000000000000        2.2488405914077345E-015
   703.00000000000000        2.1628522170161419E-015
   704.00000000000000        2.0802004764690827E-015
   705.00000000000000        2.0007539165131533E-015
   706.00000000000000        1.9243863413879147E-015
   707.00000000000000        1.8509765995012014E-015
   708.00000000000000        1.7804083788754259E-015
   709.00000000000000        1.7125700110006848E-015
   710.00000000000000        1.6473542827444353E-015
   711.00000000000000        1.5846582559832855E-015
   712.00000000000000        1.5243830946360972E-015
   713.00000000000000        1.4664338987903667E-015
   714.00000000000000        1.4107195456282783E-015
   715.00000000000000        1.3571525368697150E-015
   716.00000000000000        1.3056488524620393E-015
   717.00000000000000        1.2561278102578610E-015
   718.00000000000000        1.2085119314324419E-015
   719.00000000000000        1.1627268114031834E-015
   720.00000000000000        1.1187009960233824E-015
   721.00000000000000        1.0763658628318755E-015
   722.00000000000000        1.0356555071497572E-015
   723.00000000000000        9.9650663282353820E-016
   724.00000000000000        9.5885844742287864E-016
   725.00000000000000        9.2265256170889641E-016
   726.00000000000000        8.8783289319682820E-016
   727.00000000000000        8.5434557364397618E-016
   728.00000000000000        8.2213886030134989E-016
   729.00000000000000        7.9116305077347631E-016
   730.00000000000000        7.6137040133814546E-016
   731.00000000000000        7.3271504858325000E-016
   732.00000000000000        7.0515293422461214E-016
   733.00000000000000        6.7864173297351859E-016
   734.00000000000000        6.5314078332891005E-016
   735.00000000000000        6.2861102117389581E-016
   736.00000000000000        6.0501491606147264E-016
   737.00000000000000        5.8231641007899270E-016
   738.00000000000000        5.6048085918567154E-016
   739.00000000000000        5.3947497692164452E-016
   740.00000000000000        5.1926678039142060E-016
   741.00000000000000        4.9982553842858020E-016
   742.00000000000000        4.8112172185233465E-016
   743.00000000000000        4.6312695573045162E-016
   744.00000000000000        4.4581397356645595E-016
   745.00000000000000        4.2915657333236824E-016
   746.00000000000000        4.1312957527172905E-016
   747.00000000000000        3.9770878140052569E-016
   748.00000000000000        3.8287093663675230E-016
   749.00000000000000        3.6859369149219624E-016
   750.00000000000000        3.5485556626276369E-016
   751.00000000000000        3.4163591665626890E-016
   752.00000000000000        3.2891490079917961E-016
   753.00000000000000        3.1667344756619371E-016
   754.00000000000000        3.0489322617886779E-016
   755.00000000000000        2.9355661702162365E-016
   756.00000000000000        2.8264668362580373E-016
   757.00000000000000        2.7214714577424974E-016
   758.00000000000000        2.6204235368095000E-016
   759.00000000000000        2.5231726320218252E-016
   760.00000000000000        2.4295741203733538E-016
   761.00000000000000        2.3394889687926171E-016
   762.00000000000000        2.2527835147580353E-016
   763.00000000000000        2.1693292556555326E-016
   764.00000000000000        2.0890026465250697E-016
   765.00000000000000        2.0116849058574342E-016
   766.00000000000000        1.9372618291155223E-016
   767.00000000000000        1.8656236096685740E-016
   768.00000000000000        1.7966646668405502E-016
   769.00000000000000        1.7302834807849404E-016
   770.00000000000000        1.6663824339120654E-016
   771.00000000000000        1.6048676586037382E-016
   772.00000000000000        1.5456488909633091E-016
   773.00000000000000        1.4886393303574736E-016
   774.00000000000000        1.4337555045175171E-016
   775.00000000000000        1.3809171399762928E-016
   776.00000000000000        1.3300470376269478E-016
   777.00000000000000        1.2810709531975765E-016
   778.00000000000000        1.2339174824448997E-016
   779.00000000000000        1.1885179508776075E-016
   780.00000000000000        1.1448063078280758E-016
   781.00000000000000        1.1027190246981851E-016
   782.00000000000000        1.0621949972124756E-016
   783.00000000000000        1.0231754515182190E-016
   784.00000000000000        9.8560385397869835E-017
   785.00000000000000        9.4942582451228772E-017
   786.00000000000000        9.1458905333578066E-017
   787.00000000000000        8.8104322097608625E-017
   788.00000000000000        8.4873992142015237E-017
   789.00000000000000        8.1763258827798733E-017
   790.00000000000000        7.8767642383884027E-017
   791.00000000000000        7.5882833090550760E-017
   792.00000000000000        7.3104684729608879E-017
   793.00000000000000        7.0429208290745913E-017
   794.00000000000000        6.7852565923850847E-017
   795.00000000000000        6.5371065127557300E-017
   796.00000000000000        6.2981153164641288E-017
   797.00000000000000        6.0679411695281599E-017
   798.00000000000000        5.8462551619533178E-017
   799.00000000000000        5.6327408120762492E-017
   800.00000000000000        5.4270935902062768E-017
   801.00000000000000        5.2290204608038677E-017
   802.00000000000000        5.0382394424622850E-017
   803.00000000000000        4.8544791849904204E-017
   804.00000000000000        4.6774785629206275E-017
   805.00000000000000        4.5069862847949990E-017
   806.00000000000000        4.3427605176069277E-017
   807.00000000000000        4.1845685258022516E-017
   808.00000000000000        4.0321863242650585E-017
   809.00000000000000        3.8853983447401317E-017
   810.00000000000000        3.7439971151616131E-017
   811.00000000000000        3.6077829513821057E-017
   812.00000000000000        3.4765636608148785E-017
   813.00000000000000        3.3501542575215646E-017
   814.00000000000000        3.2283766882964467E-017
   815.00000000000000        3.1110595693167122E-017
   816.00000000000000        2.9980379329440622E-017
   817.00000000000000        2.8891529842812132E-017
   818.00000000000000        2.7842518671010756E-017
   819.00000000000000        2.6831874387820975E-017
   820.00000000000000        2.5858180538984564E-017
   821.00000000000000        2.4920073561268476E-017
   822.00000000000000        2.4016240781449316E-017
   823.00000000000000        2.3145418492106995E-017
   824.00000000000000        2.2306390101226020E-017
   825.00000000000000        2.1497984352734549E-017
   826.00000000000000        2.0719073615217473E-017
   827.00000000000000        1.9968572236153304E-017
   828.00000000000000        1.9245434959127878E-017
   829.00000000000000        1.8548655401575846E-017
   830.00000000000000        1.7877264590703855E-017
   831.00000000000000        1.7230329555334408E-017
   832.00000000000000        1.6606951971503423E-017
   833.00000000000000        1.6006266859729595E-017
   834.00000000000000        1.5427441331953731E-017
   835.00000000000000        1.4869673386222465E-017
   836.00000000000000        1.4332190747276657E-017
   837.00000000000000        1.3814249751262530E-017
   838.00000000000000        1.3315134272867130E-017
   839.00000000000000        1.2834154693236482E-017
   840.00000000000000        1.2370646907103330E-017
   841.00000000000000        1.1923971367616497E-017
   842.00000000000000        1.1493512167412420E-017
   843.00000000000000        1.1078676154539245E-017
   844.00000000000000        1.0678892081889710E-017
   845.00000000000000        1.0293609788852631E-017
   846.00000000000000        9.9222994139477270E-018
   847.00000000000000        9.5644506372506168E-018
   848.00000000000000        9.2195719514656837E-018
   849.00000000000000        8.8871899605487582E-018
   850.00000000000000        8.5668487048202044E-018
   851.00000000000000        8.2581090115566268E-018
   852.00000000000000        7.9605478700835142E-018
   853.00000000000000        7.6737578304312396E-018
   854.00000000000000        7.3973464246540610E-018
   855.00000000000000        7.1309356099444333E-018
   856.00000000000000        6.8741612327115525E-018
   857.00000000000000        6.6266725128222776E-018
   858.00000000000000        6.3881315472358785E-018
   859.00000000000000        6.1582128322930602E-018
   860.00000000000000        5.9366028039480228E-018
   861.00000000000000        5.7229993952600762E-018
   862.00000000000000        5.5171116104880874E-018
   863.00000000000000        5.3186591151567232E-018
   864.00000000000000        5.1273718414851025E-018
   865.00000000000000        4.9429896085972511E-018
   866.00000000000000        4.7652617569502376E-018
   867.00000000000000        4.5939467964418922E-018
   868.00000000000000        4.4288120676790874E-018
   869.00000000000000        4.2696334159070984E-018
   870.00000000000000        4.1161948771208191E-018
   871.00000000000000        3.9682883758969248E-018
   872.00000000000000        3.8257134345023342E-018
   873.00000000000000        3.6882768928538607E-018
   874.00000000000000        3.5557926389179438E-018
   875.00000000000000        3.4280813491561806E-018
   876.00000000000000        3.3049702386379848E-018
   877.00000000000000        3.1862928204548582E-018
   878.00000000000000        3.0718886740862522E-018
   879.00000000000000        2.9616032223785115E-018
   880.00000000000000        2.8552875168140726E-018
   881.00000000000000        2.7527980307571658E-018
   882.00000000000000        2.6539964603770290E-018
   883.00000000000000        2.5587495329593607E-018
   884.00000000000000        2.4669288223286910E-018
   885.00000000000000        2.3784105711140845E-018
   886.00000000000000        2.2930755196017908E-018
   887.00000000000000        2.2108087409274615E-018
   888.00000000000000        2.1314994823698390E-018
   889.00000000000000        2.0550410125180037E-018
   890.00000000000000        1.9813304740913767E-018
   891.00000000000000        1.9102687422014035E-018
   892.00000000000000        1.8417602878509096E-018
   893.00000000000000        1.7757130464754636E-018
   894.00000000000000        1.7120382913381788E-018
   895.00000000000000        1.6506505115966806E-018
   896.00000000000000        1.5914672948678156E-018
   897.00000000000000        1.5344092141219426E-018
   898.00000000000000        1.4793997187459264E-018
   899.00000000000000        1.4263650296186861E-018
   900.00000000000000        1.3752340380503128E-018
   901.00000000000000        1.3259382084407223E-018
   902.00000000000000        1.2784114845192388E-018
   903.00000000000000        1.2325901990320064E-018
   904.00000000000000        1.1884129867491201E-018
   905.00000000000000        1.1458207006678869E-018
   906.00000000000000        1.1047563312935130E-018
   907.00000000000000        1.0651649288831830E-018
   908.00000000000000        1.0269935285432171E-018
   909.00000000000000        9.9019107807378190E-019
   910.00000000000000        9.5470836845904884E-019
   911.00000000000000        9.2049796690494295E-019
   912.00000000000000        8.8751415232997622E-019
   913.00000000000000        8.5571285321854389E-019
   914.00000000000000        8.2505158774901726E-019
   915.00000000000000        7.9548940611269443E-019
   916.00000000000000        7.6698683494255487E-019
   917.00000000000000        7.3950582377382974E-019
   918.00000000000000        7.1300969346139448E-019
   919.00000000000000        6.8746308648170646E-019
   920.00000000000000        6.6283191904973111E-019
   921.00000000000000        6.3908333498403975E-019
   922.00000000000000        6.1618566125545973E-019
   923.00000000000000        5.9410836515738319E-019
   924.00000000000000        5.7282201303787790E-019
   925.00000000000000        5.5229823053623953E-019
   926.00000000000000        5.3250966426851997E-019
   927.00000000000000        5.1342994490877278E-019
   928.00000000000000        4.9503365161469112E-019
   929.00000000000000        4.7729627774824374E-019
   930.00000000000000        4.6019419784371493E-019
   931.00000000000000        4.4370463577738971E-019
   932.00000000000000        4.2780563409468026E-019
   933.00000000000000        4.1247602445241386E-019
   934.00000000000000        3.9769539913512251E-019
   935.00000000000000        3.8344408360622811E-019
   936.00000000000000        3.6970311005606082E-019
   937.00000000000000        3.5645419191016807E-019
   938.00000000000000        3.4367969926287439E-019
   939.00000000000000        3.3136263520214831E-019
   940.00000000000000        3.1948661299318881E-019
   941.00000000000000        3.0803583408930732E-019
   942.00000000000000        2.9699506693992867E-019
   943.00000000000000        2.8634962656651633E-019
   944.00000000000000        2.7608535487838674E-019
   945.00000000000000        2.6618860170144002E-019
   946.00000000000000        2.5664620649374850E-019
   947.00000000000000        2.4744548072292886E-019
   948.00000000000000        2.3857419088121583E-019
   949.00000000000000        2.3002054211495888E-019
   950.00000000000000        2.2177316244611863E-019
   951.00000000000000        2.1382108756426024E-019
   952.00000000000000        2.0615374616823602E-019
   953.00000000000000        1.9876094583751528E-019
   954.00000000000000        1.9163285941394991E-019
   955.00000000000000        1.8476001187536892E-019
   956.00000000000000        1.7813326768310245E-019
   957.00000000000000        1.7174381858625468E-019
   958.00000000000000        1.6558317186607814E-019
   959.00000000000000        1.5964313900448685E-019
   960.00000000000000        1.5391582476129805E-019
   961.00000000000000        1.4839361664537996E-019
   962.00000000000000        1.4306917476536884E-019
   963.00000000000000        1.3793542204623440E-019
   964.00000000000000        1.3298553479838557E-019
   965.00000000000000        1.2821293362656419E-019
   966.00000000000000        1.2361127466617776E-019
   967.00000000000000        1.1917444113523494E-019
   968.00000000000000        1.1489653519044924E-019
   969.00000000000000        1.1077187007646918E-019
   970.00000000000000        1.0679496255765570E-019
   971.00000000000000        1.0296052562216235E-019
   972.00000000000000        9.9263461448477090E-020
   973.00000000000000        9.5698854624914169E-020
   974.00000000000000        9.2261965612932471E-020
   975.00000000000000        8.8948224445454975E-020
   976.00000000000000        8.5753224651692056E-020
   977.00000000000000        8.2672717400289993E-020
   978.00000000000000        7.9702605852925232E-020
   979.00000000000000        7.6838939720738548E-020
   980.00000000000000        7.4077910016274745E-020
   981.00000000000000        7.1415843993905105E-020
   982.00000000000000        6.8849200271893161E-020
   983.00000000000000        6.6374564129580144E-020
   984.00000000000000        6.3988642973359641E-020
   985.00000000000000        6.1688261965364375E-020
   986.00000000000000        5.9470359808993679E-020
   987.00000000000000        5.7331984685636104E-020
   988.00000000000000        5.5270290337129952E-020
   989.00000000000000        5.3282532288730966E-020
   990.00000000000000        5.1366064207503364E-020
   991.00000000000000        4.9518334391278746E-020
   992.00000000000000        4.7736882383473853E-020
   993.00000000000000        4.6019335709240109E-020
   994.00000000000000        4.4363406728577956E-020
   995.00000000000000        4.2766889602212898E-020
   996.00000000000000        4.1227657366174462E-020
   997.00000000000000        3.9743659111169385E-020
   998.00000000000000        3.8312917262986884E-020
   999.00000000000000        3.6933524960299593E-020
   1000.0000000000000        3.5603643526362099E-020
