# Recoil energy (kev)        Event rate (events/gev)
   1.0000000000000000        4.8770406018256378E-005
   2.0000000000000000        9.4372157644439343E-005
   3.0000000000000000        1.3694427617159285E-004
   4.0000000000000000        1.7662139397191031E-004
   5.0000000000000000        2.1353381374582310E-004
   6.0000000000000000        2.4780757263304987E-004
   7.0000000000000000        2.7956451062652912E-004
   8.0000000000000000        3.0892234276523270E-004
   9.0000000000000000        3.3599473461804066E-004
   10.000000000000000        3.6089138060521635E-004
   11.000000000000000        3.8371808473648900E-004
   12.000000000000000        4.0457684337542063E-004
   13.000000000000000        4.2356592966861546E-004
   14.000000000000000        4.4077997930561477E-004
   15.000000000000000        4.5631007730093136E-004
   16.000000000000000        4.7024384551385101E-004
   17.000000000000000        4.8266553064438126E-004
   18.000000000000000        4.9365609246501999E-004
   19.000000000000000        5.0329329206815377E-004
   20.000000000000000        5.1165177992770197E-004
   21.000000000000000        5.1880318359130175E-004
   22.000000000000000        5.2481619483594685E-004
   23.000000000000000        5.2975665613544452E-004
   24.000000000000000        5.3368764630269347E-004
   25.000000000000000        5.3666956518328790E-004
   26.000000000000000        5.3876021728973438E-004
   27.000000000000000        5.4001489427741472E-004
   28.000000000000000        5.4048645617447619E-004
   29.000000000000000        5.4022541128818881E-004
   30.000000000000000        5.3927999471991216E-004
   31.000000000000000        5.3769624542971729E-004
   32.000000000000000        5.3551808180005362E-004
   33.000000000000000        5.3278737565555295E-004
   34.000000000000000        5.2954402470316135E-004
   35.000000000000000        5.2582602336346672E-004
   36.000000000000000        5.2166953197011769E-004
   37.000000000000000        5.1710894431995183E-004
   38.000000000000000        5.1217695356156894E-004
   39.000000000000000        5.0690461641489176E-004
   40.000000000000000        5.0132141571866478E-004
   41.000000000000000        4.9545532130679389E-004
   42.000000000000000        4.8933284921815856E-004
   43.000000000000000        4.8297911924782068E-004
   44.000000000000000        4.7641791085064841E-004
   45.000000000000000        4.6967171741106882E-004
   46.000000000000000        4.6276179889519578E-004
   47.000000000000000        4.5570823290380110E-004
   48.000000000000000        4.4852996414660378E-004
   49.000000000000000        4.4124485236012609E-004
   50.000000000000000        4.3386971869300580E-004
   51.000000000000000        4.2642039058397478E-004
   52.000000000000000        4.1891174515896979E-004
   53.000000000000000        4.1135775117494782E-004
   54.000000000000000        4.0377150953877986E-004
   55.000000000000000        3.9616529243046588E-004
   56.000000000000000        3.8855058106047527E-004
   57.000000000000000        3.8093810209157238E-004
   58.000000000000000        3.7333786275587348E-004
   59.000000000000000        3.6575918469818633E-004
   60.000000000000000        3.5821073657686707E-004
   61.000000000000000        3.5070056545360355E-004
   62.000000000000000        3.4323612700348880E-004
   63.000000000000000        3.3582431457680284E-004
   64.000000000000000        3.2847148714373973E-004
   65.000000000000000        3.2118349615321102E-004
   66.000000000000000        3.1396571133661053E-004
   67.000000000000000        3.0682304548717171E-004
   68.000000000000000        2.9975997824521674E-004
   69.000000000000000        2.9278057891926081E-004
   70.000000000000000        2.8588852837254920E-004
   71.000000000000000        2.7908714000415223E-004
   72.000000000000000        2.7237937985333472E-004
   73.000000000000000        2.6576788585539471E-004
   74.000000000000000        2.5925498627671546E-004
   75.000000000000000        2.5284271735620854E-004
   76.000000000000000        2.4653284017983807E-004
   77.000000000000000        2.4032685681433280E-004
   78.000000000000000        2.3422602572565899E-004
   79.000000000000000        2.2823137650723692E-004
   80.000000000000000        2.2234372394233821E-004
   81.000000000000000        2.1656368142449091E-004
   82.000000000000000        2.1089167375915383E-004
   83.000000000000000        2.0532794936933412E-004
   84.000000000000000        1.9987259192723179E-004
   85.000000000000000        1.9452553143341135E-004
   86.000000000000000        1.8928655476442360E-004
   87.000000000000000        1.8415531570921265E-004
   88.000000000000000        1.7913134451407099E-004
   89.000000000000000        1.7421405695534280E-004
   90.000000000000000        1.6940276295849524E-004
   91.000000000000000        1.6469667478163845E-004
   92.000000000000000        1.6009491478100979E-004
   93.000000000000000        1.5559652277540804E-004
   94.000000000000000        1.5120046302601243E-004
   95.000000000000000        1.4690563084752121E-004
   96.000000000000000        1.4271085886600465E-004
   97.000000000000000        1.3861492293837350E-004
   98.000000000000000        1.3461654774786982E-004
   99.000000000000000        1.3071441208949418E-004
   100.00000000000000        1.2690715385881419E-004
   101.00000000000000        1.2319337475712216E-004
   102.00000000000000        1.1957164472548272E-004
   103.00000000000000        1.1604050611972899E-004
   104.00000000000000        1.1259847763807060E-004
   105.00000000000000        1.0924405801252612E-004
   106.00000000000000        1.0597572947500396E-004
   107.00000000000000        1.0279196100843946E-004
   108.00000000000000        9.9691211393011323E-005
   109.00000000000000        9.6671932057091551E-005
   110.00000000000000        9.3732569742197705E-005
   111.00000000000000        9.0871568990873316E-005
   112.00000000000000        8.8087374466069371E-005
   113.00000000000000        8.5378433110262710E-005
   114.00000000000000        8.2743196152224865E-005
   115.00000000000000        8.0180120969031499E-005
   116.00000000000000        7.7687672810604366E-005
   117.00000000000000        7.5264326393774289E-005
   118.00000000000000        7.2908567372569825E-005
   119.00000000000000        7.0618893691157543E-005
   120.00000000000000        6.8393816825591114E-005
   121.00000000000000        6.6231862920264673E-005
   122.00000000000000        6.4131573824720962E-005
   123.00000000000000        6.2091508036213656E-005
   124.00000000000000        6.0110241553198774E-005
   125.00000000000000        5.8186368644694437E-005
   126.00000000000000        5.6318502540239672E-005
   127.00000000000000        5.4505276044968284E-005
   128.00000000000000        5.2745342084110595E-005
   129.00000000000000        5.1037374181044323E-005
   130.00000000000000        4.9380066872824754E-005
   131.00000000000000        4.7772136066948347E-005
   132.00000000000000        4.6212319342923278E-005
   133.00000000000000        4.4699376202058810E-005
   134.00000000000000        4.3232088268723516E-005
   135.00000000000000        4.1809259446165695E-005
   136.00000000000000        4.0429716029841195E-005
   137.00000000000000        3.9092306781053805E-005
   138.00000000000000        3.7795902963574246E-005
   139.00000000000000        3.6539398345770137E-005
   140.00000000000000        3.5321709170659442E-005
   141.00000000000000        3.4141774096171458E-005
   142.00000000000000        3.2998554107789347E-005
   143.00000000000000        3.1891032405632746E-005
   144.00000000000000        3.0818214267935353E-005
   145.00000000000000        2.9779126892769727E-005
   146.00000000000000        2.8772819219771005E-005
   147.00000000000000        2.7798361733522602E-005
   148.00000000000000        2.6854846250173832E-005
   149.00000000000000        2.5941385688773783E-005
   150.00000000000000        2.5057113828727281E-005
   151.00000000000000        2.4201185054697217E-005
   152.00000000000000        2.3372774090203252E-005
   153.00000000000000        2.2571075721097925E-005
   154.00000000000000        2.1795304510030205E-005
   155.00000000000000        2.1044694502944205E-005
   156.00000000000000        2.0318498928595569E-005
   157.00000000000000        1.9615989892013151E-005
   158.00000000000000        1.8936458062772889E-005
   159.00000000000000        1.8279212358900683E-005
   160.00000000000000        1.7643579627168257E-005
   161.00000000000000        1.7028904320496931E-005
   162.00000000000000        1.6434548173139333E-005
   163.00000000000000        1.5859889874264779E-005
   164.00000000000000        1.5304324740530488E-005
   165.00000000000000        1.4767264388183709E-005
   166.00000000000000        1.4248136405200245E-005
   167.00000000000000        1.3746384023929373E-005
   168.00000000000000        1.3261465794681155E-005
   169.00000000000000        1.2792855260661028E-005
   170.00000000000000        1.2340040634623383E-005
   171.00000000000000        1.1902524477589851E-005
   172.00000000000000        1.1479823379947919E-005
   173.00000000000000        1.1071467645222522E-005
   174.00000000000000        1.0677000976784600E-005
   175.00000000000000        1.0295980167742318E-005
   176.00000000000000        9.9279747942341236E-006
   177.00000000000000        9.5725669123255138E-006
   178.00000000000000        9.2293507586895742E-006
   179.00000000000000        8.8979324552348920E-006
   180.00000000000000        8.5779297178250920E-006
   181.00000000000000        8.2689715692197106E-006
   182.00000000000000        7.9706980563494539E-006
   183.00000000000000        7.6827599720254080E-006
   184.00000000000000        7.4048185811676212E-006
   185.00000000000000        7.1365453516256516E-006
   186.00000000000000        6.8776216896528551E-006
   187.00000000000000        6.6277386800832606E-006
   188.00000000000000        6.3865968312510843E-006
   189.00000000000000        6.1539058246824574E-006
   190.00000000000000        5.9293842695793213E-006
   191.00000000000000        5.7127594621085230E-006
   192.00000000000000        5.5037671494993470E-006
   193.00000000000000        5.3021512989468939E-006
   194.00000000000000        5.1076638713110713E-006
   195.00000000000000        4.9200645995951005E-006
   196.00000000000000        4.7391207721812045E-006
   197.00000000000000        4.5646070207963405E-006
   198.00000000000000        4.3963051131751291E-006
   199.00000000000000        4.2340037503833602E-006
   200.00000000000000        4.0774983687608020E-006
   201.00000000000000        3.9265909464381276E-006
   202.00000000000000        3.7810898143800766E-006
   203.00000000000000        3.6408094719026331E-006
   204.00000000000000        3.5055704066103168E-006
   205.00000000000000        3.3751989186962746E-006
   206.00000000000000        3.2495269495461061E-006
   207.00000000000000        3.1283919145839963E-006
   208.00000000000000        3.0116365402980291E-006
   209.00000000000000        2.8991087053800697E-006
   210.00000000000000        2.7906612859141276E-006
   211.00000000000000        2.6861520045458756E-006
   212.00000000000000        2.5854432835651351E-006
   213.00000000000000        2.4884021018324916E-006
   214.00000000000000        2.3948998554798193E-006
   215.00000000000000        2.3048122223152271E-006
   216.00000000000000        2.2180190298611222E-006
   217.00000000000000        2.1344041269551472E-006
   218.00000000000000        2.0538552588428194E-006
   219.00000000000000        1.9762639456908820E-006
   220.00000000000000        1.9015253644508227E-006
   221.00000000000000        1.8295382340017199E-006
   222.00000000000000        1.7602047035021704E-006
   223.00000000000000        1.6934302438814329E-006
   224.00000000000000        1.6291235424002094E-006
   225.00000000000000        1.5671964002121401E-006
   226.00000000000000        1.5075636328576897E-006
   227.00000000000000        1.4501429736226035E-006
   228.00000000000000        1.3948549796939936E-006
   229.00000000000000        1.3416229410477287E-006
   230.00000000000000        1.2903727920016684E-006
   231.00000000000000        1.2410330253701129E-006
   232.00000000000000        1.1935346091555989E-006
   233.00000000000000        1.1478109057152771E-006
   234.00000000000000        1.1037975933398484E-006
   235.00000000000000        1.0614325901840439E-006
   236.00000000000000        1.0206559804886830E-006
   237.00000000000000        9.8140994303522196E-007
   238.00000000000000        9.4363868177479690E-007
   239.00000000000000        9.0728835857470888E-007
   240.00000000000000        8.7230702802646181E-007
   241.00000000000000        8.3864457426032098E-007
   242.00000000000000        8.0625264971256942E-007
   243.00000000000000        7.7508461579258238E-007
   244.00000000000000        7.4509548539796964E-007
   245.00000000000000        7.1624186722699208E-007
   246.00000000000000        6.8848191183863184E-007
   247.00000000000000        6.6177525941161555E-007
   248.00000000000000        6.3608298915484308E-007
   249.00000000000000        6.1136757032263144E-007
   250.00000000000000        5.8759281478926686E-007
   251.00000000000000        5.6472383113836518E-007
   252.00000000000000        5.4272698022354718E-007
   253.00000000000000        5.2156983215794311E-007
   254.00000000000000        5.0122112469108353E-007
   255.00000000000000        4.8165072293261319E-007
   256.00000000000000        4.6282958038337789E-007
   257.00000000000000        4.4472970123525463E-007
   258.00000000000000        4.2732410390215388E-007
   259.00000000000000        4.1058678574549647E-007
   260.00000000000000        3.9449268895841094E-007
   261.00000000000000        3.7901766757379142E-007
   262.00000000000000        3.6413845556224627E-007
   263.00000000000000        3.4983263598690454E-007
   264.00000000000000        3.3607861118277565E-007
   265.00000000000000        3.2285557392937874E-007
   266.00000000000000        3.1014347958602394E-007
   267.00000000000000        2.9792301916008219E-007
   268.00000000000000        2.8617559327927443E-007
   269.00000000000000        2.7488328703986904E-007
   270.00000000000000        2.6402884570340624E-007
   271.00000000000000        2.5359565121534473E-007
   272.00000000000000        2.4356769951973473E-007
   273.00000000000000        2.3392957864479185E-007
   274.00000000000000        2.2466644753489703E-007
   275.00000000000000        2.1576401560529250E-007
   276.00000000000000        2.0720852299636647E-007
   277.00000000000000        1.9898672150514247E-007
   278.00000000000000        1.9108585617217035E-007
   279.00000000000000        1.8349364750269619E-007
   280.00000000000000        1.7619827430158117E-007
   281.00000000000000        1.6918835710204237E-007
   282.00000000000000        1.6245294216888051E-007
   283.00000000000000        1.5598148605743428E-007
   284.00000000000000        1.4976384071004323E-007
   285.00000000000000        1.4379023907237355E-007
   286.00000000000000        1.3805128121245570E-007
   287.00000000000000        1.3253792092584041E-007
   288.00000000000000        1.2724145281074480E-007
   289.00000000000000        1.2215349979758351E-007
   290.00000000000000        1.1726600111772603E-007
   291.00000000000000        1.1257120069682941E-007
   292.00000000000000        1.0806163595849162E-007
   293.00000000000000        1.0373012702447070E-007
   294.00000000000000        9.9569766298100258E-008
   295.00000000000000        9.5573908417965738E-008
   296.00000000000000        9.1736160569318511E-008
   297.00000000000000        8.8050373141081133E-008
   298.00000000000000        8.4510630716700162E-008
   299.00000000000000        8.1111243387456533E-008
   300.00000000000000        7.7846738377225909E-008
   301.00000000000000        7.4711851968011913E-008
   302.00000000000000        7.1701521715934930E-008
   303.00000000000000        6.8810878947685727E-008
   304.00000000000000        6.6035241527762085E-008
   305.00000000000000        6.3370106887149928E-008
   306.00000000000000        6.0811145304376390E-008
   307.00000000000000        5.8354193430190894E-008
   308.00000000000000        5.5995248047396032E-008
   309.00000000000000        5.3730460057636509E-008
   310.00000000000000        5.1556128687213258E-008
   311.00000000000000        4.9468695904277085E-008
   312.00000000000000        4.7464741039968337E-008
   313.00000000000000        4.5540975606358461E-008
   314.00000000000000        4.3694238304255171E-008
   315.00000000000000        4.1921490214180611E-008
   316.00000000000000        4.0219810164050388E-008
   317.00000000000000        3.8586390267299852E-008
   318.00000000000000        3.7018531625411477E-008
   319.00000000000000        3.5513640189005305E-008
   320.00000000000000        3.4069222771849003E-008
   321.00000000000000        3.2682883212333102E-008
   322.00000000000000        3.1352318677149191E-008
   323.00000000000000        3.0075316102079393E-008
   324.00000000000000        2.8849748764985941E-008
   325.00000000000000        2.7673572986253191E-008
   326.00000000000000        2.6544824952099530E-008
   327.00000000000000        2.5461617656337174E-008
   328.00000000000000        2.4422137956298155E-008
   329.00000000000000        2.3424643738810805E-008
   330.00000000000000        2.2467461192236258E-008
   331.00000000000000        2.1548982180723599E-008
   332.00000000000000        2.0667661716971906E-008
   333.00000000000000        1.9822015529916609E-008
   334.00000000000000        1.9010617723882335E-008
   335.00000000000000        1.8232098525868013E-008
   336.00000000000000        1.7485142117743330E-008
   337.00000000000000        1.6768484550249742E-008
   338.00000000000000        1.6080911735810538E-008
   339.00000000000000        1.5421257517257023E-008
   340.00000000000000        1.4788401809682250E-008
   341.00000000000000        1.4181268812730579E-008
   342.00000000000000        1.3598825290729041E-008
   343.00000000000000        1.3040078918156075E-008
   344.00000000000000        1.2504076688033762E-008
   345.00000000000000        1.1989903380916403E-008
   346.00000000000000        1.1496680092228578E-008
   347.00000000000000        1.1023562815788591E-008
   348.00000000000000        1.0569741081432435E-008
   349.00000000000000        1.0134436644721350E-008
   350.00000000000000        9.7169022267973337E-009
   351.00000000000000        9.3164203025142656E-009
   352.00000000000000        8.9323019350426038E-009
   353.00000000000000        8.5638856552100109E-009
   354.00000000000000        8.2105363839031175E-009
   355.00000000000000        7.8716443959170746E-009
   356.00000000000000        7.5466243236970080E-009
   357.00000000000000        7.2349141994726069E-009
   358.00000000000000        6.9359745343416970E-009
   359.00000000000000        6.6492874329116623E-009
   360.00000000000000        6.3743557421569660E-009
   361.00000000000000        6.1107022332027149E-009
   362.00000000000000        5.8578688147879534E-009
   363.00000000000000        5.6154157772117758E-009
   364.00000000000000        5.3829210656067489E-009
   365.00000000000000        5.1599795814273150E-009
   366.00000000000000        4.9462025110826603E-009
   367.00000000000000        4.7412166806819078E-009
   368.00000000000000        4.5446639358983746E-009
   369.00000000000000        4.3562005459959591E-009
   370.00000000000000        4.1754966310964601E-009
   371.00000000000000        4.0022356118010060E-009
   372.00000000000000        3.8361136803105242E-009
   373.00000000000000        3.6768392922243985E-009
   374.00000000000000        3.5241326782237457E-009
   375.00000000000000        3.3777253748788084E-009
   376.00000000000000        3.2373597738456207E-009
   377.00000000000000        3.1027886887460525E-009
   378.00000000000000        2.9737749390514181E-009
   379.00000000000000        2.8500909503152852E-009
   380.00000000000000        2.7315183701253535E-009
   381.00000000000000        2.6178476991689657E-009
   382.00000000000000        2.5088779368281404E-009
   383.00000000000000        2.4044162407435300E-009
   384.00000000000000        2.3042775998064231E-009
   385.00000000000000        2.2082845200596823E-009
   386.00000000000000        2.1162667230071076E-009
   387.00000000000000        2.0280608558500818E-009
   388.00000000000000        1.9435102131887208E-009
   389.00000000000000        1.8624644697419228E-009
   390.00000000000000        1.7847794236580311E-009
   391.00000000000000        1.7103167500038079E-009
   392.00000000000000        1.6389437640353923E-009
   393.00000000000000        1.5705331938695345E-009
   394.00000000000000        1.5049629621887653E-009
   395.00000000000000        1.4421159766271686E-009
   396.00000000000000        1.3818799284978298E-009
   397.00000000000000        1.3241470995353461E-009
   398.00000000000000        1.2688141763397439E-009
   399.00000000000000        1.2157820722198788E-009
   400.00000000000000        1.1649557561460890E-009
   401.00000000000000        1.1162440885331047E-009
   402.00000000000000        1.0695596635849204E-009
   403.00000000000000        1.0248186579434212E-009
   404.00000000000000        9.8194068539297787E-010
   405.00000000000000        9.4084865738229714E-010
   406.00000000000000        9.0146864913440830E-010
   407.00000000000000        8.6372977112430914E-010
   408.00000000000000        8.2756404571234852E-010
   409.00000000000000        7.9290628872971499E-010
   410.00000000000000        7.5969399582036020E-010
   411.00000000000000        7.2786723335087615E-010
   412.00000000000000        6.9736853370778086E-010
   413.00000000000000        6.6814279480816727E-010
   414.00000000000000        6.4013718365669983E-010
   415.00000000000000        6.1330104378836894E-010
   416.00000000000000        5.8758580644271472E-010
   417.00000000000000        5.6294490532121776E-010
   418.00000000000000        5.3933369478533883E-010
   419.00000000000000        5.1670937135828149E-010
   420.00000000000000        4.9503089839893751E-010
   421.00000000000000        4.7425893382152807E-010
   422.00000000000000        4.5435576073951969E-010
   423.00000000000000        4.3528522091709484E-010
   424.00000000000000        4.1701265091605497E-010
   425.00000000000000        3.9950482083039512E-010
   426.00000000000000        3.8272987550514001E-010
   427.00000000000000        3.6665727813995311E-010
   428.00000000000000        3.5125775618205651E-010
   429.00000000000000        3.3650324941674872E-010
   430.00000000000000        3.2236686016732252E-010
   431.00000000000000        3.0882280551984420E-010
   432.00000000000000        2.9584637149142213E-010
   433.00000000000000        2.8341386906390832E-010
   434.00000000000000        2.7150259200807343E-010
   435.00000000000000        2.6009077642616662E-010
   436.00000000000000        2.4915756194376420E-010
   437.00000000000000        2.3868295448440088E-010
   438.00000000000000        2.2864779056327982E-010
   439.00000000000000        2.1903370303875242E-010
   440.00000000000000        2.0982308826273741E-010
   441.00000000000000        2.0099907457364272E-010
   442.00000000000000        1.9254549207752348E-010
   443.00000000000000        1.8444684366540537E-010
   444.00000000000000        1.7668827721678576E-010
   445.00000000000000        1.6925555894130683E-010
   446.00000000000000        1.6213504781249367E-010
   447.00000000000000        1.5531367104934723E-010
   448.00000000000000        1.4877890060328393E-010
   449.00000000000000        1.4251873060964188E-010
   450.00000000000000        1.3652165576464528E-010
   451.00000000000000        1.3077665059018226E-010
   452.00000000000000        1.2527314955039742E-010
   453.00000000000000        1.2000102798540866E-010
   454.00000000000000        1.1495058382895759E-010
   455.00000000000000        1.1011252007806349E-010
   456.00000000000000        1.0547792798407649E-010
   457.00000000000000        1.0103827093573347E-010
   458.00000000000000        9.6785369006014525E-011
   459.00000000000000        9.2711384135728002E-011
   460.00000000000000        8.8808805927843817E-011
   461.00000000000000        8.5070438027646797E-011
   462.00000000000000        8.1489385064769853E-011
   463.00000000000000        7.8059040134169692E-011
   464.00000000000000        7.4773072793980769E-011
   465.00000000000000        7.1625417559134014E-011
   466.00000000000000        6.8610262870428658E-011
   467.00000000000000        6.5722040519600619E-011
   468.00000000000000        6.2955415511709893E-011
   469.00000000000000        6.0305276346913794E-011
   470.00000000000000        5.7766725704437189E-011
   471.00000000000000        5.5335071512242345E-011
   472.00000000000000        5.3005818386560903E-011
   473.00000000000000        5.0774659426104532E-011
   474.00000000000000        4.8637468346388039E-011
   475.00000000000000        4.6590291940181779E-011
   476.00000000000000        4.4629342850683147E-011
   477.00000000000000        4.2750992644551365E-011
   478.00000000000000        4.0951765172452801E-011
   479.00000000000000        3.9228330205290281E-011
   480.00000000000000        3.7577497334756140E-011
   481.00000000000000        3.5996210127318084E-011
   482.00000000000000        3.4481540521186817E-011
   483.00000000000000        3.3030683456253111E-011
   484.00000000000000        3.1640951727370318E-011
   485.00000000000000        3.0309771051771574E-011
   486.00000000000000        2.9034675341777800E-011
   487.00000000000000        2.7813302174314280E-011
   488.00000000000000        2.6643388449100988E-011
   489.00000000000000        2.5522766227720186E-011
   490.00000000000000        2.4449358746076841E-011
   491.00000000000000        2.3421176593078562E-011
   492.00000000000000        2.2436314048655152E-011
   493.00000000000000        2.1492945574518109E-011
   494.00000000000000        2.0589322451335320E-011
   495.00000000000000        1.9723769556250045E-011
   496.00000000000000        1.8894682274930586E-011
   497.00000000000000        1.8100523542568552E-011
   498.00000000000000        1.7339821008473378E-011
   499.00000000000000        1.6611164319141597E-011
   500.00000000000000        1.5913202514874171E-011
   501.00000000000000        1.5244641535229843E-011
   502.00000000000000        1.4604241828793759E-011
   503.00000000000000        1.3990816062922252E-011
   504.00000000000000        1.3403226929310444E-011
   505.00000000000000        1.2840385041396600E-011
   506.00000000000000        1.2301246919782876E-011
   507.00000000000000        1.1784813062006871E-011
   508.00000000000000        1.1290126093156705E-011
   509.00000000000000        1.0816268993959217E-011
   510.00000000000000        1.0362363403115422E-011
   511.00000000000000        9.9275679907896346E-012
   512.00000000000000        9.5110769002846803E-012
   513.00000000000000        9.1121182550614095E-012
   514.00000000000000        8.7299527283761130E-012
   515.00000000000000        8.3638721729239132E-012
   516.00000000000000        8.0131983079820228E-012
   517.00000000000000        7.6772814616545118E-012
   518.00000000000000        7.3554993659162611E-012
   519.00000000000000        7.0472560022495727E-012
   520.00000000000000        6.7519804957615956E-012
   521.00000000000000        6.4691260557538086E-012
   522.00000000000000        6.1981689608035279E-012
   523.00000000000000        5.9386075864937765E-012
   524.00000000000000        5.6899614740090899E-012
   525.00000000000000        5.4517704378864890E-012
   526.00000000000000        5.2235937112824948E-012
   527.00000000000000        5.0050091271862555E-012
   528.00000000000000        4.7956123340725817E-012
   529.00000000000000        4.5950160445527338E-012
   530.00000000000000        4.4028493156404021E-012
   531.00000000000000        4.2187568593073877E-012
   532.00000000000000        4.0423983820598554E-012
   533.00000000000000        3.8734479523177337E-012
   534.00000000000000        3.7115933944313707E-012
   535.00000000000000        3.5565357082181234E-012
   536.00000000000000        3.4079885129475740E-012
   537.00000000000000        3.2656775147498574E-012
   538.00000000000000        3.1293399964632961E-012
   539.00000000000000        2.9987243289790861E-012
   540.00000000000000        2.8735895031805456E-012
   541.00000000000000        2.7537046816114407E-012
   542.00000000000000        2.6388487690444518E-012
   543.00000000000000        2.5288100011556602E-012
   544.00000000000000        2.4233855505436876E-012
   545.00000000000000        2.3223811493642272E-012
   546.00000000000000        2.2256107278817408E-012
   547.00000000000000        2.1328960682679802E-012
   548.00000000000000        2.0440664730067203E-012
   549.00000000000000        1.9589584472895435E-012
   550.00000000000000        1.8774153948141382E-012
   551.00000000000000        1.7992873264207097E-012
   552.00000000000000        1.7244305810263588E-012
   553.00000000000000        1.6527075583392144E-012
   554.00000000000000        1.5839864628562836E-012
   555.00000000000000        1.5181410586699569E-012
   556.00000000000000        1.4550504346273659E-012
   557.00000000000000        1.3945987794066634E-012
   558.00000000000000        1.3366751660922081E-012
   559.00000000000000        1.2811733458481824E-012
   560.00000000000000        1.2279915503071320E-012
   561.00000000000000        1.1770323023058914E-012
   562.00000000000000        1.1282022346170109E-012
   563.00000000000000        1.0814119163382722E-012
   564.00000000000000        1.0365756866174764E-012
   565.00000000000000        9.9361149540279158E-013
   566.00000000000000        9.5244075092230674E-013
   567.00000000000000        9.1298817360900703E-013
   568.00000000000000        8.7518165619870305E-013
   569.00000000000000        8.3895212974086410E-013
   570.00000000000000        8.0423343527220971E-013
   571.00000000000000        7.7096220091440347E-013
   572.00000000000000        7.3907772416652861E-013
   573.00000000000000        7.0852185917307762E-013
   574.00000000000000        6.7923890875728644E-013
   575.00000000000000        6.5117552101843337E-013
   576.00000000000000        6.2428059030048971E-013
   577.00000000000000        5.9850516234727166E-013
   578.00000000000000        5.7380234346714339E-013
   579.00000000000000        5.5012721353809148E-013
   580.00000000000000        5.2743674269058455E-013
   581.00000000000000        5.0568971151295974E-013
   582.00000000000000        4.8484663463032232E-013
   583.00000000000000        4.6486968751449973E-013
   584.00000000000000        4.4572263638823472E-013
   585.00000000000000        4.2737077109305115E-013
   586.00000000000000        4.0978084079522551E-013
   587.00000000000000        3.9292099241007860E-013
   588.00000000000000        3.7676071162946759E-013
   589.00000000000000        3.6127076644250453E-013
   590.00000000000000        3.4642315304395882E-013
   591.00000000000000        3.3219104402942505E-013
   592.00000000000000        3.1854873878050696E-013
   593.00000000000000        3.0547161594736424E-013
   594.00000000000000        2.9293608793992425E-013
   595.00000000000000        2.8091955734279114E-013
   596.00000000000000        2.6940037517241067E-013
   597.00000000000000        2.5835780089861765E-013
   598.00000000000000        2.4777196415592025E-013
   599.00000000000000        2.3762382807294719E-013
   600.00000000000000        2.2789515415167482E-013
   601.00000000000000        2.1856846863085320E-013
   602.00000000000000        2.0962703027075958E-013
   603.00000000000000        2.0105479949923221E-013
   604.00000000000000        1.9283640886131527E-013
   605.00000000000000        1.8495713471739132E-013
   606.00000000000000        1.7740287013693780E-013
   607.00000000000000        1.7016009893736487E-013
   608.00000000000000        1.6321587081941828E-013
   609.00000000000000        1.5655777755280952E-013
   610.00000000000000        1.5017393016757475E-013
   611.00000000000000        1.4405293710865275E-013
   612.00000000000000        1.3818388331289905E-013
   613.00000000000000        1.3255631016950522E-013
   614.00000000000000        1.2716019632646755E-013
   615.00000000000000        1.2198593930727667E-013
   616.00000000000000        1.1702433790355781E-013
   617.00000000000000        1.1226657531085484E-013
   618.00000000000000        1.0770420297607846E-013
   619.00000000000000        1.0332912512654393E-013
   620.00000000000000        9.9133583951741757E-014
   621.00000000000000        9.5110145410247521E-014
   622.00000000000000        9.1251685635299546E-014
   623.00000000000000        8.7551377913758161E-014
   624.00000000000000        8.4002680214162501E-014
   625.00000000000000        8.0599323240680535E-014
   626.00000000000000        7.7335298990689708E-014
   627.00000000000000        7.4204849794723625E-014
   628.00000000000000        7.1202457818354302E-014
   629.00000000000000        6.8322835006492079E-014
   630.00000000000000        6.5560913451393701E-014
   631.00000000000000        6.2911836166478117E-014
   632.00000000000000        6.0370948248765209E-014
   633.00000000000000        5.7933788413545990E-014
   634.00000000000000        5.5596080885516753E-014
   635.00000000000000        5.3353727631339499E-014
   636.00000000000000        5.1202800919178486E-014
   637.00000000000000        4.9139536191412625E-014
   638.00000000000000        4.7160325237278868E-014
   639.00000000000000        4.5261709652778685E-014
   640.00000000000000        4.3440374575718872E-014
   641.00000000000000        4.1693142684253720E-014
   642.00000000000000        4.0016968447811761E-014
   643.00000000000000        3.8408932619735085E-014
   644.00000000000000        3.6866236961440183E-014
   645.00000000000000        3.5386199188308700E-014
   646.00000000000000        3.3966248127967047E-014
   647.00000000000000        3.2603919081968419E-014
   648.00000000000000        3.1296849382309796E-014
   649.00000000000000        3.0042774134554998E-014
   650.00000000000000        2.8839522139689335E-014
   651.00000000000000        2.7685011987166254E-014
   652.00000000000000        2.6577248311929340E-014
   653.00000000000000        2.5514318208485734E-014
   654.00000000000000        2.4494387795415078E-014
   655.00000000000000        2.3515698923966568E-014
   656.00000000000000        2.2576566024675288E-014
   657.00000000000000        2.1675373086171100E-014
   658.00000000000000        2.0810570760618754E-014
   659.00000000000000        1.9980673590448222E-014
   660.00000000000000        1.9184257351264767E-014
   661.00000000000000        1.8419956506047765E-014
   662.00000000000000        1.7686461765949398E-014
   663.00000000000000        1.6982517753203902E-014
   664.00000000000000        1.6306920761851445E-014
   665.00000000000000        1.5658516612154881E-014
   666.00000000000000        1.5036198594770210E-014
   667.00000000000000        1.4438905500891985E-014
   668.00000000000000        1.3865619734756782E-014
   669.00000000000000        1.3315365505041607E-014
   670.00000000000000        1.2787207091839315E-014
   671.00000000000000        1.2280247186031246E-014
   672.00000000000000        1.1793625298017048E-014
   673.00000000000000        1.1326516232885002E-014
   674.00000000000000        1.0878128629229943E-014
   675.00000000000000        1.0447703558947971E-014
   676.00000000000000        1.0034513185443613E-014
   677.00000000000000        9.6378594777984526E-015
   678.00000000000000        9.2570729785517269E-015
   679.00000000000000        8.8915116228416171E-015
   680.00000000000000        8.5405596067528901E-015
   681.00000000000000        8.2036263028062080E-015
   682.00000000000000        7.8801452206107607E-015
   683.00000000000000        7.5695730107883851E-015
   684.00000000000000        7.2713885103531757E-015
   685.00000000000000        6.9850918278090498E-015
   686.00000000000000        6.7102034663029499E-015
   687.00000000000000        6.4462634832360598E-015
   688.00000000000000        6.1928306848092810E-015
   689.00000000000000        5.9494818540381540E-015
   690.00000000000000        5.7158110108359850E-015
   691.00000000000000        5.4914287028255164E-015
   692.00000000000000        5.2759613255895485E-015
   693.00000000000000        5.0690504711327322E-015
   694.00000000000000        4.8703523033726000E-015
   695.00000000000000        4.6795369595307817E-015
   696.00000000000000        4.4962879763408568E-015
   697.00000000000000        4.3203017400375231E-015
   698.00000000000000        4.1512869591321783E-015
   699.00000000000000        3.9889641590241003E-015
   700.00000000000000        3.8330651975351669E-015
   701.00000000000000        3.6833328004952904E-015
   702.00000000000000        3.5395201165418743E-015
   703.00000000000000        3.4013902903312417E-015
   704.00000000000000        3.2687160533946735E-015
   705.00000000000000        3.1412793319043080E-015
   706.00000000000000        3.0188708706420511E-015
   707.00000000000000        2.9012898724988485E-015
   708.00000000000000        2.7883436528556564E-015
   709.00000000000000        2.6798473082277013E-015
   710.00000000000000        2.5756233985772988E-015
   711.00000000000000        2.4755016427272197E-015
   712.00000000000000        2.3793186263296693E-015
   713.00000000000000        2.2869175218678555E-015
   714.00000000000000        2.1981478201911099E-015
   715.00000000000000        2.1128650731035678E-015
   716.00000000000000        2.0309306465471593E-015
   717.00000000000000        1.9522114839393508E-015
   718.00000000000000        1.8765798792436037E-015
   719.00000000000000        1.8039132593689416E-015
   720.00000000000000        1.7340939755114298E-015
   721.00000000000000        1.6670091030665830E-015
   722.00000000000000        1.6025502497576496E-015
   723.00000000000000        1.5406133716390678E-015
   724.00000000000000        1.4810985966487299E-015
   725.00000000000000        1.4239100553966127E-015
   726.00000000000000        1.3689557188900355E-015
   727.00000000000000        1.3161472429084363E-015
   728.00000000000000        1.2653998187528129E-015
   729.00000000000000        1.2166320301056966E-015
   730.00000000000000        1.1697657157495895E-015
   731.00000000000000        1.1247258379012018E-015
   732.00000000000000        1.0814403559301203E-015
   733.00000000000000        1.0398401052388433E-015
   734.00000000000000        9.9985868109164493E-016
   735.00000000000000        9.6143232718782043E-016
   736.00000000000000        9.2449982878366993E-016
   737.00000000000000        8.8900241017556988E-016
   738.00000000000000        8.5488363636447164E-016
   739.00000000000000        8.2208931872948275E-016
   740.00000000000000        7.9056742454541004E-016
   741.00000000000000        7.6026799018605530E-016
   742.00000000000000        7.3114303786144180E-016
   743.00000000000000        7.0314649574375614E-016
   744.00000000000000        6.7623412134258909E-016
   745.00000000000000        6.5036342799577359E-016
   746.00000000000000        6.2549361434804036E-016
   747.00000000000000        6.0158549669459570E-016
   748.00000000000000        5.7860144407203828E-016
   749.00000000000000        5.5650531598389572E-016
   750.00000000000000        5.3526240265267358E-016
   751.00000000000000        5.1483936769481040E-016
   752.00000000000000        4.9520419311921072E-016
   753.00000000000000        4.7632612655420577E-016
   754.00000000000000        4.5817563061165068E-016
   755.00000000000000        4.4072433430057822E-016
   756.00000000000000        4.2394498640671415E-016
   757.00000000000000        4.0781141075730293E-016
   758.00000000000000        3.9229846329418203E-016
   759.00000000000000        3.7738199088125118E-016
   760.00000000000000        3.6303879177547420E-016
   761.00000000000000        3.4924657769340634E-016
   762.00000000000000        3.3598393740824312E-016
   763.00000000000000        3.2323030181486718E-016
   764.00000000000000        3.1096591040301794E-016
   765.00000000000000        2.9917177908127574E-016
   766.00000000000000        2.8782966929670225E-016
   767.00000000000000        2.7692205839744060E-016
   768.00000000000000        2.6643211118770295E-016
   769.00000000000000        2.5634365262650156E-016
   770.00000000000000        2.4664114162378206E-016
   771.00000000000000        2.3730964588915774E-016
   772.00000000000000        2.2833481779063610E-016
   773.00000000000000        2.1970287118219196E-016
   774.00000000000000        2.1140055916092412E-016
   775.00000000000000        2.0341515271603236E-016
   776.00000000000000        1.9573442023347356E-016
   777.00000000000000        1.8834660782156644E-016
   778.00000000000000        1.8124042042431454E-016
   779.00000000000000        1.7440500369050798E-016
   780.00000000000000        1.6782992656802459E-016
   781.00000000000000        1.6150516459396471E-016
   782.00000000000000        1.5542108385249433E-016
   783.00000000000000        1.4956842557338525E-016
   784.00000000000000        1.4393829134535385E-016
   785.00000000000000        1.3852212891938495E-016
   786.00000000000000        1.3331171857820942E-016
   787.00000000000000        1.2829916004907885E-016
   788.00000000000000        1.2347685993793946E-016
   789.00000000000000        1.1883751966397521E-016
   790.00000000000000        1.1437412387435393E-016
   791.00000000000000        1.1007992931984634E-016
   792.00000000000000        1.0594845417273952E-016
   793.00000000000000        1.0197346776927977E-016
   794.00000000000000        9.8148980759543729E-017
   795.00000000000000        9.4469235648363089E-017
   796.00000000000000        9.0928697711599630E-017
   797.00000000000000        8.7522046272696297E-017
   798.00000000000000        8.4244166325014081E-017
   799.00000000000000        8.1090140486125945E-017
   800.00000000000000        7.8055241270712541E-017
   801.00000000000000        7.5134923669317046E-017
   802.00000000000000        7.2324818020687510E-017
   803.00000000000000        6.9620723165964638E-017
   804.00000000000000        6.7018599873417033E-017
   805.00000000000000        6.4514564522919953E-017
   806.00000000000000        6.2104883039771428E-017
   807.00000000000000        5.9785965067901282E-017
   808.00000000000000        5.7554358372885560E-017
   809.00000000000000        5.5406743465620264E-017
   810.00000000000000        5.3339928437820366E-017
   811.00000000000000        5.1350844000913704E-017
   812.00000000000000        4.9436538720213589E-017
   813.00000000000000        4.7594174436591197E-017
   814.00000000000000        4.5821021868175643E-017
   815.00000000000000        4.4114456384923850E-017
   816.00000000000000        4.2471953949169779E-017
   817.00000000000000        4.0891087215566413E-017
   818.00000000000000        3.9369521784074332E-017
   819.00000000000000        3.7905012599918879E-017
   820.00000000000000        3.6495400494684299E-017
   821.00000000000000        3.5138608862941444E-017
   822.00000000000000        3.3832640469026568E-017
   823.00000000000000        3.2575574378821507E-017
   824.00000000000000        3.1365563011573890E-017
   825.00000000000000        3.0200829307006243E-017
   826.00000000000000        2.9079664003147752E-017
   827.00000000000000        2.8000423020509681E-017
   828.00000000000000        2.6961524948398406E-017
   829.00000000000000        2.5961448629326652E-017
   830.00000000000000        2.4998730837650476E-017
   831.00000000000000        2.4071964048708711E-017
   832.00000000000000        2.3179794294892976E-017
   833.00000000000000        2.2320919105221258E-017
   834.00000000000000        2.1494085525122071E-017
   835.00000000000000        2.0698088213262588E-017
   836.00000000000000        1.9931767612397185E-017
   837.00000000000000        1.9194008191311031E-017
   838.00000000000000        1.8483736755069257E-017
   839.00000000000000        1.7799920820881684E-017
   840.00000000000000        1.7141567057002371E-017
   841.00000000000000        1.6507719782194250E-017
   842.00000000000000        1.5897459523370899E-017
   843.00000000000000        1.5309901629139803E-017
   844.00000000000000        1.4744194937052181E-017
   845.00000000000000        1.4199520492450110E-017
   846.00000000000000        1.3675090316894477E-017
   847.00000000000000        1.3170146224227256E-017
   848.00000000000000        1.2683958682404538E-017
   849.00000000000000        1.2215825719311995E-017
   850.00000000000000        1.1765071870837167E-017
   851.00000000000000        1.1331047169552502E-017
   852.00000000000000        1.0913126172418660E-017
   853.00000000000000        1.0510707025985419E-017
   854.00000000000000        1.0123210567627531E-017
   855.00000000000000        9.7500794614077122E-018
   856.00000000000000        9.3907773672192640E-018
   857.00000000000000        9.0447881419087625E-018
   858.00000000000000        8.7116150711346519E-018
   859.00000000000000        8.3907801307648830E-018
   860.00000000000000        8.0818232766639140E-018
   861.00000000000000        7.7843017617645475E-018
   862.00000000000000        7.4977894793644480E-018
   863.00000000000000        7.2218763316291214E-018
   864.00000000000000        6.9561676223196469E-018
   865.00000000000000        6.7002834728089322E-018
   866.00000000000000        6.4538582604791574E-018
   867.00000000000000        6.2165400786347741E-018
   868.00000000000000        5.9879902170967339E-018
   869.00000000000000        5.7678826626759993E-018
   870.00000000000000        5.5559036187573567E-018
   871.00000000000000        5.3517510432540634E-018
   872.00000000000000        5.1551342042217124E-018
   873.00000000000000        4.9657732524498766E-018
   874.00000000000000        4.7833988103745054E-018
   875.00000000000000        4.6077515766805919E-018
   876.00000000000000        4.4385819459903646E-018
   877.00000000000000        4.2756496430537733E-018
   878.00000000000000        4.1187233708828959E-018
   879.00000000000000        3.9675804722913846E-018
   880.00000000000000        3.8220066043244782E-018
   881.00000000000000        3.6817954250809413E-018
   882.00000000000000        3.5467482924514916E-018
   883.00000000000000        3.4166739743143539E-018
   884.00000000000000        3.2913883697480158E-018
   885.00000000000000        3.1707142408368398E-018
   886.00000000000000        3.0544809546634164E-018
   887.00000000000000        2.9425242350960945E-018
   888.00000000000000        2.8346859239952947E-018
   889.00000000000000        2.7308137514782082E-018
   890.00000000000000        2.6307611148935734E-018
   891.00000000000000        2.5343868661733739E-018
   892.00000000000000        2.4415551072400319E-018
   893.00000000000000        2.3521349931609394E-018
   894.00000000000000        2.2660005427536763E-018
   895.00000000000000        2.1830304563568894E-018
   896.00000000000000        2.1031079404929085E-018
   897.00000000000000        2.0261205391583689E-018
   898.00000000000000        1.9519599714901944E-018
   899.00000000000000        1.8805219755628573E-018
   900.00000000000000        1.8117061580832845E-018
   901.00000000000000        1.7454158497584641E-018
   902.00000000000000        1.6815579661190386E-018
   903.00000000000000        1.6200428735912390E-018
   904.00000000000000        1.5607842606172215E-018
   905.00000000000000        1.5036990136313824E-018
   906.00000000000000        1.4487070977077539E-018
   907.00000000000000        1.3957314417011327E-018
   908.00000000000000        1.3446978277105739E-018
   909.00000000000000        1.2955347847012795E-018
   910.00000000000000        1.2481734861267089E-018
   911.00000000000000        1.2025476513990345E-018
   912.00000000000000        1.1585934510617692E-018
   913.00000000000000        1.1162494155243236E-018
   914.00000000000000        1.0754563472230064E-018
   915.00000000000000        1.0361572360788709E-018
   916.00000000000000        9.9829717812737395E-019
   917.00000000000000        9.6182329719961580E-019
   918.00000000000000        9.2668466953976198E-019
   919.00000000000000        8.9283225124734570E-019
   920.00000000000000        8.6021880843768683E-019
   921.00000000000000        8.2879885001769336E-019
   922.00000000000000        7.9852856297801740E-019
   923.00000000000000        7.6936575010664807E-019
   924.00000000000000        7.4126977003232640E-019
   925.00000000000000        7.1420147951000914E-019
   926.00000000000000        6.8812317786363193E-019
   927.00000000000000        6.6299855350484134E-019
   928.00000000000000        6.3879263244941937E-019
   929.00000000000000        6.1547172875611270E-019
   930.00000000000000        5.9300339681541507E-019
   931.00000000000000        5.7135638541868735E-019
   932.00000000000000        5.5050059354046289E-019
   933.00000000000000        5.3040702776972564E-019
   934.00000000000000        5.1104776132777471E-019
   935.00000000000000        4.9239589461336786E-019
   936.00000000000000        4.7442551721755585E-019
   937.00000000000000        4.5711167135296486E-019
   938.00000000000000        4.4043031664452961E-019
   939.00000000000000        4.2435829623048976E-019
   940.00000000000000        4.0887330412448776E-019
   941.00000000000000        3.9395385379143909E-019
   942.00000000000000        3.7957924789174146E-019
   943.00000000000000        3.6572954914994071E-019
   944.00000000000000        3.5238555230574212E-019
   945.00000000000000        3.3952875710687262E-019
   946.00000000000000        3.2714134230474439E-019
   947.00000000000000        3.1520614061536205E-019
   948.00000000000000        3.0370661460943121E-019
   949.00000000000000        2.9262683349687372E-019
   950.00000000000000        2.8195145077227556E-019
   951.00000000000000        2.7166568268916760E-019
   952.00000000000000        2.6175528753213561E-019
   953.00000000000000        2.5220654565692380E-019
   954.00000000000000        2.4300624026994227E-019
   955.00000000000000        2.3414163891953100E-019
   956.00000000000000        2.2560047567240721E-019
   957.00000000000000        2.1737093394981877E-019
   958.00000000000000        2.0944162999872704E-019
   959.00000000000000        2.0180159697439658E-019
   960.00000000000000        1.9444026961160181E-019
   961.00000000000000        1.8734746946255276E-019
   962.00000000000000        1.8051339068037940E-019
   963.00000000000000        1.7392858632794247E-019
   964.00000000000000        1.6758395519237300E-019
   965.00000000000000        1.6147072908656478E-019
   966.00000000000000        1.5558046061947762E-019
   967.00000000000000        1.4990501141786107E-019
   968.00000000000000        1.4443654078261697E-019
   969.00000000000000        1.3916749476362947E-019
   970.00000000000000        1.3409059563755684E-019
   971.00000000000000        1.2919883177360961E-019
   972.00000000000000        1.2448544787292189E-019
   973.00000000000000        1.1994393556764239E-019
   974.00000000000000        1.1556802436642419E-019
   975.00000000000000        1.1135167293345994E-019
   976.00000000000000        1.0728906068869536E-019
   977.00000000000000        1.0337457971732151E-019
   978.00000000000000        9.9602826977100951E-020
   979.00000000000000        9.5968596792486969E-020
   980.00000000000000        9.2466873624905719E-020
   981.00000000000000        8.9092825109019871E-020
   982.00000000000000        8.5841795345085217E-020
   983.00000000000000        8.2709298437961231E-020
   984.00000000000000        7.9691012273638305E-020
   985.00000000000000        7.6782772524508534E-020
   986.00000000000000        7.3980566874917827E-020
   987.00000000000000        7.1280529458871974E-020
   988.00000000000000        6.8678935502042559E-020
   989.00000000000000        6.6172196160553848E-020
   990.00000000000000        6.3756853549254422E-020
   991.00000000000000        6.1429575952507313E-020
   992.00000000000000        5.9187153210748830E-020
   993.00000000000000        5.7026492276335658E-020
   994.00000000000000        5.4944612932436878E-020
   995.00000000000000        5.2938643668959785E-020
   996.00000000000000        5.1005817709721839E-020
   997.00000000000000        4.9143469185289603E-020
   998.00000000000000        4.7349029446127429E-020
   999.00000000000000        4.5620023510879419E-020
   1000.0000000000000        4.3954066644809854E-020
