# Recoil energy (kev)        Event rate (events/gev)
   1.0000000000000000        2.2567554779874791E-003
   2.0000000000000000        8.8101584235918996E-003
   3.0000000000000000        1.9343034898840841E-002
   4.0000000000000000        3.3549144537715750E-002
   5.0000000000000000        5.1133271726796638E-002
   6.0000000000000000        7.1811272126318451E-002
   7.0000000000000000        9.5310078597720074E-002
   8.0000000000000000       0.12136767034031927     
   9.0000000000000000       0.14973300879019072     
   10.000000000000000       0.18016594359806865     
   11.000000000000000       0.21243709177954861     
   12.000000000000000       0.24632769291945278     
   13.000000000000000       0.28162944311242133     
   14.000000000000000       0.31814431013307021     
   15.000000000000000       0.35568433215085904     
   16.000000000000000       0.39407140213674308     
   17.000000000000000       0.43313703995018477     
   18.000000000000000       0.47272215394573258     
   19.000000000000000       0.51267679379776043     
   20.000000000000000       0.55285989610959729     
   21.000000000000000       0.59313902424881593     
   22.000000000000000       0.63339010373348370     
   23.000000000000000       0.67349715438431101     
   24.000000000000000       0.71335202035461165     
   25.000000000000000       0.75285409905323331     
   26.000000000000000       0.79191006988515333     
   27.000000000000000       0.83043362364960294     
   28.000000000000000       0.86834519335626581     
   29.000000000000000       0.90557168714600689     
   30.000000000000000       0.94204622393339044     
   31.000000000000000       0.97770787232364653     
   32.000000000000000        1.0125013932966458     
   33.000000000000000        1.0463769870944142     
   34.000000000000000        1.0792900446966429     
   35.000000000000000        1.1112009042203370     
   36.000000000000000        1.1420746125347778     
   37.000000000000000        1.1718806923415717     
   38.000000000000000        1.2005929149309424     
   39.000000000000000        1.2281890787899967     
   40.000000000000000        1.2546507942059459     
   41.000000000000000        1.2799632739770328     
   42.000000000000000        1.3041151303161984     
   43.000000000000000        1.3270981780071445     
   44.000000000000000        1.3489072438490963     
   45.000000000000000        1.3695399824053163     
   46.000000000000000        1.3889966980510502     
   47.000000000000000        1.4072801732989912     
   48.000000000000000        1.4243955033643545     
   49.000000000000000        1.4403499369173072     
   50.000000000000000        1.4551527229575034     
   51.000000000000000        1.4688149637339032     
   52.000000000000000        1.4813494736226487     
   53.000000000000000        1.4927706438667445     
   54.000000000000000        1.5030943130729877     
   55.000000000000000        1.5123376433547515     
   56.000000000000000        1.5205190020029675     
   57.000000000000000        1.5276578485624179     
   58.000000000000000        1.5337746271860877     
   59.000000000000000        1.5388906641364908     
   60.000000000000000        1.5430280703000179     
   61.000000000000000        1.5462096485778876     
   62.000000000000000        1.5484588060155409     
   63.000000000000000        1.5497994705310716     
   64.000000000000000        1.5502560121024613     
   65.000000000000000        1.5498531682731782     
   66.000000000000000        1.5486159738357370     
   67.000000000000000        1.5465696945533005     
   68.000000000000000        1.5437397647802087     
   69.000000000000000        1.5401517288434690     
   70.000000000000000        1.5358311860486173     
   71.000000000000000        1.5308037391749945     
   72.000000000000000        1.5250949463273462     
   73.000000000000000        1.5187302760127332     
   74.000000000000000        1.5117350653139459     
   75.000000000000000        1.5041344810330166     
   76.000000000000000        1.4959534836809367     
   77.000000000000000        1.4872167941923020     
   78.000000000000000        1.4779488632463720     
   79.000000000000000        1.4681738430787747     
   80.000000000000000        1.4579155616710602     
   81.000000000000000        1.4471974992081000     
   82.000000000000000        1.4360427666964501     
   83.000000000000000        1.4244740866396579     
   84.000000000000000        1.4125137756695985     
   85.000000000000000        1.4001837290359169     
   86.000000000000000        1.3875054068586612     
   87.000000000000000        1.3744998220522788     
   88.000000000000000        1.3611875298320504     
   89.000000000000000        1.3475886187171164     
   90.000000000000000        1.3337227029471632     
   91.000000000000000        1.3196089162327056     
   92.000000000000000        1.3052659067619405     
   93.000000000000000        1.2907118333898311     
   94.000000000000000        1.2759643629379096     
   95.000000000000000        1.2610406685362010     
   96.000000000000000        1.2459574289410869     
   97.000000000000000        1.2307308287658500     
   98.000000000000000        1.2153765595630259     
   99.000000000000000        1.1999098217003512     
   100.00000000000000        1.1843453269745043     
   101.00000000000000        1.1686973019092257     
   102.00000000000000        1.1529794916868532     
   103.00000000000000        1.1372051646644656     
   104.00000000000000        1.1213871174281569     
   105.00000000000000        1.1055376803410524     
   106.00000000000000        1.0896687235428082     
   107.00000000000000        1.0737916633604037     
   108.00000000000000        1.0579174690918849     
   109.00000000000000        1.0420566701267924     
   110.00000000000000        1.0262193633687040     
   111.00000000000000        1.0104152209272055     
   112.00000000000000       0.99465349804824821     
   113.00000000000000       0.97894304125359977     
   114.00000000000000       0.96329229666161376     
   115.00000000000000       0.94770931846312689     
   116.00000000000000       0.93220177752780142     
   117.00000000000000       0.91677697011760084     
   118.00000000000000       0.90144182668552642     
   119.00000000000000       0.88620292073900631     
   120.00000000000000       0.87106647774866242     
   121.00000000000000       0.85603838408430222     
   122.00000000000000       0.84112419596125565     
   123.00000000000000       0.82632914838122717     
   124.00000000000000       0.81165816405291280     
   125.00000000000000       0.79711586227864106     
   126.00000000000000       0.78270656779435477     
   127.00000000000000       0.76843431955105179     
   128.00000000000000       0.75430287942680307     
   129.00000000000000       0.74031574085927121     
   130.00000000000000       0.72647613738946148     
   131.00000000000000       0.71278705110821694     
   132.00000000000000       0.69925122099770531     
   133.00000000000000       0.68587115116080977     
   134.00000000000000       0.67264911893205448     
   135.00000000000000       0.65958718286428286     
   136.00000000000000       0.64668719058588908     
   137.00000000000000       0.63395078652401882     
   138.00000000000000       0.62137941948963915     
   139.00000000000000       0.60897435012089307     
   140.00000000000000       0.59673665818167565     
   141.00000000000000       0.58466724971271788     
   142.00000000000000       0.57276686403301158     
   143.00000000000000       0.56103608058969223     
   144.00000000000000       0.54947532565496404     
   145.00000000000000       0.53808487886892464     
   146.00000000000000       0.52686487962754347     
   147.00000000000000       0.51581533331530627     
   148.00000000000000       0.50493611738234978     
   149.00000000000000       0.49422698726618142     
   150.00000000000000       0.48368758215830976     
   151.00000000000000       0.47331743061638099     
   152.00000000000000       0.46311595602258965     
   153.00000000000000       0.45308248188934935     
   154.00000000000000       0.44321623701342755     
   155.00000000000000       0.43351636047985281     
   156.00000000000000       0.42398190651711964     
   157.00000000000000       0.41461184920533051     
   158.00000000000000       0.40540508703904560     
   159.00000000000000       0.39636044734673881     
   160.00000000000000       0.38747669056887585     
   161.00000000000000       0.37875251439669722     
   162.00000000000000       0.37018655777390463     
   163.00000000000000       0.36177740476351966     
   164.00000000000000       0.35352358828225433     
   165.00000000000000       0.34542359370475850     
   166.00000000000000       0.33747586234025778     
   167.00000000000000       0.32967879478400114     
   168.00000000000000       0.32203075414609805     
   169.00000000000000       0.31453006916029724     
   170.00000000000000       0.30717503717528205     
   171.00000000000000       0.29996392703110464     
   172.00000000000000       0.29289498182336310     
   173.00000000000000       0.28596642155776192     
   174.00000000000000       0.27917644569767430     
   175.00000000000000       0.27252323560735481     
   176.00000000000000       0.26600495689339509     
   177.00000000000000       0.25961976164707423     
   178.00000000000000       0.25336579059017689     
   179.00000000000000       0.24724117512687982     
   180.00000000000000       0.24124403930426530     
   181.00000000000000       0.23537250168401602     
   182.00000000000000       0.22962467712779730     
   183.00000000000000       0.22399867849883054     
   184.00000000000000       0.21849261828211153     
   185.00000000000000       0.21310461012571028     
   186.00000000000000       0.20783277030555486     
   187.00000000000000       0.20267521911604688     
   188.00000000000000       0.19763008218885703     
   189.00000000000000       0.19269549174217232     
   190.00000000000000       0.18786958776265533     
   191.00000000000000       0.18315051912232361     
   192.00000000000000       0.17853644463252372     
   193.00000000000000       0.17402553403712062     
   194.00000000000000       0.16961596894699862     
   195.00000000000000       0.16530594371791618     
   196.00000000000000       0.16109366627370886     
   197.00000000000000       0.15697735887681652     
   198.00000000000000       0.15295525884802749     
   199.00000000000000       0.14902561923732977     
   200.00000000000000       0.14518670944768952     
   201.00000000000000       0.14143681581353978     
   202.00000000000000       0.13777424213572445     
   203.00000000000000       0.13419731017459427     
   204.00000000000000       0.13070436010290112     
   205.00000000000000       0.12729375092011783     
   206.00000000000000       0.12396386082973487     
   207.00000000000000       0.12071308758107356     
   208.00000000000000       0.11753984877709092     
   209.00000000000000       0.11444258214962642     
   210.00000000000000       0.11141974580348786     
   211.00000000000000       0.10846981843074130     
   212.00000000000000       0.10559129949652316     
   213.00000000000000       0.10278270939766426     
   214.00000000000000       0.10004258959535821     
   215.00000000000000        9.7369502723093207E-002
   216.00000000000000        9.4762032671003346E-002
   217.00000000000000        9.2218784647780105E-002
   218.00000000000000        8.9738385221234312E-002
   219.00000000000000        8.7319482338566512E-002
   220.00000000000000        8.4960745327379572E-002
   221.00000000000000        8.2660864878412635E-002
   222.00000000000000        8.0418553010964053E-002
   223.00000000000000        7.8232543021920689E-002
   224.00000000000000        7.6101589419291002E-002
   225.00000000000000        7.4024467841099076E-002
   226.00000000000000        7.1999974960478733E-002
   227.00000000000000        7.0026928377755496E-002
   228.00000000000000        6.8104166500301599E-002
   229.00000000000000        6.6230548410900758E-002
   230.00000000000000        6.4404953725335862E-002
   231.00000000000000        6.2626282439897762E-002
   232.00000000000000        6.0893454769467163E-002
   233.00000000000000        5.9205410976812041E-002
   234.00000000000000        5.7561111193714223E-002
   235.00000000000000        5.5959535234504358E-002
   236.00000000000000        5.4399682402580044E-002
   237.00000000000000        5.2880571290439320E-002
   238.00000000000000        5.1401239573753914E-002
   239.00000000000000        4.9960743799974547E-002
   240.00000000000000        4.8558159171951033E-002
   241.00000000000000        4.7192579327014345E-002
   242.00000000000000        4.5863116111964891E-002
   243.00000000000000        4.4568899354377460E-002
   244.00000000000000        4.3309076630626164E-002
   245.00000000000000        4.2082813031004029E-002
   246.00000000000000        4.0889290922307316E-002
   247.00000000000000        3.9727709708222016E-002
   248.00000000000000        3.8597285587850631E-002
   249.00000000000000        3.7497251312687038E-002
   250.00000000000000        3.6426855942340262E-002
   251.00000000000000        3.5385364599292361E-002
   252.00000000000000        3.4372058222958454E-002
   253.00000000000000        3.3386233323305502E-002
   254.00000000000000        3.2427201734271917E-002
   255.00000000000000        3.1494290367219888E-002
   256.00000000000000        3.0586840964635757E-002
   257.00000000000000        2.9704209854285953E-002
   258.00000000000000        2.8845767704021943E-002
   259.00000000000000        2.8010899277417609E-002
   260.00000000000000        2.7199003190412144E-002
   261.00000000000000        2.6409491669120551E-002
   262.00000000000000        2.5641790308964577E-002
   263.00000000000000        2.4895337835267470E-002
   264.00000000000000        2.4169585865446312E-002
   265.00000000000000        2.3463998672928272E-002
   266.00000000000000        2.2778052952905716E-002
   267.00000000000000        2.2111237590042986E-002
   268.00000000000000        2.1463053428232008E-002
   269.00000000000000        2.0833013042493669E-002
   270.00000000000000        2.0220640513110757E-002
   271.00000000000000        1.9625471202072364E-002
   272.00000000000000        1.9047051531904533E-002
   273.00000000000000        1.8484938766952827E-002
   274.00000000000000        1.7938700797179997E-002
   275.00000000000000        1.7407915924534310E-002
   276.00000000000000        1.6892172651937334E-002
   277.00000000000000        1.6391069474939238E-002
   278.00000000000000        1.5904214676079564E-002
   279.00000000000000        1.5431226121990204E-002
   280.00000000000000        1.4971731063271848E-002
   281.00000000000000        1.4525365937170052E-002
   282.00000000000000        1.4091776173074800E-002
   283.00000000000000        1.3670616000861693E-002
   284.00000000000000        1.3261548262090483E-002
   285.00000000000000        1.2864244224073281E-002
   286.00000000000000        1.2478383396819608E-002
   287.00000000000000        1.2103653352865437E-002
   288.00000000000000        1.1739749549987910E-002
   289.00000000000000        1.1386375156804816E-002
   290.00000000000000        1.1043240881257287E-002
   291.00000000000000        1.0710064801969123E-002
   292.00000000000000        1.0386572202475330E-002
   293.00000000000000        1.0072495408310057E-002
   294.00000000000000        9.7675736269417866E-003
   295.00000000000000        9.4715527905410799E-003
   296.00000000000000        9.1841854015663766E-003
   297.00000000000000        8.9052303811486787E-003
   298.00000000000000        8.6344529202571699E-003
   299.00000000000000        8.3716243336243220E-003
   300.00000000000000        8.1165219164090040E-003
   301.00000000000000        7.8689288035733752E-003
   302.00000000000000        7.6286338319497644E-003
   303.00000000000000        7.3954314049717350E-003
   304.00000000000000        7.1691213600417582E-003
   305.00000000000000        6.9495088385092855E-003
   306.00000000000000        6.7364041582291881E-003
   307.00000000000000        6.5296226886722673E-003
   308.00000000000000        6.3289847285573639E-003
   309.00000000000000        6.1343153859745652E-003
   310.00000000000000        5.9454444609677252E-003
   311.00000000000000        5.7622063305456193E-003
   312.00000000000000        5.5844398360878865E-003
   313.00000000000000        5.4119881731147399E-003
   314.00000000000000        5.2446987833860920E-003
   315.00000000000000        5.0824232492978306E-003
   316.00000000000000        4.9250171905406304E-003
   317.00000000000000        4.7723401629886867E-003
   318.00000000000000        4.6242555597833549E-003
   319.00000000000000        4.4806305145784174E-003
   320.00000000000000        4.3413358069123815E-003
   321.00000000000000        4.2062457696738220E-003
   322.00000000000000        4.0752381986256699E-003
   323.00000000000000        3.9481942639539485E-003
   324.00000000000000        3.8249984238071665E-003
   325.00000000000000        3.7055383397921523E-003
   326.00000000000000        3.5897047943924880E-003
   327.00000000000000        3.4773916102757460E-003
   328.00000000000000        3.3684955714558288E-003
   329.00000000000000        3.2629163462771773E-003
   330.00000000000000        3.1605564121872610E-003
   331.00000000000000        3.0613209822647749E-003
   332.00000000000000        2.9651179334703689E-003
   333.00000000000000        2.8718577365877880E-003
   334.00000000000000        2.7814533878228152E-003
   335.00000000000000        2.6938203420283449E-003
   336.00000000000000        2.6088764475240217E-003
   337.00000000000000        2.5265418824786910E-003
   338.00000000000000        2.4467390928253336E-003
   339.00000000000000        2.3693927316772315E-003
   340.00000000000000        2.2944296002155233E-003
   341.00000000000000        2.2217785900178534E-003
   342.00000000000000        2.1513706267989796E-003
   343.00000000000000        2.0831386155336735E-003
   344.00000000000000        2.0170173869334825E-003
   345.00000000000000        1.9529436452487383E-003
   346.00000000000000        1.8908559173678524E-003
   347.00000000000000        1.8306945031861821E-003
   348.00000000000000        1.7724014272173861E-003
   349.00000000000000        1.7159203914202635E-003
   350.00000000000000        1.6611967292147042E-003
   351.00000000000000        1.6081773606608494E-003
   352.00000000000000        1.5568107487756377E-003
   353.00000000000000        1.5070468569616561E-003
   354.00000000000000        1.4588371075234900E-003
   355.00000000000000        1.4121343412471859E-003
   356.00000000000000        1.3668927780187880E-003
   357.00000000000000        1.3230679784584473E-003
   358.00000000000000        1.2806168065469139E-003
   359.00000000000000        1.2394973932216612E-003
   360.00000000000000        1.1996691009202648E-003
   361.00000000000000        1.1610924890491097E-003
   362.00000000000000        1.1237292803558906E-003
   363.00000000000000        1.0875423281847007E-003
   364.00000000000000        1.0524955845930149E-003
   365.00000000000000        1.0185540693101239E-003
   366.00000000000000        9.8568383951713897E-004
   367.00000000000000        9.5385196042885876E-004
   368.00000000000000        9.2302647665839664E-004
   369.00000000000000        8.9317638434565640E-004
   370.00000000000000        8.6427160403122500E-004
   371.00000000000000        8.3628295425760039E-004
   372.00000000000000        8.0918212587999976E-004
   373.00000000000000        7.8294165706944876E-004
   374.00000000000000        7.5753490899101909E-004
   375.00000000000000        7.3293604214072993E-004
   376.00000000000000        7.0911999332465021E-004
   377.00000000000000        6.8606245326434021E-004
   378.00000000000000        6.6373984481296697E-004
   379.00000000000000        6.4212930176679717E-004
   380.00000000000000        6.2120864825713259E-004
   381.00000000000000        6.0095637870803827E-004
   382.00000000000000        5.8135163834551102E-004
   383.00000000000000        5.6237420424417889E-004
   384.00000000000000        5.4400446689769916E-004
   385.00000000000000        5.2622341229960270E-004
   386.00000000000000        5.0901260452140243E-004
   387.00000000000000        4.9235416877521458E-004
   388.00000000000000        4.7623077494837458E-004
   389.00000000000000        4.6062562159779937E-004
   390.00000000000000        4.4552242039222348E-004
   391.00000000000000        4.3090538099058075E-004
   392.00000000000000        4.1675919634516116E-004
   393.00000000000000        4.0306902841837745E-004
   394.00000000000000        3.8982049430237559E-004
   395.00000000000000        3.7699965273071923E-004
   396.00000000000000        3.6459299097190583E-004
   397.00000000000000        3.5258741209455625E-004
   398.00000000000000        3.4097022259437784E-004
   399.00000000000000        3.2972912037331853E-004
   400.00000000000000        3.1885218306142106E-004
   401.00000000000000        3.0832785667228466E-004
   402.00000000000000        2.9814494458311693E-004
   403.00000000000000        2.8829259683064502E-004
   404.00000000000000        2.7876029971439097E-004
   405.00000000000000        2.6953786569895461E-004
   406.00000000000000        2.6061542360722776E-004
   407.00000000000000        2.5198340909660268E-004
   408.00000000000000        2.4363255541047483E-004
   409.00000000000000        2.3555388439751946E-004
   410.00000000000000        2.2773869779142163E-004
   411.00000000000000        2.2017856874386767E-004
   412.00000000000000        2.1286533360389471E-004
   413.00000000000000        2.0579108393675670E-004
   414.00000000000000        1.9894815877570890E-004
   415.00000000000000        1.9232913710026461E-004
   416.00000000000000        1.8592683053463612E-004
   417.00000000000000        1.7973427626023135E-004
   418.00000000000000        1.7374473013624550E-004
   419.00000000000000        1.6795166002254880E-004
   420.00000000000000        1.6234873929918853E-004
   421.00000000000000        1.5692984057700537E-004
   422.00000000000000        1.5168902959399863E-004
   423.00000000000000        1.4662055929219950E-004
   424.00000000000000        1.4171886406997482E-004
   425.00000000000000        1.3697855420479206E-004
   426.00000000000000        1.3239441044162815E-004
   427.00000000000000        1.2796137874231819E-004
   428.00000000000000        1.2367456519127179E-004
   429.00000000000000        1.1952923105311138E-004
   430.00000000000000        1.1552078797788195E-004
   431.00000000000000        1.1164479334964221E-004
   432.00000000000000        1.0789694577430142E-004
   433.00000000000000        1.0427308070273595E-004
   434.00000000000000        1.0076916618528719E-004
   435.00000000000000        9.7381298753855159E-005
   436.00000000000000        9.4105699427923328E-005
   437.00000000000000        9.0938709840923578E-005
   438.00000000000000        8.7876788483469282E-005
   439.00000000000000        8.4916507060068966E-005
   440.00000000000000        8.2054546956021826E-005
   441.00000000000000        7.9287695811299923E-005
   442.00000000000000        7.6612844198299608E-005
   443.00000000000000        7.4026982400435766E-005
   444.00000000000000        7.1527197288625657E-005
   445.00000000000000        6.9110669292812680E-005
   446.00000000000000        6.6774669465733387E-005
   447.00000000000000        6.4516556636227647E-005
   448.00000000000000        6.2333774649462578E-005
   449.00000000000000        6.0223849691503636E-005
   450.00000000000000        5.8184387695762298E-005
   451.00000000000000        5.6213071828881979E-005
   452.00000000000000        5.4307660053740723E-005
   453.00000000000000        5.2465982767263931E-005
   454.00000000000000        5.0685940510842472E-005
   455.00000000000000        4.8965501751200487E-005
   456.00000000000000        4.7302700729613544E-005
   457.00000000000000        4.5695635377446920E-005
   458.00000000000000        4.4142465296034251E-005
   459.00000000000000        4.2641409798978918E-005
   460.00000000000000        4.1190746015010106E-005
   461.00000000000000        3.9788807049581562E-005
   462.00000000000000        3.8433980203452974E-005
   463.00000000000000        3.7124705246546748E-005
   464.00000000000000        3.5859472745411214E-005
   465.00000000000000        3.4636822442688475E-005
   466.00000000000000        3.3455341687012130E-005
   467.00000000000000        3.2313663911814895E-005
   468.00000000000000        3.1210467161573729E-005
   469.00000000000000        3.0144472664052708E-005
   470.00000000000000        2.9114443447153624E-005
   471.00000000000000        2.8119182999021735E-005
   472.00000000000000        2.7157533970093596E-005
   473.00000000000000        2.6228376915812879E-005
   474.00000000000000        2.5330629078777212E-005
   475.00000000000000        2.4463243209114157E-005
   476.00000000000000        2.3625206421921333E-005
   477.00000000000000        2.2815539090638809E-005
   478.00000000000000        2.2033293775256607E-005
   479.00000000000000        2.1277554184288120E-005
   480.00000000000000        2.0547434169480524E-005
   481.00000000000000        1.9842076752252144E-005
   482.00000000000000        1.9160653180886904E-005
   483.00000000000000        1.8502362017539962E-005
   484.00000000000000        1.7866428254134061E-005
   485.00000000000000        1.7252102456261442E-005
   486.00000000000000        1.6658659934223129E-005
   487.00000000000000        1.6085399940372198E-005
   488.00000000000000        1.5531644891943629E-005
   489.00000000000000        1.4996739618586240E-005
   490.00000000000000        1.4480050633828993E-005
   491.00000000000000        1.3980965429741679E-005
   492.00000000000000        1.3498891794068523E-005
   493.00000000000000        1.3033257149137786E-005
   494.00000000000000        1.2583507911870082E-005
   495.00000000000000        1.2149108874226819E-005
   496.00000000000000        1.1729542603466108E-005
   497.00000000000000        1.1324308861583572E-005
   498.00000000000000        1.0932924043341709E-005
   499.00000000000000        1.0554920632307350E-005
   500.00000000000000        1.0189846674331856E-005
   501.00000000000000        9.8372652679299271E-006
   502.00000000000000        9.4967540710259855E-006
   503.00000000000000        9.1679048235557469E-006
   504.00000000000000        8.8503228854239541E-006
   505.00000000000000        8.5436267893370627E-006
   506.00000000000000        8.2474478080417306E-006
   507.00000000000000        7.9614295355157971E-006
   508.00000000000000        7.6852274816728014E-006
   509.00000000000000        7.4185086801525891E-006
   510.00000000000000        7.1609513087853907E-006
   511.00000000000000        6.9122443223293138E-006
   512.00000000000000        6.6720870970919371E-006
   513.00000000000000        6.4401890870612834E-006
   514.00000000000000        6.2162694911794749E-006
   515.00000000000000        6.0000569314080980E-006
   516.00000000000000        5.7912891412404509E-006
   517.00000000000000        5.5897126643306980E-006
   518.00000000000000        5.3950825629169312E-006
   519.00000000000000        5.2071621357269104E-006
   520.00000000000000        5.0257226450650012E-006
   521.00000000000000        4.8505430527865517E-006
   522.00000000000000        4.6814097648775135E-006
   523.00000000000000        4.5181163843630944E-006
   524.00000000000000        4.3604634722807292E-006
   525.00000000000000        4.2082583164584761E-006
   526.00000000000000        4.0613147078492628E-006
   527.00000000000000        3.9194527241792190E-006
   528.00000000000000        3.7824985206753935E-006
   529.00000000000000        3.6502841276457408E-006
   530.00000000000000        3.5226472546912865E-006
   531.00000000000000        3.3994311013376672E-006
   532.00000000000000        3.2804841738792937E-006
   533.00000000000000        3.1656601082363173E-006
   534.00000000000000        3.0548174986307606E-006
   535.00000000000000        2.9478197318941454E-006
   536.00000000000000        2.8445348272251116E-006
   537.00000000000000        2.7448352812210467E-006
   538.00000000000000        2.6485979180132372E-006
   539.00000000000000        2.5557037443406241E-006
   540.00000000000000        2.4660378094025346E-006
   541.00000000000000        2.3794890693353360E-006
   542.00000000000000        2.2959502561635338E-006
   543.00000000000000        2.2153177510799645E-006
   544.00000000000000        2.1374914619148270E-006
   545.00000000000000        2.0623747046572947E-006
   546.00000000000000        1.9898740888984019E-006
   547.00000000000000        1.9198994070671546E-006
   548.00000000000000        1.8523635273370782E-006
   549.00000000000000        1.7871822900831129E-006
   550.00000000000000        1.7242744077734865E-006
   551.00000000000000        1.6635613681844432E-006
   552.00000000000000        1.6049673408295737E-006
   553.00000000000000        1.5484190864984338E-006
   554.00000000000000        1.4938458698032617E-006
   555.00000000000000        1.4411793746351409E-006
   556.00000000000000        1.3903536224345175E-006
   557.00000000000000        1.3413048931840343E-006
   558.00000000000000        1.2939716490342572E-006
   559.00000000000000        1.2482944604762517E-006
   560.00000000000000        1.2042159349772272E-006
   561.00000000000000        1.1616806479985358E-006
   562.00000000000000        1.1206350763177054E-006
   563.00000000000000        1.0810275335787786E-006
   564.00000000000000        1.0428081079977680E-006
   565.00000000000000        1.0059286021521152E-006
   566.00000000000000        9.7034247478569058E-007
   567.00000000000000        9.3600478456283964E-007
   568.00000000000000        9.0287213570721131E-007
   569.00000000000000        8.7090262546324538E-007
   570.00000000000000        8.4005579331997607E-007
   571.00000000000000        8.1029257193920987E-007
   572.00000000000000        7.8157523973143511E-007
   573.00000000000000        7.5386737502520730E-007
   574.00000000000000        7.2713381177719384E-007
   575.00000000000000        7.0134059677172700E-007
   576.00000000000000        6.7645494826070282E-007
   577.00000000000000        6.5244521599609667E-007
   578.00000000000000        6.2928084260856047E-007
   579.00000000000000        6.0693232628787729E-007
   580.00000000000000        5.8537118472172238E-007
   581.00000000000000        5.6456992025095978E-007
   582.00000000000000        5.4450198620116158E-007
   583.00000000000000        5.2514175435106404E-007
   584.00000000000000        5.0646448350016042E-007
   585.00000000000000        4.8844628909888839E-007
   586.00000000000000        4.7106411390584046E-007
   587.00000000000000        4.5429569963794911E-007
   588.00000000000000        4.3811955958032456E-007
   589.00000000000000        4.2251495212384898E-007
   590.00000000000000        4.0746185519946427E-007
   591.00000000000000        3.9294094157918397E-007
   592.00000000000000        3.7893355501489677E-007
   593.00000000000000        3.6542168718687228E-007
   594.00000000000000        3.5238795543490567E-007
   595.00000000000000        3.3981558124585798E-007
   596.00000000000000        3.2768836947227143E-007
   597.00000000000000        3.1599068825747548E-007
   598.00000000000000        3.0470744964363725E-007
   599.00000000000000        2.9382409083961594E-007
   600.00000000000000        2.8332655612665454E-007
   601.00000000000000        2.7320127938037647E-007
   602.00000000000000        2.6343516718836718E-007
   603.00000000000000        2.5401558254336233E-007
   604.00000000000000        2.4493032909259646E-007
   605.00000000000000        2.3616763592467233E-007
   606.00000000000000        2.2771614287575960E-007
   607.00000000000000        2.1956488633764846E-007
   608.00000000000000        2.1170328555077277E-007
   609.00000000000000        2.0412112936577190E-007
   610.00000000000000        1.9680856345781962E-007
   611.00000000000000        1.8975607797841333E-007
   612.00000000000000        1.8295449562984455E-007
   613.00000000000000        1.7639496014805405E-007
   614.00000000000000        1.7006892518007270E-007
   615.00000000000000        1.6396814354266454E-007
   616.00000000000000        1.5808465684930567E-007
   617.00000000000000        1.5241078549299177E-007
   618.00000000000000        1.4693911897281667E-007
   619.00000000000000        1.4166250655267806E-007
   620.00000000000000        1.3657404824084088E-007
   621.00000000000000        1.3166708607946313E-007
   622.00000000000000        1.2693519573354883E-007
   623.00000000000000        1.2237217836917919E-007
   624.00000000000000        1.1797205281117816E-007
   625.00000000000000        1.1372904797069543E-007
   626.00000000000000        1.0963759553355816E-007
   627.00000000000000        1.0569232290047435E-007
   628.00000000000000        1.0188804637055477E-007
   629.00000000000000        9.8219764559824383E-008
   630.00000000000000        9.4682652046739473E-008
   631.00000000000000        9.1272053236965453E-008
   632.00000000000000        8.7983476439919353E-008
   633.00000000000000        8.4812588149880515E-008
   634.00000000000000        8.1755207524649841E-008
   635.00000000000000        7.8807301055027382E-008
   636.00000000000000        7.5964977418593334E-008
   637.00000000000000        7.3224482511471034E-008
   638.00000000000000        7.0582194652002902E-008
   639.00000000000000        6.8034619950437572E-008
   640.00000000000000        6.5578387838966792E-008
   641.00000000000000        6.3210246756596934E-008
   642.00000000000000        6.0927059983564735E-008
   643.00000000000000        5.8725801620166593E-008
   644.00000000000000        5.6603552705045527E-008
   645.00000000000000        5.4557497468149716E-008
   646.00000000000000        5.2584919713753446E-008
   647.00000000000000        5.0683199329052076E-008
   648.00000000000000        4.8849808914033719E-008
   649.00000000000000        4.7082310528454681E-008
   650.00000000000000        4.5378352551890257E-008
   651.00000000000000        4.3735666652971394E-008
   652.00000000000000        4.2152064864050289E-008
   653.00000000000000        4.0625436757671648E-008
   654.00000000000000        3.9153746721326402E-008
   655.00000000000000        3.7735031327122880E-008
   656.00000000000000        3.6367396793087303E-008
   657.00000000000000        3.5049016532938231E-008
   658.00000000000000        3.3778128791291768E-008
   659.00000000000000        3.2553034361329404E-008
   660.00000000000000        3.1372094382106556E-008
   661.00000000000000        3.0233728212723534E-008
   662.00000000000000        2.9136411380732210E-008
   663.00000000000000        2.8078673602183126E-008
   664.00000000000000        2.7059096870858772E-008
   665.00000000000000        2.6076313614287387E-008
   666.00000000000000        2.5129004914227900E-008
   667.00000000000000        2.4215898789396273E-008
   668.00000000000000        2.3335768538275409E-008
   669.00000000000000        2.2487431139928261E-008
   670.00000000000000        2.1669745710801637E-008
   671.00000000000000        2.0881612015579765E-008
   672.00000000000000        2.0121969030213629E-008
   673.00000000000000        1.9389793555316303E-008
   674.00000000000000        1.8684098878170568E-008
   675.00000000000000        1.8003933481667723E-008
   676.00000000000000        1.7348379798539655E-008
   677.00000000000000        1.6716553009318213E-008
   678.00000000000000        1.6107599882493315E-008
   679.00000000000000        1.5520697655406152E-008
   680.00000000000000        1.4955052954461690E-008
   681.00000000000000        1.4409900753287823E-008
   682.00000000000000        1.3884503367521563E-008
   683.00000000000000        1.3378149484948837E-008
   684.00000000000000        1.2890153229760336E-008
   685.00000000000000        1.2419853259740045E-008
   686.00000000000000        1.1966611895234201E-008
   687.00000000000000        1.1529814278793005E-008
   688.00000000000000        1.1108867564416068E-008
   689.00000000000000        1.0703200135364938E-008
   690.00000000000000        1.0312260849548720E-008
   691.00000000000000        9.9355183115168711E-009
   692.00000000000000        9.5724601701303136E-009
   693.00000000000000        9.2225924410129515E-009
   694.00000000000000        8.8854388529173104E-009
   695.00000000000000        8.5605402171666963E-009
   696.00000000000000        8.2474538193675259E-009
   697.00000000000000        7.9457528326114197E-009
   698.00000000000000        7.6550257514130682E-009
   699.00000000000000        7.3748758456619117E-009
   700.00000000000000        7.1049206338791417E-009
   701.00000000000000        6.8447913751110990E-009
   702.00000000000000        6.5941325787985770E-009
   703.00000000000000        6.3526015319959766E-009
   704.00000000000000        6.1198678433287483E-009
   705.00000000000000        5.8956130031040062E-009
   706.00000000000000        5.6795299590039306E-009
   707.00000000000000        5.4713227068170693E-009
   708.00000000000000        5.2707058956778790E-009
   709.00000000000000        5.0774044473051196E-009
   710.00000000000000        4.8911531887454474E-009
   711.00000000000000        4.7116964981492441E-009
   712.00000000000000        4.5387879631183388E-009
   713.00000000000000        4.3721900511837017E-009
   714.00000000000000        4.2116737919857946E-009
   715.00000000000000        4.0570184707460203E-009
   716.00000000000000        3.9080113326302672E-009
   717.00000000000000        3.7644472976216193E-009
   718.00000000000000        3.6261286855312774E-009
   719.00000000000000        3.4928649507899320E-009
   720.00000000000000        3.3644724266750151E-009
   721.00000000000000        3.2407740786400937E-009
   722.00000000000000        3.1215992664259684E-009
   723.00000000000000        3.0067835146424010E-009
   724.00000000000000        2.8961682915219420E-009
   725.00000000000000        2.7896007955564567E-009
   726.00000000000000        2.6869337497385488E-009
   727.00000000000000        2.5880252031376924E-009
   728.00000000000000        2.4927383395531188E-009
   729.00000000000000        2.4009412929916132E-009
   730.00000000000000        2.3125069697299829E-009
   731.00000000000000        2.2273128767277540E-009
   732.00000000000000        2.1452409561664245E-009
   733.00000000000000        2.0661774258973520E-009
   734.00000000000000        1.9900126255892043E-009
   735.00000000000000        1.9166408683729908E-009
   736.00000000000000        1.8459602977894951E-009
   737.00000000000000        1.7778727498513755E-009
   738.00000000000000        1.7122836200380205E-009
   739.00000000000000        1.6491017350483886E-009
   740.00000000000000        1.5882392291429631E-009
   741.00000000000000        1.5296114249113561E-009
   742.00000000000000        1.4731367183090826E-009
   743.00000000000000        1.4187364678110117E-009
   744.00000000000000        1.3663348875359204E-009
   745.00000000000000        1.3158589442001771E-009
   746.00000000000000        1.2672382577650010E-009
   747.00000000000000        1.2204050056457002E-009
   748.00000000000000        1.1752938303557382E-009
   749.00000000000000        1.1318417504639247E-009
   750.00000000000000        1.0899880747464930E-009
   751.00000000000000        1.0496743194201577E-009
   752.00000000000000        1.0108441283464866E-009
   753.00000000000000        9.7344319610174643E-010
   754.00000000000000        9.3741919380993824E-010
   755.00000000000000        9.0272169764056727E-010
   756.00000000000000        8.6930211987602664E-010
   757.00000000000000        8.3711364245703382E-010
   758.00000000000000        8.0611115291739734E-010
   759.00000000000000        7.7625118262315802E-010
   760.00000000000000        7.4749184723360905E-010
   761.00000000000000        7.1979278930472075E-010
   762.00000000000000        6.9311512295870827E-010
   763.00000000000000        6.6742138054564101E-010
   764.00000000000000        6.4267546122595264E-010
   765.00000000000000        6.1884258140518498E-010
   766.00000000000000        5.9588922695470571E-010
   767.00000000000000        5.7378310715432515E-010
   768.00000000000000        5.5249311029556313E-010
   769.00000000000000        5.3198926088555801E-010
   770.00000000000000        5.1224267839486732E-010
   771.00000000000000        4.9322553749339536E-010
   772.00000000000000        4.7491102972143659E-010
   773.00000000000000        4.5727332654418505E-010
   774.00000000000000        4.4028754374022229E-010
   775.00000000000000        4.2392970707613584E-010
   776.00000000000000        4.0817671922106935E-010
   777.00000000000000        3.9300632785678595E-010
   778.00000000000000        3.7839709494027295E-010
   779.00000000000000        3.6432836707759897E-010
   780.00000000000000        3.5078024696897747E-010
   781.00000000000000        3.3773356588669315E-010
   782.00000000000000        3.2516985714873032E-010
   783.00000000000000        3.1307133055227739E-010
   784.00000000000000        3.0142084773264354E-010
   785.00000000000000        2.9020189841434163E-010
   786.00000000000000        2.7939857752215589E-010
   787.00000000000000        2.6899556312135655E-010
   788.00000000000000        2.5897809515711408E-010
   789.00000000000000        2.4933195496446202E-010
   790.00000000000000        2.4004344552096582E-010
   791.00000000000000        2.3109937241540057E-010
   792.00000000000000        2.2248702550662660E-010
   793.00000000000000        2.1419416124779716E-010
   794.00000000000000        2.0620898565190741E-010
   795.00000000000000        1.9852013787558862E-010
   796.00000000000000        1.9111667439879433E-010
   797.00000000000000        1.8398805377897344E-010
   798.00000000000000        1.7712412195890949E-010
   799.00000000000000        1.7051509810830288E-010
   800.00000000000000        1.6415156097982187E-010
   801.00000000000000        1.5802443576100096E-010
   802.00000000000000        1.5212498140415333E-010
   803.00000000000000        1.4644477841695667E-010
   804.00000000000000        1.4097571709710339E-010
   805.00000000000000        1.3570998619496900E-010
   806.00000000000000        1.3064006198879245E-010
   807.00000000000000        1.2575869775748651E-010
   808.00000000000000        1.2105891363666254E-010
   809.00000000000000        1.1653398684404080E-010
   810.00000000000000        1.1217744226084197E-010
   811.00000000000000        1.0798304335628863E-010
   812.00000000000000        1.0394478344281454E-010
   813.00000000000000        1.0005687724996102E-010
   814.00000000000000        9.6313752805451130E-011
   815.00000000000000        9.2710043612305108E-011
   816.00000000000000        8.9240581111243526E-011
   817.00000000000000        8.5900387418077844E-011
   818.00000000000000        8.2684668326072994E-011
   819.00000000000000        7.9588806563708248E-011
   820.00000000000000        7.6608355298533575E-011
   821.00000000000000        7.3739031878244034E-011
   822.00000000000000        7.0976711800300905E-011
   823.00000000000000        6.8317422901844042E-011
   824.00000000000000        6.5757339761887262E-011
   825.00000000000000        6.3292778308080973E-011
   826.00000000000000        6.0920190620599494E-011
   827.00000000000000        5.8636159926027898E-011
   828.00000000000000        5.6437395774285989E-011
   829.00000000000000        5.4320729391992123E-011
   830.00000000000000        5.2283109205803969E-011
   831.00000000000000        5.0321596529586662E-011
   832.00000000000000        4.8433361409424815E-011
   833.00000000000000        4.6615678620755289E-011
   834.00000000000000        4.4865923812059830E-011
   835.00000000000000        4.3181569789806713E-011
   836.00000000000000        4.1560182939475012E-011
   837.00000000000000        3.9999419777722803E-011
   838.00000000000000        3.8497023630910748E-011
   839.00000000000000        3.7050821435380621E-011
   840.00000000000000        3.5658720655047875E-011
   841.00000000000000        3.4318706312034732E-011
   842.00000000000000        3.3028838126219557E-011
   843.00000000000000        3.1787247759732572E-011
   844.00000000000000        3.0592136162562710E-011
   845.00000000000000        2.9441771015593568E-011
   846.00000000000000        2.8334484267509374E-011
   847.00000000000000        2.7268669762141237E-011
   848.00000000000000        2.6242780952953225E-011
   849.00000000000000        2.5255328701490618E-011
   850.00000000000000        2.4304879156712600E-011
   851.00000000000000        2.3390051712264116E-011
   852.00000000000000        2.2509517038830372E-011
   853.00000000000000        2.1661995188834591E-011
   854.00000000000000        2.0846253770832591E-011
   855.00000000000000        2.0061106191050525E-011
   856.00000000000000        1.9305409959619636E-011
   857.00000000000000        1.8578065059128925E-011
   858.00000000000000        1.7878012373223947E-011
   859.00000000000000        1.7204232173050533E-011
   860.00000000000000        1.6555742659424293E-011
   861.00000000000000        1.5931598558688638E-011
   862.00000000000000        1.5330889770290122E-011
   863.00000000000000        1.4752740064181628E-011
   864.00000000000000        1.4196305826221892E-011
   865.00000000000000        1.3660774849817999E-011
   866.00000000000000        1.3145365172109453E-011
   867.00000000000000        1.2649323953066307E-011
   868.00000000000000        1.2171926395922910E-011
   869.00000000000000        1.1712474707433502E-011
   870.00000000000000        1.1270297096487239E-011
   871.00000000000000        1.0844746809676068E-011
   872.00000000000000        1.0435201202457313E-011
   873.00000000000000        1.0041060844605275E-011
   874.00000000000000        9.6617486586930124E-012
   875.00000000000000        9.2967090903893598E-012
   876.00000000000000        8.9454073094038032E-012
   877.00000000000000        8.6073284399530551E-012
   878.00000000000000        8.2819768196630622E-012
   879.00000000000000        7.9688752858613956E-012
   880.00000000000000        7.6675644882549940E-012
   881.00000000000000        7.3776022270191552E-012
   882.00000000000000        7.0985628153666796E-012
   883.00000000000000        6.8300364656930701E-012
   884.00000000000000        6.5716286984337541E-012
   885.00000000000000        6.3229597727942387E-012
   886.00000000000000        6.0836641385495362E-012
   887.00000000000000        5.8533899081367607E-012
   888.00000000000000        5.6317983482933060E-012
   889.00000000000000        5.4185633905202164E-012
   890.00000000000000        5.2133711596787304E-012
   891.00000000000000        5.0159195200491722E-012
   892.00000000000000        4.8259176382105267E-012
   893.00000000000000        4.6430855621201367E-012
   894.00000000000000        4.4671538157953007E-012
   895.00000000000000        4.2978630090223624E-012
   896.00000000000000        4.1349634615382272E-012
   897.00000000000000        3.9782148411502651E-012
   898.00000000000000        3.8273858152813398E-012
   899.00000000000000        3.6822537154423231E-012
   900.00000000000000        3.5426042141568677E-012
   901.00000000000000        3.4082310138774214E-012
   902.00000000000000        3.2789355474495344E-012
   903.00000000000000        3.1545266896988516E-012
   904.00000000000000        3.0348204797286334E-012
   905.00000000000000        2.9196398535325679E-012
   906.00000000000000        2.8088143865415551E-012
   907.00000000000000        2.7021800457370699E-012
   908.00000000000000        2.5995789509771720E-012
   909.00000000000000        2.5008591451949775E-012
   910.00000000000000        2.4058743731407321E-012
   911.00000000000000        2.3144838683516415E-012
   912.00000000000000        2.2265521480451049E-012
   913.00000000000000        2.1419488156416678E-012
   914.00000000000000        2.0605483706358710E-012
   915.00000000000000        1.9822300255418931E-012
   916.00000000000000        1.9068775296531610E-012
   917.00000000000000        1.8343789993625353E-012
   918.00000000000000        1.7646267548004640E-012
   919.00000000000000        1.6975171625569731E-012
   920.00000000000000        1.6329504842616189E-012
   921.00000000000000        1.5708307308048695E-012
   922.00000000000000        1.5110655219910447E-012
   923.00000000000000        1.4535659514218321E-012
   924.00000000000000        1.3982464564162253E-012
   925.00000000000000        1.3450246927799929E-012
   926.00000000000000        1.2938214142446968E-012
   927.00000000000000        1.2445603564031170E-012
   928.00000000000000        1.1971681249739795E-012
   929.00000000000000        1.1515740882351516E-012
   930.00000000000000        1.1077102734710658E-012
   931.00000000000000        1.0655112672844451E-012
   932.00000000000000        1.0249141196293930E-012
   933.00000000000000        9.8585825142747968E-013
   934.00000000000000        9.4828536563324681E-013
   935.00000000000000        9.1213936162153320E-013
   936.00000000000000        8.7736625277267557E-013
   937.00000000000000        8.4391408713678534E-013
   938.00000000000000        8.1173287106270284E-013
   939.00000000000000        7.8077449568117550E-013
   940.00000000000000        7.5099266613617544E-013
   941.00000000000000        7.2234283346209992E-013
   942.00000000000000        6.9478212900825392E-013
   943.00000000000000        6.6826930131600562E-013
   944.00000000000000        6.4276465535698577E-013
   945.00000000000000        6.1822999404478415E-013
   946.00000000000000        5.9462856193511212E-013
   947.00000000000000        5.7192499103314406E-013
   948.00000000000000        5.5008524862937366E-013
   949.00000000000000        5.2907658708855232E-013
   950.00000000000000        5.0886749551866401E-013
   951.00000000000000        4.8942765325013573E-013
   952.00000000000000        4.7072788505755390E-013
   953.00000000000000        4.5274011805905273E-013
   954.00000000000000        4.3543734023067410E-013
   955.00000000000000        4.1879356047559759E-013
   956.00000000000000        4.0278377019003338E-013
   957.00000000000000        3.8738390627012102E-013
   958.00000000000000        3.7257081550588394E-013
   959.00000000000000        3.5832222031057427E-013
   960.00000000000000        3.4461668573540838E-013
   961.00000000000000        3.3143358772190143E-013
   962.00000000000000        3.1875308254530167E-013
   963.00000000000000        3.0655607740485710E-013
   964.00000000000000        2.9482420211793275E-013
   965.00000000000000        2.8353978187675794E-013
   966.00000000000000        2.7268581102810932E-013
   967.00000000000000        2.6224592783760658E-013
   968.00000000000000        2.5220439020192987E-013
   969.00000000000000        2.4254605227335173E-013
   970.00000000000000        2.3325634196262412E-013
   971.00000000000000        2.2432123928718365E-013
   972.00000000000000        2.1572725553322539E-013
   973.00000000000000        2.0746141320101541E-013
   974.00000000000000        1.9951122670424821E-013
   975.00000000000000        1.9186468379516409E-013
   976.00000000000000        1.8451022768824754E-013
   977.00000000000000        1.7743673985636181E-013
   978.00000000000000        1.7063352347413742E-013
   979.00000000000000        1.6409028748433297E-013
   980.00000000000000        1.5779713126383907E-013
   981.00000000000000        1.5174452986690351E-013
   982.00000000000000        1.4592331982383320E-013
   983.00000000000000        1.4032468547446206E-013
   984.00000000000000        1.3494014581625323E-013
   985.00000000000000        1.2976154184777340E-013
   986.00000000000000        1.2478102438894260E-013
   987.00000000000000        1.1999104236019907E-013
   988.00000000000000        1.1538433150330294E-013
   989.00000000000000        1.1095390352727730E-013
   990.00000000000000        1.0669303566347873E-013
   991.00000000000000        1.0259526061444769E-013
   992.00000000000000        9.8654356881767591E-014
   993.00000000000000        9.4864339458692053E-014
   994.00000000000000        9.1219450873827131E-014
   995.00000000000000        8.7714152572708066E-014
   996.00000000000000        8.4343116624542546E-014
   997.00000000000000        8.1101217741930489E-014
   998.00000000000000        7.7983525601776738E-014
   999.00000000000000        7.4985297456093954E-014
   1000.0000000000000        7.2101971021764756E-014
