# Recoil energy (kev)        Event rate (events/gev)
   1.0000000000000000        146.03106729946671     
   2.0000000000000000        285.04568842829030     
   3.0000000000000000        417.21903541621123     
   4.0000000000000000        542.72798178778669     
   5.0000000000000000        661.75058109855092     
   6.0000000000000000        774.46558529316167     
   7.0000000000000000        881.05200065064037     
   8.0000000000000000        981.68867918579326     
   9.0000000000000000        1076.5539434757841     
   10.000000000000000        1165.8252429768768     
   11.000000000000000        1249.6788399885922     
   12.000000000000000        1328.2895235110391     
   13.000000000000000        1401.8303493261426     
   14.000000000000000        1470.4724047151528     
   15.000000000000000        1534.3845963027620     
   16.000000000000000        1593.7334595933021     
   17.000000000000000        1648.6829888362670     
   18.000000000000000        1699.3944859270896     
   19.000000000000000        1746.0264271151079     
   20.000000000000000        1788.7343463536006     
   21.000000000000000        1827.6707341871429     
   22.000000000000000        1862.9849511292255     
   23.000000000000000        1894.8231545381586     
   24.000000000000000        1923.3282380521910     
   25.000000000000000        1948.6397826948291     
   26.000000000000000        1970.8940188097672     
   27.000000000000000        1990.2237980305499     
   28.000000000000000        2006.7585745339172     
   29.000000000000000        2020.6243948676763     
   30.000000000000000        2031.9438956837478     
   31.000000000000000        2040.8363087449436     
   32.000000000000000        2047.4174726104109     
   33.000000000000000        2051.7998504389748     
   34.000000000000000        2054.0925533825730     
   35.000000000000000        2054.4013690731504     
   36.000000000000000        2052.8287947360741     
   37.000000000000000        2049.4740744915384     
   38.000000000000000        2044.4332404320967     
   39.000000000000000        2037.7991570900920     
   40.000000000000000        2029.6615689331065     
   41.000000000000000        2020.1071505483230     
   42.000000000000000        2009.2195591987511     
   43.000000000000000        1997.0794894548826     
   44.000000000000000        1983.7647296250450     
   45.000000000000000        1969.3502197262849     
   46.000000000000000        1953.9081107552552     
   47.000000000000000        1937.5078250353502     
   48.000000000000000        1920.2161174320113     
   49.000000000000000        1902.0971372431748     
   50.000000000000000        1883.2124905859064     
   51.000000000000000        1863.6213031136404     
   52.000000000000000        1843.3802829109684     
   53.000000000000000        1822.5437834250324     
   54.000000000000000        1801.1638663034712     
   55.000000000000000        1779.2903640197476     
   56.000000000000000        1756.9709421765126     
   57.000000000000000        1734.2511613870013     
   58.000000000000000        1711.1745386434536     
   59.000000000000000        1687.7826080896243     
   60.000000000000000        1664.1149811224579     
   61.000000000000000        1640.2094057551965     
   62.000000000000000        1616.1018251811054     
   63.000000000000000        1591.8264354834478     
   64.000000000000000        1567.4157424433195     
   65.000000000000000        1542.9006174026649     
   66.000000000000000        1518.3103521450414     
   67.000000000000000        1493.6727127616202     
   68.000000000000000        1469.0139924744990     
   69.000000000000000        1444.3590633937222     
   70.000000000000000        1419.7314271883822     
   71.000000000000000        1395.1532646558526     
   72.000000000000000        1370.6454841766779     
   73.000000000000000        1346.2277690458377     
   74.000000000000000        1321.9186236740409     
   75.000000000000000        1297.7354186554583     
   76.000000000000000        1273.6944347007984     
   77.000000000000000        1249.8109054369893     
   78.000000000000000        1226.0990590768342     
   79.000000000000000        1202.5721589639534     
   80.000000000000000        1179.2425430001977     
   81.000000000000000        1156.1216619642246     
   82.000000000000000        1133.2201167315484     
   83.000000000000000        1110.5476944076145     
   84.000000000000000        1088.1134033867531     
   85.000000000000000        1065.9255073509023     
   86.000000000000000        1043.9915582230069     
   87.000000000000000        1022.3184280908728     
   88.000000000000000        1000.9123401180074     
   89.000000000000000        979.77889845869538     
   90.000000000000000        958.92311719512668     
   91.000000000000000        938.34944831488667     
   92.000000000000000        918.06180874763095     
   93.000000000000000        898.06360648004681     
   94.000000000000000        878.35776576850947     
   95.000000000000000        858.94675146918178     
   96.000000000000000        839.83259250532444     
   97.000000000000000        821.01690449185321     
   98.000000000000000        802.50091153717074     
   99.000000000000000        784.28546724237697     
   100.00000000000000        766.37107491794620     
   101.00000000000000        748.75790703787834     
   102.00000000000000        731.44582395132340     
   103.00000000000000        714.43439187148135     
   104.00000000000000        697.72290016150623     
   105.00000000000000        681.31037793691962     
   106.00000000000000        665.19561000387614     
   107.00000000000000        649.37715215242827     
   108.00000000000000        633.85334582361497     
   109.00000000000000        618.62233216906372     
   110.00000000000000        603.68206552142954     
   111.00000000000000        589.03032629376276     
   112.00000000000000        574.66473332557018     
   113.00000000000000        560.58275569307159     
   114.00000000000000        546.78172400077767     
   115.00000000000000        533.25884117123519     
   116.00000000000000        520.01119274944404     
   117.00000000000000        507.03575673809701     
   118.00000000000000        494.32941297947536     
   119.00000000000000        481.88895209946617     
   120.00000000000000        469.71108402884647     
   121.00000000000000        457.79244611658379     
   122.00000000000000        446.12961084960949     
   123.00000000000000        434.71909319313181     
   124.00000000000000        423.55735756521369     
   125.00000000000000        412.64082445898208     
   126.00000000000000        401.96587672553079     
   127.00000000000000        391.52886553016810     
   128.00000000000000        381.32611599436711     
   129.00000000000000        371.35393253542384     
   130.00000000000000        361.60860391548249     
   131.00000000000000        352.08640801127086     
   132.00000000000000        342.78361631554799     
   133.00000000000000        333.69649818094655     
   134.00000000000000        324.82132481658090     
   135.00000000000000        316.15437304747701     
   136.00000000000000        307.69192884655337     
   137.00000000000000        299.43029064861020     
   138.00000000000000        291.36577245546363     
   139.00000000000000        283.49470674107198     
   140.00000000000000        275.81344716523989     
   141.00000000000000        268.31837110415808     
   142.00000000000000        261.00588200581916     
   143.00000000000000        253.87241157803331     
   144.00000000000000        246.91442181653949     
   145.00000000000000        240.12840688042988     
   146.00000000000000        233.51089482186791     
   147.00000000000000        227.05844917683282     
   148.00000000000000        220.76767042337926     
   149.00000000000000        214.63519731368419     
   150.00000000000000        208.65770808590406     
   151.00000000000000        202.83192156167758     
   152.00000000000000        197.15459813485816     
   153.00000000000000        191.62254065687796     
   154.00000000000000        186.23259522394207     
   155.00000000000000        180.98165187103552     
   156.00000000000000        175.86664517755560     
   157.00000000000000        170.88455478918684     
   158.00000000000000        166.03240586045362     
   159.00000000000000        161.30726942221608     
   160.00000000000000        156.70626267820708     
   161.00000000000000        152.22654923453331     
   162.00000000000000        147.86533926591619     
   163.00000000000000        143.61988962228779     
   164.00000000000000        139.48750387921248     
   165.00000000000000        135.46553233544461     
   166.00000000000000        131.55137196083024     
   167.00000000000000        127.74246629757354     
   168.00000000000000        124.03630531780284     
   169.00000000000000        120.43042524022458     
   170.00000000000000        116.92240830852988     
   171.00000000000000        113.50988253411109     
   172.00000000000000        110.19052140552141     
   173.00000000000000        106.96204356700996     
   174.00000000000000        103.82221246835050     
   175.00000000000000        100.76883598809225     
   176.00000000000000        97.799766032241109     
   177.00000000000000        94.912898110315055     
   178.00000000000000        92.106170890595251     
   179.00000000000000        89.377565736331235     
   180.00000000000000        86.725106224556129     
   181.00000000000000        84.146857649100781     
   182.00000000000000        81.640926509303824     
   183.00000000000000        79.205459985850666     
   184.00000000000000        76.838645405094923     
   185.00000000000000        74.538709693148334     
   186.00000000000000        72.303918820961655     
   187.00000000000000        70.132577241545860     
   188.00000000000000        68.023027320434053     
   189.00000000000000        65.973648760412871     
   190.00000000000000        63.982858021503496     
   191.00000000000000        62.049107737115307     
   192.00000000000000        60.170886127244010     
   193.00000000000000        58.346716409532682     
   194.00000000000000        56.575156208972032     
   195.00000000000000        54.854796966966113     
   196.00000000000000        53.184263350445242     
   197.00000000000000        51.562212661672824     
   198.00000000000000        49.987334249340464     
   199.00000000000000        48.458348921520653     
   200.00000000000000        46.974008361000863     
   201.00000000000000        45.533094543489987     
   202.00000000000000        44.134419159156842     
   203.00000000000000        42.776823037926583     
   204.00000000000000        41.459175578928097     
   205.00000000000000        40.180374184464519     
   206.00000000000000        38.939343698840638     
   207.00000000000000        37.735035852363517     
   208.00000000000000        36.566428710801929     
   209.00000000000000        35.432526130570615     
   210.00000000000000        34.332357219878546     
   211.00000000000000        33.264975806062601     
   212.00000000000000        32.229459909304410     
   213.00000000000000        31.224911222912503     
   214.00000000000000        30.250454600327405     
   215.00000000000000        29.305237548998271     
   216.00000000000000        28.388429731254046     
   217.00000000000000        27.499222472284099     
   218.00000000000000        26.636828275323627     
   219.00000000000000        25.800480344125805     
   220.00000000000000        24.989432112793438     
   221.00000000000000        24.202956783023243     
   222.00000000000000        23.440346868811211     
   223.00000000000000        22.700913748651175     
   224.00000000000000        21.983987225251532     
   225.00000000000000        21.288915092782741     
   226.00000000000000        20.615062711662596     
   227.00000000000000        19.961812590871450     
   228.00000000000000        19.328563977789159     
   229.00000000000000        18.714732455531603     
   230.00000000000000        18.119749547759618     
   231.00000000000000        17.543062330929327     
   232.00000000000000        16.984133053940987     
   233.00000000000000        16.442438765142924     
   234.00000000000000        15.917470946639739     
   235.00000000000000        15.408735155847072     
   236.00000000000000        14.915750674235419     
   237.00000000000000        14.438050163196001     
   238.00000000000000        13.975179326961815     
   239.00000000000000        13.526696582510382     
   240.00000000000000        13.092172736374948     
   241.00000000000000        12.671190668283415     
   242.00000000000000        12.263345021546170     
   243.00000000000000        11.868241900107973     
   244.00000000000000        11.485498572179445     
   245.00000000000000        11.114743180359246     
   246.00000000000000        10.755614458159553     
   247.00000000000000        10.407761452841793     
   248.00000000000000        10.070843254472690     
   249.00000000000000        9.7445287311058042     
   250.00000000000000        9.4284962699948878     
   251.00000000000000        9.1224335247443999     
   252.00000000000000        8.8260371683009513     
   253.00000000000000        8.5390126516899247     
   254.00000000000000        8.2610739684004280     
   255.00000000000000        7.9919434243224146     
   256.00000000000000        7.7313514131386611     
   257.00000000000000        7.4790361970751640     
   258.00000000000000        7.2347436929131455     
   259.00000000000000        6.9982272631663367     
   260.00000000000000        6.7692475123274241     
   261.00000000000000        6.5475720880880131     
   262.00000000000000        6.3329754874369071     
   263.00000000000000        6.1252388675421745     
   264.00000000000000        5.9241498613228947     
   265.00000000000000        5.7295023976176331     
   266.00000000000000        5.5410965258565614     
   267.00000000000000        5.3587382451465384     
   268.00000000000000        5.1822393376773279     
   269.00000000000000        5.0114172063598561     
   270.00000000000000        4.8460947166072676     
   271.00000000000000        4.6861000421709713     
   272.00000000000000        4.5312665149450133     
   273.00000000000000        4.3814324786526120     
   274.00000000000000        4.2364411463306482     
   275.00000000000000        4.0961404615284422     
   276.00000000000000        3.9603829631380671     
   277.00000000000000        3.8290256537757221     
   278.00000000000000        3.7019298716334719     
   279.00000000000000        3.5789611657229012     
   280.00000000000000        3.4599891744330540     
   281.00000000000000        3.3448875073261539     
   282.00000000000000        3.2335336300961690     
   283.00000000000000        3.1258087526161806     
   284.00000000000000        3.0215977200019806     
   285.00000000000000        2.9207889066206136     
   286.00000000000000        2.8232741129734089     
   287.00000000000000        2.7289484653850207     
   288.00000000000000        2.6377103184306163     
   289.00000000000000        2.5494611600347379     
   290.00000000000000        2.4641055191769410     
   291.00000000000000        2.3815508761401056     
   292.00000000000000        2.3017075752387672     
   293.00000000000000        2.2244887399660809     
   294.00000000000000        2.1498101904991609     
   295.00000000000000        2.0775903635035777     
   296.00000000000000        2.0077502341795168     
   297.00000000000000        1.9402132404925412     
   298.00000000000000        1.8749052095337964     
   299.00000000000000        1.8117542859551050     
   300.00000000000000        1.7506908624259550     
   301.00000000000000        1.6916475120601207     
   302.00000000000000        1.6345589227611710     
   303.00000000000000        1.5793618334370418     
   304.00000000000000        1.5259949720347330     
   305.00000000000000        1.4743989953478316     
   306.00000000000000        1.4245164305499249     
   307.00000000000000        1.3762916184086051     
   308.00000000000000        1.3296706581354611     
   309.00000000000000        1.2846013538286185     
   310.00000000000000        1.2410331624652076     
   311.00000000000000        1.1989171434025274     
   312.00000000000000        1.1582059093470056     
   313.00000000000000        1.1188535787517271     
   314.00000000000000        1.0808157296036098     
   315.00000000000000        1.0440493545627092     
   316.00000000000000        1.0085128174166167     
   317.00000000000000       0.97416581081425446     
   318.00000000000000       0.94096931524377558     
   319.00000000000000       0.90888555922052139     
   320.00000000000000       0.87787798065157241     
   321.00000000000000       0.84791118934437570     
   322.00000000000000       0.81895093062773727     
   323.00000000000000       0.79096405005414749     
   324.00000000000000       0.76391845915334089     
   325.00000000000000       0.73778310220763121     
   326.00000000000000       0.71252792402035714     
   327.00000000000000       0.68812383864950866     
   328.00000000000000       0.66454269907926866     
   329.00000000000000       0.64175726780299303     
   330.00000000000000       0.61974118829169600     
   331.00000000000000       0.59846895732295746     
   332.00000000000000       0.57791589814563948     
   333.00000000000000       0.55805813445660057     
   334.00000000000000       0.53887256516607218     
   335.00000000000000       0.52033683992910307     
   336.00000000000000       0.50242933542103019     
   337.00000000000000       0.48512913233542326     
   338.00000000000000       0.46841599308374021     
   339.00000000000000       0.45227034017623002     
   340.00000000000000       0.43667323526438517     
   341.00000000000000       0.42160635882561037     
   342.00000000000000       0.40705199047145235     
   343.00000000000000       0.39299298986106601     
   344.00000000000000       0.37941277820225583     
   345.00000000000000       0.36629532032280326     
   346.00000000000000       0.35362510729530999     
   347.00000000000000       0.34138713959922579     
   348.00000000000000       0.32956691080422346     
   349.00000000000000       0.31815039175944537     
   350.00000000000000       0.30712401527364319     
   351.00000000000000       0.29647466127163313     
   352.00000000000000       0.28618964241285549     
   353.00000000000000       0.27625669015827437     
   354.00000000000000       0.26666394127221510     
   355.00000000000000       0.25739992474612527     
   356.00000000000000       0.24845354913158554     
   357.00000000000000       0.23981409027029169     
   358.00000000000000       0.23147117940905151     
   359.00000000000000       0.22341479168819045     
   360.00000000000000       0.21563523499208018     
   361.00000000000000       0.20812313915084266     
   362.00000000000000       0.20086944548258384     
   363.00000000000000       0.19386539666581465     
   364.00000000000000       0.18710252693203061     
   365.00000000000000       0.18057265256868188     
   366.00000000000000       0.17426786272308736     
   367.00000000000000       0.16818051049807498     
   368.00000000000000       0.16230320433043985     
   369.00000000000000       0.15662879964354129     
   370.00000000000000       0.15115039076562634     
   371.00000000000000       0.14586130310571382     
   372.00000000000000       0.14075508557910243     
   373.00000000000000       0.13582550327482035     
   374.00000000000000       0.13106653035751820     
   375.00000000000000       0.12647234319659159     
   376.00000000000000       0.12203731371546334     
   377.00000000000000       0.11775600295421917     
   378.00000000000000       0.11362315483896228     
   379.00000000000000       0.10963369015145775     
   380.00000000000000       0.10578270069283410     
   381.00000000000000       0.10206544363528798     
   382.00000000000000        9.8477336055916118E-002
   383.00000000000000        9.5013949646996346E-002
   384.00000000000000        9.1671005597169217E-002
   385.00000000000000        8.8444369638185916E-002
   386.00000000000000        8.5330047252010946E-002
   387.00000000000000        8.2324179033245654E-002
   388.00000000000000        7.9423036201983821E-002
   389.00000000000000        7.6623016262354487E-002
   390.00000000000000        7.3920638802166649E-002
   391.00000000000000        7.1312541429190246E-002
   392.00000000000000        6.8795475839754927E-002
   393.00000000000000        6.6366304015472125E-002
   394.00000000000000        6.4021994544036148E-002
   395.00000000000000        6.1759619060140984E-002
   396.00000000000000        5.9576348802715444E-002
   397.00000000000000        5.7469451284770871E-002
   398.00000000000000        5.5436287072270364E-002
   399.00000000000000        5.3474306668553150E-002
   400.00000000000000        5.1581047500932009E-002
   401.00000000000000        4.9754131006211684E-002
   402.00000000000000        4.7991259811955789E-002
   403.00000000000000        4.6290215010436009E-002
   404.00000000000000        4.4648853522297895E-002
   405.00000000000000        4.3065105547056545E-002
   406.00000000000000        4.1536972097638993E-002
   407.00000000000000        4.0062522616264931E-002
   408.00000000000000        3.8639892669049533E-002
   409.00000000000000        3.7267281716791056E-002
   410.00000000000000        3.5942950959487414E-002
   411.00000000000000        3.4665221252193346E-002
   412.00000000000000        3.3432471089921909E-002
   413.00000000000000        3.2243134659348513E-002
   414.00000000000000        3.1095699955156080E-002
   415.00000000000000        2.9988706958926376E-002
   416.00000000000000        2.8920745878546764E-002
   417.00000000000000        2.7890455446165519E-002
   418.00000000000000        2.6896521272792497E-002
   419.00000000000000        2.5937674257703377E-002
   420.00000000000000        2.5012689050858489E-002
   421.00000000000000        2.4120382566609543E-002
   422.00000000000000        2.3259612547020799E-002
   423.00000000000000        2.2429276173181807E-002
   424.00000000000000        2.1628308722944595E-002
   425.00000000000000        2.0855682273564081E-002
   426.00000000000000        2.0110404447771943E-002
   427.00000000000000        1.9391517201859384E-002
   428.00000000000000        1.8698095654390106E-002
   429.00000000000000        1.8029246954210269E-002
   430.00000000000000        1.7384109186460835E-002
   431.00000000000000        1.6761850315346109E-002
   432.00000000000000        1.6161667162443372E-002
   433.00000000000000        1.5582784419386389E-002
   434.00000000000000        1.5024453693787035E-002
   435.00000000000000        1.4485952587297212E-002
   436.00000000000000        1.3966583804751104E-002
   437.00000000000000        1.3465674293358008E-002
   438.00000000000000        1.2982574410952871E-002
   439.00000000000000        1.2516657122341533E-002
   440.00000000000000        1.2067317222808854E-002
   441.00000000000000        1.1633970587889592E-002
   442.00000000000000        1.1216053448529719E-002
   443.00000000000000        1.0813021690794997E-002
   444.00000000000000        1.0424350179309309E-002
   445.00000000000000        1.0049532103635163E-002
   446.00000000000000        9.6880783468304629E-003
   447.00000000000000        9.3395168754434252E-003
   448.00000000000000        9.0033921502309950E-003
   449.00000000000000        8.6792645569075365E-003
   450.00000000000000        8.3667098562572057E-003
   451.00000000000000        8.0653186529595130E-003
   452.00000000000000        7.7746958825058608E-003
   453.00000000000000        7.4944603155981220E-003
   454.00000000000000        7.2242440794454167E-003
   455.00000000000000        6.9636921953925551E-003
   456.00000000000000        6.7124621323315101E-003
   457.00000000000000        6.4702233753667687E-003
   458.00000000000000        6.2366570092215997E-003
   459.00000000000000        6.0114553158902486E-003
   460.00000000000000        5.7943213860563057E-003
   461.00000000000000        5.5849687438140451E-003
   462.00000000000000        5.3831209842445504E-003
   463.00000000000000        5.1885114234137050E-003
   464.00000000000000        5.0008827603719476E-003
   465.00000000000000        4.8199867507521246E-003
   466.00000000000000        4.6455838915726256E-003
   467.00000000000000        4.4774431168672192E-003
   468.00000000000000        4.3153415037760247E-003
   469.00000000000000        4.1590639887428985E-003
   470.00000000000000        4.0084030934772891E-003
   471.00000000000000        3.8631586603496775E-003
   472.00000000000000        3.7231375969005915E-003
   473.00000000000000        3.5881536291541283E-003
   474.00000000000000        3.4580270634369924E-003
   475.00000000000000        3.3325845564140780E-003
   476.00000000000000        3.2116588930612821E-003
   477.00000000000000        3.0950887723056254E-003
   478.00000000000000        2.9827186000717892E-003
   479.00000000000000        2.8743982894824534E-003
   480.00000000000000        2.7699830679693721E-003
   481.00000000000000        2.6693332910587317E-003
   482.00000000000000        2.5723142626036797E-003
   483.00000000000000        2.4787960612438435E-003
   484.00000000000000        2.3886533728787224E-003
   485.00000000000000        2.3017653289500650E-003
   486.00000000000000        2.2180153503339566E-003
   487.00000000000000        2.1372909966512633E-003
   488.00000000000000        2.0594838208103068E-003
   489.00000000000000        1.9844892286030808E-003
   490.00000000000000        1.9122063431814217E-003
   491.00000000000000        1.8425378742460265E-003
   492.00000000000000        1.7753899917864117E-003
   493.00000000000000        1.7106722042156824E-003
   494.00000000000000        1.6482972407491502E-003
   495.00000000000000        1.5881809378806748E-003
   496.00000000000000        1.5302421298163716E-003
   497.00000000000000        1.4744025427288893E-003
   498.00000000000000        1.4205866927010540E-003
   499.00000000000000        1.3687217872318824E-003
   500.00000000000000        1.3187376301818897E-003
   501.00000000000000        1.2705665300393899E-003
   502.00000000000000        1.2241432113930058E-003
   503.00000000000000        1.1794047294998698E-003
   504.00000000000000        1.1362903878424334E-003
   505.00000000000000        1.0947416585708248E-003
   506.00000000000000        1.0547021057308069E-003
   507.00000000000000        1.0161173111810486E-003
   508.00000000000000        9.7893480310672055E-004
   509.00000000000000        9.4310398703937811E-004
   510.00000000000000        9.0857607929637429E-004
   511.00000000000000        8.7530404275599854E-004
   512.00000000000000        8.4324252488720999E-004
   513.00000000000000        8.1234779795592708E-004
   514.00000000000000        7.8257770133207348E-004
   515.00000000000000        7.5389158582472567E-004
   516.00000000000000        7.2625025997460056E-004
   517.00000000000000        6.9961593823609581E-004
   518.00000000000000        6.7395219098298411E-004
   519.00000000000000        6.4922389627436840E-004
   520.00000000000000        6.2539719331968565E-004
   521.00000000000000        6.0243943758344590E-004
   522.00000000000000        5.8031915747273801E-004
   523.00000000000000        5.5900601255213665E-004
   524.00000000000000        5.3847075323292773E-004
   525.00000000000000        5.1868518188507434E-004
   526.00000000000000        4.9962211532229481E-004
   527.00000000000000        4.8125534861232546E-004
   528.00000000000000        4.6355962016603224E-004
   529.00000000000000        4.4651057806067724E-004
   530.00000000000000        4.3008474755415796E-004
   531.00000000000000        4.1425949974859341E-004
   532.00000000000000        3.9901302136298607E-004
   533.00000000000000        3.8432428557612814E-004
   534.00000000000000        3.7017302390227063E-004
   535.00000000000000        3.5653969906333024E-004
   536.00000000000000        3.4340547882271745E-004
   537.00000000000000        3.3075221074704099E-004
   538.00000000000000        3.1856239786310931E-004
   539.00000000000000        3.0681917517880690E-004
   540.00000000000000        2.9550628703751400E-004
   541.00000000000000        2.8460806527674223E-004
   542.00000000000000        2.7410940816275232E-004
   543.00000000000000        2.6399576007382999E-004
   544.00000000000000        2.5425309190590126E-004
   545.00000000000000        2.4486788217503426E-004
   546.00000000000000        2.3582709879233058E-004
   547.00000000000000        2.2711818148745048E-004
   548.00000000000000        2.1872902485799335E-004
   549.00000000000000        2.1064796202259429E-004
   550.00000000000000        2.0286374885648202E-004
   551.00000000000000        1.9536554878892972E-004
   552.00000000000000        1.8814291814278435E-004
   553.00000000000000        1.8118579199688951E-004
   554.00000000000000        1.7448447055297476E-004
   555.00000000000000        1.6802960598914728E-004
   556.00000000000000        1.6181218978279330E-004
   557.00000000000000        1.5582354048629602E-004
   558.00000000000000        1.5005529193952180E-004
   559.00000000000000        1.4449938190364245E-004
   560.00000000000000        1.3914804110134885E-004
   561.00000000000000        1.3399378264907272E-004
   562.00000000000000        1.2902939186731698E-004
   563.00000000000000        1.2424791645569027E-004
   564.00000000000000        1.1964265701972143E-004
   565.00000000000000        1.1520715793695079E-004
   566.00000000000000        1.1093519855027652E-004
   567.00000000000000        1.0682078467692567E-004
   568.00000000000000        1.0285814042184032E-004
   569.00000000000000        9.9041700284667618E-005
   570.00000000000000        9.5366101549899655E-005
   571.00000000000000        9.1826176950123335E-005
   572.00000000000000        8.8416947592632387E-005
   573.00000000000000        8.5133616140055480E-005
   574.00000000000000        8.1971560235949881E-005
   575.00000000000000        7.8926326166620943E-005
   576.00000000000000        7.5993622750774196E-005
   577.00000000000000        7.3169315448884167E-005
   578.00000000000000        7.0449420684407478E-005
   579.00000000000000        6.7830100369338254E-005
   580.00000000000000        6.5307656626780038E-005
   581.00000000000000        6.2878526703508651E-005
   582.00000000000000        6.0539278065758520E-005
   583.00000000000000        5.8286603671672272E-005
   584.00000000000000        5.6117317414107515E-005
   585.00000000000000        5.4028349727720855E-005
   586.00000000000000        5.2016743354438115E-005
   587.00000000000000        5.0079649261669241E-005
   588.00000000000000        4.8214322707782103E-005
   589.00000000000000        4.6418119449581162E-005
   590.00000000000000        4.4688492086699205E-005
   591.00000000000000        4.3022986537999176E-005
   592.00000000000000        4.1419238645262939E-005
   593.00000000000000        3.9874970899598875E-005
   594.00000000000000        3.8387989286174366E-005
   595.00000000000000        3.6956180243026786E-005
   596.00000000000000        3.5577507729864284E-005
   597.00000000000000        3.4250010402901650E-005
   598.00000000000000        3.2971798891942657E-005
   599.00000000000000        3.1741053176013838E-005
   600.00000000000000        3.0556020054030848E-005
   601.00000000000000        2.9415010707072645E-005
   602.00000000000000        2.8316398348970530E-005
   603.00000000000000        2.7258615962043302E-005
   604.00000000000000        2.6240154114908497E-005
   605.00000000000000        2.5259558859425960E-005
   606.00000000000000        2.4315429703917671E-005
   607.00000000000000        2.3406417659921390E-005
   608.00000000000000        2.2531223359833797E-005
   609.00000000000000        2.1688595242883361E-005
   610.00000000000000        2.0877327806975148E-005
   611.00000000000000        2.0096259924032044E-005
   612.00000000000000        1.9344273216543333E-005
   613.00000000000000        1.8620290493113001E-005
   614.00000000000000        1.7923274240880277E-005
   615.00000000000000        1.7252225172757278E-005
   616.00000000000000        1.6606180827509148E-005
   617.00000000000000        1.5984214220765701E-005
   618.00000000000000        1.5385432545124731E-005
   619.00000000000000        1.4808975917574995E-005
   620.00000000000000        1.4254016172528390E-005
   621.00000000000000        1.3719755698811706E-005
   622.00000000000000        1.3205426319027424E-005
   623.00000000000000        1.2710288209753313E-005
   624.00000000000000        1.2233628861101872E-005
   625.00000000000000        1.1774762074213561E-005
   626.00000000000000        1.1333026995313721E-005
   627.00000000000000        1.0907787185005100E-005
   628.00000000000000        1.0498429721523515E-005
   629.00000000000000        1.0104364336722284E-005
   630.00000000000000        9.7250225836013497E-006
   631.00000000000000        9.3598570342372892E-006
   632.00000000000000        9.0083405070096065E-006
   633.00000000000000        8.6699653220640266E-006
   634.00000000000000        8.3442425839843621E-006
   635.00000000000000        8.0307014906872268E-006
   636.00000000000000        7.7288886675882029E-006
   637.00000000000000        7.4383675261195180E-006
   638.00000000000000        7.1587176457165773E-006
   639.00000000000000        6.8895341784185367E-006
   640.00000000000000        6.6304272752632629E-006
   641.00000000000000        6.3810215336818205E-006
   642.00000000000000        6.1409554651304387E-006
   643.00000000000000        5.9098809822230913E-006
   644.00000000000000        5.6874629046550109E-006
   645.00000000000000        5.4733784832329052E-006
   646.00000000000000        5.2673169413539953E-006
   647.00000000000000        5.0689790332962055E-006
   648.00000000000000        4.8780766187088417E-006
   649.00000000000000        4.6943322527128432E-006
   650.00000000000000        4.5174787910416098E-006
   651.00000000000000        4.3472590096739000E-006
   652.00000000000000        4.1834252384305256E-006
   653.00000000000000        4.0257390080259907E-006
   654.00000000000000        3.8739707100825031E-006
   655.00000000000000        3.7278992696354010E-006
   656.00000000000000        3.5873118296723726E-006
   657.00000000000000        3.4520034472674126E-006
   658.00000000000000        3.3217768008870025E-006
   659.00000000000000        3.1964419084582978E-006
   660.00000000000000        3.0758158558085568E-006
   661.00000000000000        2.9597225350940100E-006
   662.00000000000000        2.8479923928557527E-006
   663.00000000000000        2.7404621873477473E-006
   664.00000000000000        2.6369747547999998E-006
   665.00000000000000        2.5373787842887901E-006
   666.00000000000000        2.4415286008990825E-006
   667.00000000000000        2.3492839568758129E-006
   668.00000000000000        2.2605098304712723E-006
   669.00000000000000        2.1750762322068720E-006
   670.00000000000000        2.0928580182774336E-006
   671.00000000000000        2.0137347108363284E-006
   672.00000000000000        1.9375903249093394E-006
   673.00000000000000        1.8643132016942911E-006
   674.00000000000000        1.7937958480117518E-006
   675.00000000000000        1.7259347816818725E-006
   676.00000000000000        1.6606303826092021E-006
   677.00000000000000        1.5977867493667823E-006
   678.00000000000000        1.5373115610768761E-006
   679.00000000000000        1.4791159443942148E-006
   680.00000000000000        1.4231143454045300E-006
   681.00000000000000        1.3692244062574182E-006
   682.00000000000000        1.3173668463597121E-006
   683.00000000000000        1.2674653479620246E-006
   684.00000000000000        1.2194464459763750E-006
   685.00000000000000        1.1732394218699031E-006
   686.00000000000000        1.1287762014843858E-006
   687.00000000000000        1.0859912566372200E-006
   688.00000000000000        1.0448215103648544E-006
   689.00000000000000        1.0052062456743037E-006
   690.00000000000000        9.6708701767393990E-007
   691.00000000000000        9.3040756895888529E-007
   692.00000000000000        8.9511374813120457E-007
   693.00000000000000        8.6115343133941485E-007
   694.00000000000000        8.2847644672606859E-007
   695.00000000000000        7.9703450167615269E-007
   696.00000000000000        7.6678111276313963E-007
   697.00000000000000        7.3767153829317561E-007
   698.00000000000000        7.0966271335143165E-007
   699.00000000000000        6.8271318725873354E-007
   700.00000000000000        6.5678306334887188E-007
   701.00000000000000        6.3183394098167552E-007
   702.00000000000000        6.0782885970866440E-007
   703.00000000000000        5.8473224551223149E-007
   704.00000000000000        5.6250985904151128E-007
   705.00000000000000        5.4112874577142592E-007
   706.00000000000000        5.2055718801353279E-007
   707.00000000000000        5.0076465871049743E-007
   708.00000000000000        4.8172177694812748E-007
   709.00000000000000        4.6340026512152809E-007
   710.00000000000000        4.4577290769408125E-007
   711.00000000000000        4.2881351149051722E-007
   712.00000000000000        4.1249686746716100E-007
   713.00000000000000        3.9679871390474770E-007
   714.00000000000000        3.8169570097112868E-007
   715.00000000000000        3.6716535660321299E-007
   716.00000000000000        3.5318605365918569E-007
   717.00000000000000        3.3973697829404425E-007
   718.00000000000000        3.2679809951309219E-007
   719.00000000000000        3.1435013985972572E-007
   720.00000000000000        3.0237454719551898E-007
   721.00000000000000        2.9085346753204820E-007
   722.00000000000000        2.7976971887553995E-007
   723.00000000000000        2.6910676604669764E-007
   724.00000000000000        2.5884869643959565E-007
   725.00000000000000        2.4898019668474167E-007
   726.00000000000000        2.3948653018283349E-007
   727.00000000000000        2.3035351547677352E-007
   728.00000000000000        2.2156750543095723E-007
   729.00000000000000        2.1311536718772293E-007
   730.00000000000000        2.0498446287222396E-007
   731.00000000000000        1.9716263101779353E-007
   732.00000000000000        1.8963816868515015E-007
   733.00000000000000        1.8239981424957053E-007
   734.00000000000000        1.7543673083123497E-007
   735.00000000000000        1.6873849034483353E-007
   736.00000000000000        1.6229505814538467E-007
   737.00000000000000        1.5609677824812140E-007
   738.00000000000000        1.5013435910104798E-007
   739.00000000000000        1.4439885988962919E-007
   740.00000000000000        1.3888167735381416E-007
   741.00000000000000        1.3357453309827621E-007
   742.00000000000000        1.2846946137757223E-007
   743.00000000000000        1.2355879733846693E-007
   744.00000000000000        1.1883516570245667E-007
   745.00000000000000        1.1429146987202855E-007
   746.00000000000000        1.0992088144491843E-007
   747.00000000000000        1.0571683012114687E-007
   748.00000000000000        1.0167299398815594E-007
   749.00000000000000        9.7783290170000203E-008
   750.00000000000000        9.4041865826992296E-008
   751.00000000000000        9.0443089492721424E-008
   752.00000000000000        8.6981542735868896E-008
   753.00000000000000        8.3652012134705109E-008
   754.00000000000000        8.0449481552587426E-008
   755.00000000000000        7.7369124703230003E-008
   756.00000000000000        7.4406297994920562E-008
   757.00000000000000        7.1556533643278454E-008
   758.00000000000000        6.8815533042499533E-008
   759.00000000000000        6.6179160385461412E-008
   760.00000000000000        6.3643436523373230E-008
   761.00000000000000        6.1204533056007868E-008
   762.00000000000000        5.8858766643923707E-008
   763.00000000000000        5.6602593534353481E-008
   764.00000000000000        5.4432604292778210E-008
   765.00000000000000        5.2345518732495428E-008
   766.00000000000000        5.0338181034774956E-008
   767.00000000000000        4.8407555052457213E-008
   768.00000000000000        4.6550719790161498E-008
   769.00000000000000        4.4764865054447269E-008
   770.00000000000000        4.3047287267613903E-008
   771.00000000000000        4.1395385438973384E-008
   772.00000000000000        3.9806657287724824E-008
   773.00000000000000        3.8278695511733559E-008
   774.00000000000000        3.6809184196758952E-008
   775.00000000000000        3.5395895360866771E-008
   776.00000000000000        3.4036685628954062E-008
   777.00000000000000        3.2729493032516069E-008
   778.00000000000000        3.1472333929953008E-008
   779.00000000000000        3.0263300042904939E-008
   780.00000000000000        2.9100555604250809E-008
   781.00000000000000        2.7982334613593472E-008
   782.00000000000000        2.6906938196194848E-008
   783.00000000000000        2.5872732061474128E-008
   784.00000000000000        2.4878144057336635E-008
   785.00000000000000        2.3921661816738075E-008
   786.00000000000000        2.3001830493012915E-008
   787.00000000000000        2.2117250580642464E-008
   788.00000000000000        2.1266575818243983E-008
   789.00000000000000        2.0448511170701951E-008
   790.00000000000000        1.9661810887459414E-008
   791.00000000000000        1.8905276634111580E-008
   792.00000000000000        1.8177755694544895E-008
   793.00000000000000        1.7478139240969959E-008
   794.00000000000000        1.6805360669294402E-008
   795.00000000000000        1.6158393997380555E-008
   796.00000000000000        1.5536252323817842E-008
   797.00000000000000        1.4937986344940506E-008
   798.00000000000000        1.4362682927891272E-008
   799.00000000000000        1.3809463737626651E-008
   800.00000000000000        1.3277483915832706E-008
   801.00000000000000        1.2765930809793441E-008
   802.00000000000000        1.2274022749336807E-008
   803.00000000000000        1.1801007870042063E-008
   804.00000000000000        1.1346162980968727E-008
   805.00000000000000        1.0908792475230322E-008
   806.00000000000000        1.0488227281795861E-008
   807.00000000000000        1.0083823856968114E-008
   808.00000000000000        9.6949632140405141E-009
   809.00000000000000        9.3210499896962485E-009
   810.00000000000000        8.9615115457611461E-009
   811.00000000000000        8.6157971049782400E-009
   812.00000000000000        8.2833769195223821E-009
   813.00000000000000        7.9637414710162792E-009
   814.00000000000000        7.6564007008621749E-009
   815.00000000000000        7.3608832697444246E-009
   816.00000000000000        7.0767358452001939E-009
   817.00000000000000        6.8035224162018113E-009
   818.00000000000000        6.5408236337274404E-009
   819.00000000000000        6.2882361763415176E-009
   820.00000000000000        6.0453721398373169E-009
   821.00000000000000        5.8118584500368606E-009
   822.00000000000000        5.5873362978682723E-009
   823.00000000000000        5.3714605958820982E-009
   824.00000000000000        5.1638994553955016E-009
   825.00000000000000        4.9643336834842004E-009
   826.00000000000000        4.7724562990708151E-009
   827.00000000000000        4.5879720673905762E-009
   828.00000000000000        4.4105970521348361E-009
   829.00000000000000        4.2400581846082283E-009
   830.00000000000000        4.0760928492520213E-009
   831.00000000000000        3.9184484849170793E-009
   832.00000000000000        3.7668822012884500E-009
   833.00000000000000        3.6211604098897462E-009
   834.00000000000000        3.4810584691134539E-009
   835.00000000000000        3.3463603427480080E-009
   836.00000000000000        3.2168582714887886E-009
   837.00000000000000        3.0923524569425731E-009
   838.00000000000000        2.9726507576513775E-009
   839.00000000000000        2.8575683966805676E-009
   840.00000000000000        2.7469276803327650E-009
   841.00000000000000        2.6405577275661524E-009
   842.00000000000000        2.5382942097112183E-009
   843.00000000000000        2.4399791000957017E-009
   844.00000000000000        2.3454604332015070E-009
   845.00000000000000        2.2545920729926961E-009
   846.00000000000000        2.1672334900664021E-009
   847.00000000000000        2.0832495472917620E-009
   848.00000000000000        2.0025102936149416E-009
   849.00000000000000        1.9248907657207257E-009
   850.00000000000000        1.8502707972516869E-009
   851.00000000000000        1.7785348352987960E-009
   852.00000000000000        1.7095717638867948E-009
   853.00000000000000        1.6432747341891262E-009
   854.00000000000000        1.5795410012167192E-009
   855.00000000000000        1.5182717667343701E-009
   856.00000000000000        1.4593720281688875E-009
   857.00000000000000        1.4027504332804103E-009
   858.00000000000000        1.3483191403785537E-009
   859.00000000000000        1.2959936838723838E-009
   860.00000000000000        1.2456928449513511E-009
   861.00000000000000        1.1973385272023639E-009
   862.00000000000000        1.1508556369749297E-009
   863.00000000000000        1.1061719683142065E-009
   864.00000000000000        1.0632180922877445E-009
   865.00000000000000        1.0219272505392411E-009
   866.00000000000000        9.8223525290797831E-010
   867.00000000000000        9.4408037895966523E-010
   868.00000000000000        9.0740328327946778E-010
   869.00000000000000        8.7214690438419505E-010
   870.00000000000000        8.3825637711575682E-010
   871.00000000000000        8.0567894838341842E-010
   872.00000000000000        7.7436389612717739E-010
   873.00000000000000        7.4426245137966408E-010
   874.00000000000000        7.1532772330854650E-010
   875.00000000000000        6.8751462712573843E-010
   876.00000000000000        6.6077981475428473E-010
   877.00000000000000        6.3508160814781065E-010
   878.00000000000000        6.1037993516133097E-010
   879.00000000000000        5.8663626787617157E-010
   880.00000000000000        5.6381356328557895E-010
   881.00000000000000        5.4187620625071171E-010
   882.00000000000000        5.2078995464068538E-010
   883.00000000000000        5.0052188657310631E-010
   884.00000000000000        4.8104034967520943E-010
   885.00000000000000        4.6231491228826786E-010
   886.00000000000000        4.4431631654122742E-010
   887.00000000000000        4.2701643322219777E-010
   888.00000000000000        4.1038821837914388E-010
   889.00000000000000        3.9440567158373880E-010
   890.00000000000000        3.7904379579496960E-010
   891.00000000000000        3.6427855876121959E-010
   892.00000000000000        3.5008685590220091E-010
   893.00000000000000        3.3644647461417037E-010
   894.00000000000000        3.2333605994398593E-010
   895.00000000000000        3.1073508157976727E-010
   896.00000000000000        2.9862380210778919E-010
   897.00000000000000        2.8698324648719806E-010
   898.00000000000000        2.7579517269607977E-010
   899.00000000000000        2.6504204350393158E-010
   900.00000000000000        2.5470699932761628E-010
   901.00000000000000        2.4477383212926596E-010
   902.00000000000000        2.3522696031627564E-010
   903.00000000000000        2.2605140460511854E-010
   904.00000000000000        2.1723276481201894E-010
   905.00000000000000        2.0875719753505120E-010
   906.00000000000000        2.0061139469354634E-010
   907.00000000000000        1.9278256289197524E-010
   908.00000000000000        1.8525840357673194E-010
   909.00000000000000        1.7802709395549346E-010
   910.00000000000000        1.7107726864990533E-010
   911.00000000000000        1.6439800205352437E-010
   912.00000000000000        1.5797879136801096E-010
   913.00000000000000        1.5180954029155403E-010
   914.00000000000000        1.4588054333458541E-010
   915.00000000000000        1.4018247073866540E-010
   916.00000000000000        1.3470635397551056E-010
   917.00000000000000        1.2944357180384949E-010
   918.00000000000000        1.2438583686275566E-010
   919.00000000000000        1.1952518278088292E-010
   920.00000000000000        1.1485395178179296E-010
   921.00000000000000        1.1036478276638937E-010
   922.00000000000000        1.0605059985410886E-010
   923.00000000000000        1.0190460136529793E-010
   924.00000000000000        9.7920249227837340E-011
   925.00000000000000        9.4091258791729368E-011
   926.00000000000000        9.0411589035987211E-011
   927.00000000000000        8.6875433152777954E-011
   928.00000000000000        8.3477209494321134E-011
   929.00000000000000        8.0211552868607101E-011
   930.00000000000000        7.7073306170577962E-011
   931.00000000000000        7.4057512335828064E-011
   932.00000000000000        7.1159406604477557E-011
   933.00000000000000        6.8374409083295586E-011
   934.00000000000000        6.5698117594583016E-011
   935.00000000000000        6.3126300800837846E-011
   936.00000000000000        6.0654891594571458E-011
   937.00000000000000        5.8279980743091001E-011
   938.00000000000000        5.5997810778453357E-011
   939.00000000000000        5.3804770123151385E-011
   940.00000000000000        5.1697387442474067E-011
   941.00000000000000        4.9672326214822909E-011
   942.00000000000000        4.7726379511591806E-011
   943.00000000000000        4.5856464978562295E-011
   944.00000000000000        4.4059620011039592E-011
   945.00000000000000        4.2332997115299241E-011
   946.00000000000000        4.0673859449149332E-011
   947.00000000000000        3.9079576534730380E-011
   948.00000000000000        3.7547620136911056E-011
   949.00000000000000        3.6075560300915701E-011
   950.00000000000000        3.4661061543033608E-011
   951.00000000000000        3.3301879188535564E-011
   952.00000000000000        3.1995855851109905E-011
   953.00000000000000        3.0740918048377414E-011
   954.00000000000000        2.9535072948233572E-011
   955.00000000000000        2.8376405240986459E-011
   956.00000000000000        2.7263074132429883E-011
   957.00000000000000        2.6193310453203540E-011
   958.00000000000000        2.5165413879946493E-011
   959.00000000000000        2.4177750263941828E-011
   960.00000000000000        2.3228749063098641E-011
   961.00000000000000        2.2316900873300362E-011
   962.00000000000000        2.1440755055268863E-011
   963.00000000000000        2.0598917453275321E-011
   964.00000000000000        1.9790048202146006E-011
   965.00000000000000        1.9012859619158075E-011
   966.00000000000000        1.8266114177551664E-011
   967.00000000000000        1.7548622558502785E-011
   968.00000000000000        1.6859241778536985E-011
   969.00000000000000        1.6196873389461041E-011
   970.00000000000000        1.5560461748023832E-011
   971.00000000000000        1.4948992352602312E-011
   972.00000000000000        1.4361490244335921E-011
   973.00000000000000        1.3797018470208962E-011
   974.00000000000000        1.3254676605696264E-011
   975.00000000000000        1.2733599334667102E-011
   976.00000000000000        1.2232955084334890E-011
   977.00000000000000        1.1751944713126624E-011
   978.00000000000000        1.1289800249427108E-011
   979.00000000000000        1.0845783679229341E-011
   980.00000000000000        1.0419185780801181E-011
   981.00000000000000        1.0009325004554070E-011
   982.00000000000000        9.6155463963584255E-012
   983.00000000000000        9.2372205626333453E-012
   984.00000000000000        8.8737426755892552E-012
   985.00000000000000        8.5245315170729209E-012
   986.00000000000000        8.1890285595203103E-012
   987.00000000000000        7.8666970825831459E-012
   988.00000000000000        7.5570213240448855E-012
   989.00000000000000        7.2595056637038810E-012
   990.00000000000000        6.9736738389441664E-012
   991.00000000000000        6.6990681907678818E-012
   992.00000000000000        6.4352489391108077E-012
   993.00000000000000        6.1817934863066232E-012
   994.00000000000000        5.9382957476089280E-012
   995.00000000000000        5.7043655077248282E-012
   996.00000000000000        5.4796278023502852E-012
   997.00000000000000        5.2637223237406424E-012
   998.00000000000000        5.0563028493836121E-012
   999.00000000000000        4.8570366928807563E-012
   1000.0000000000000        4.6656041761747070E-012
