# Recoil energy (kev)        Event rate (events/gev)
   1.0000000000000000       0.98491739001779743     
   2.0000000000000000        3.8411804667990177     
   3.0000000000000000        8.4253969050822342     
   4.0000000000000000        14.599403314401762     
   5.0000000000000000        22.230288389240389     
   6.0000000000000000        31.190396112620064     
   7.0000000000000000        41.357310904921292     
   8.0000000000000000        52.613826484292623     
   9.0000000000000000        64.847900086306566     
   10.000000000000000        77.952593578251381     
   11.000000000000000        91.826002897318489     
   12.000000000000000        106.37117714169017     
   13.000000000000000        121.49602854887613     
   14.000000000000000        137.11323450633168     
   15.000000000000000        153.14013265517559     
   16.000000000000000        169.49861006845435     
   17.000000000000000        186.11498741066652     
   18.000000000000000        202.91989891491374     
   19.000000000000000        219.84816894789631     
   20.000000000000000        236.83868587080428     
   21.000000000000000        253.83427384576575     
   22.000000000000000        270.78156318272460     
   23.000000000000000        287.63085977025230     
   24.000000000000000        304.33601408565590     
   25.000000000000000        320.85429023468430     
   26.000000000000000        337.14623542898380     
   27.000000000000000        353.17555027006682     
   28.000000000000000        368.90896017177914     
   29.000000000000000        384.31608821894326     
   30.000000000000000        399.36932972789646     
   31.000000000000000        414.04372874488047     
   32.000000000000000        428.31685669058675     
   33.000000000000000        442.16869333345306     
   34.000000000000000        455.58151025048380     
   35.000000000000000        468.53975691229499     
   36.000000000000000        481.02994950864871     
   37.000000000000000        493.04056261189430     
   38.000000000000000        504.56192375831461     
   39.000000000000000        515.58611101137808     
   40.000000000000000        526.10685355615908     
   41.000000000000000        536.11943536069327     
   42.000000000000000        545.62060192766523     
   43.000000000000000        554.60847014854153     
   44.000000000000000        563.08244126196576     
   45.000000000000000        571.04311690890870     
   46.000000000000000        578.49221826856456     
   47.000000000000000        585.43250825137761     
   48.000000000000000        591.86771671868394     
   49.000000000000000        597.80246869229825     
   50.000000000000000        603.24221551189009     
   51.000000000000000        608.19316889312142     
   52.000000000000000        612.66223783521525     
   53.000000000000000        616.65696832288586     
   54.000000000000000        620.18548576429680     
   55.000000000000000        623.25644010391420     
   56.000000000000000        625.87895354676493     
   57.000000000000000        628.06257082862589     
   58.000000000000000        629.81721196507567     
   59.000000000000000        631.15312741104299     
   60.000000000000000        632.08085556156561     
   61.000000000000000        632.61118252371693     
   62.000000000000000        632.75510408933928     
   63.000000000000000        632.52378983792801     
   64.000000000000000        631.92854929911891     
   65.000000000000000        630.98080010442118     
   66.000000000000000        629.69203805825316     
   67.000000000000000        628.07380905889659     
   68.000000000000000        626.13768280069962     
   69.000000000000000        623.89522818969010     
   70.000000000000000        621.35799040572635     
   71.000000000000000        618.53746954534677     
   72.000000000000000        615.44510078065787     
   73.000000000000000        612.09223597078949     
   74.000000000000000        608.49012666377371     
   75.000000000000000        604.64990842802911     
   76.000000000000000        600.58258645405795     
   77.000000000000000        596.29902236838882     
   78.000000000000000        591.80992220329438     
   79.000000000000000        587.12582546729323     
   80.000000000000000        582.25709526301773     
   81.000000000000000        577.21390940049798     
   82.000000000000000        572.00625245554579     
   83.000000000000000        566.64390872439674     
   84.000000000000000        561.13645602738723     
   85.000000000000000        555.49326031593898     
   86.000000000000000        549.72347103870140     
   87.000000000000000        543.83601722420269     
   88.000000000000000        537.83960423889380     
   89.000000000000000        531.74271118095476     
   90.000000000000000        525.55358887169427     
   91.000000000000000        519.28025840786256     
   92.000000000000000        512.93051023957878     
   93.000000000000000        506.51190374002567     
   94.000000000000000        500.03176723438230     
   95.000000000000000        493.49719845687059     
   96.000000000000000        486.91506540606747     
   97.000000000000000        480.29200756991992     
   98.000000000000000        473.63443749319543     
   99.000000000000000        466.94854266124884     
   100.00000000000000        460.24028767526431     
   101.00000000000000        453.51541669520179     
   102.00000000000000        446.77945612786669     
   103.00000000000000        440.03771753856938     
   104.00000000000000        433.29530076592067     
   105.00000000000000        426.55709722031656     
   106.00000000000000        419.82779334767292     
   107.00000000000000        413.11187424091179     
   108.00000000000000        406.41362738263757     
   109.00000000000000        399.73714650332545     
   110.00000000000000        393.08633554021912     
   111.00000000000000        386.46491268294182     
   112.00000000000000        379.87641449265004     
   113.00000000000000        373.32420008230520     
   114.00000000000000        366.81145534639995     
   115.00000000000000        360.34119722915614     
   116.00000000000000        353.91627802092444     
   117.00000000000000        347.53938967315264     
   118.00000000000000        341.21306812290811     
   119.00000000000000        334.93969761855766     
   120.00000000000000        328.72151503877785     
   121.00000000000000        322.56061419759919     
   122.00000000000000        316.45895012873683     
   123.00000000000000        310.41834334295214     
   124.00000000000000        304.44048405265045     
   125.00000000000000        298.52693635839915     
   126.00000000000000        292.67914239247716     
   127.00000000000000        286.89842641496290     
   128.00000000000000        281.18599885827842     
   129.00000000000000        275.54296031647323     
   130.00000000000000        269.97030547588122     
   131.00000000000000        264.46892698412171     
   132.00000000000000        259.03961925473379     
   133.00000000000000        253.68308220502934     
   134.00000000000000        248.39992492502984     
   135.00000000000000        243.19066927564663     
   136.00000000000000        238.05575341446612     
   137.00000000000000        232.99553524779319     
   138.00000000000000        228.01029580779434     
   139.00000000000000        223.10024255380415     
   140.00000000000000        218.26551259706443     
   141.00000000000000        213.50617584832952     
   142.00000000000000        208.82223808796920     
   143.00000000000000        204.21364395834001     
   144.00000000000000        199.68027987837172     
   145.00000000000000        195.22197688042374     
   146.00000000000000        190.83851336963363     
   147.00000000000000        186.52961780607433     
   148.00000000000000        182.29497131015734     
   149.00000000000000        178.13421019183195     
   150.00000000000000        174.04692840420898     
   151.00000000000000        170.03267992234601     
   152.00000000000000        166.09098104799173     
   153.00000000000000        162.22131264117132     
   154.00000000000000        158.42312227956992     
   155.00000000000000        154.69582634670806     
   156.00000000000000        151.03881204998186     
   157.00000000000000        147.45143936967915     
   158.00000000000000        143.93304294012376     
   159.00000000000000        140.48293386414318     
   160.00000000000000        137.10040146209403     
   161.00000000000000        133.78471495669382     
   162.00000000000000        130.53512509495116     
   163.00000000000000        127.35086570849194     
   164.00000000000000        124.23115521361170     
   165.00000000000000        121.17519805237589     
   166.00000000000000        118.18218607613611     
   167.00000000000000        115.25129987279689     
   168.00000000000000        112.38171003920149     
   169.00000000000000        109.57257840000044     
   170.00000000000000        106.82305917435735     
   171.00000000000000        104.13230009185557     
   172.00000000000000        101.49944345895665     
   173.00000000000000        98.923627177356892     
   174.00000000000000        96.403985715582650     
   175.00000000000000        93.939651035151627     
   176.00000000000000        91.529753472610338     
   177.00000000000000        89.173422578759528     
   178.00000000000000        86.869787916347278     
   179.00000000000000        84.617979817505073     
   180.00000000000000        82.417130102181247     
   181.00000000000000        80.266372758808856     
   182.00000000000000        78.164844588425254     
   183.00000000000000        76.111685813443430     
   184.00000000000000        74.106040652251053     
   185.00000000000000        72.147057860796565     
   186.00000000000000        70.233891242298014     
   187.00000000000000        68.365700126187107     
   188.00000000000000        66.541649817383046     
   189.00000000000000        64.760912016961655     
   190.00000000000000        63.022665215269946     
   191.00000000000000        61.326095058506226     
   192.00000000000000        59.670394689767598     
   193.00000000000000        58.054765065541496     
   194.00000000000000        56.478415248593642     
   195.00000000000000        54.940562678183284     
   196.00000000000000        53.440433418511056     
   197.00000000000000        51.977262386286377     
   198.00000000000000        50.550293558269168     
   199.00000000000000        49.158780159627149     
   200.00000000000000        47.801984833922170     
   201.00000000000000        46.479179795515719     
   202.00000000000000        45.189646965164513     
   203.00000000000000        43.932678089552340     
   204.00000000000000        42.707574845481865     
   205.00000000000000        41.513648929432499     
   206.00000000000000        40.350222133163811     
   207.00000000000000        39.216626406025512     
   208.00000000000000        38.112203904615399     
   209.00000000000000        37.036307030404153     
   210.00000000000000        35.988298455925417     
   211.00000000000000        34.967551140113876     
   212.00000000000000        33.973448333348486     
   213.00000000000000        33.005383572745906     
   214.00000000000000        32.062760668223611     
   215.00000000000000        31.144993679841409     
   216.00000000000000        30.251506886904810     
   217.00000000000000        29.381734749302460     
   218.00000000000000        28.535121861529085     
   219.00000000000000        27.711122899829835     
   220.00000000000000        26.909202562887302     
   221.00000000000000        26.128835506452859     
   222.00000000000000        25.369506272313082     
   223.00000000000000        24.630709211963538     
   224.00000000000000        23.911948405348827     
   225.00000000000000        23.212737575013868     
   226.00000000000000        22.532599995997909     
   227.00000000000000        21.871068401785855     
   228.00000000000000        21.227684886624527     
   229.00000000000000        20.602000804492924     
   230.00000000000000        19.993576665005445     
   231.00000000000000        19.401982026517025     
   232.00000000000000        18.826795386683415     
   233.00000000000000        18.267604070721415     
   234.00000000000000        17.724004117603407     
   235.00000000000000        17.195600164406031     
   236.00000000000000        16.682005329028105     
   237.00000000000000        16.182841091478284     
   238.00000000000000        15.697737173925978     
   239.00000000000000        15.226331419697940     
   240.00000000000000        14.768269671397027     
   241.00000000000000        14.323205648306176     
   242.00000000000000        13.890800823237091     
   243.00000000000000        13.470724298971794     
   244.00000000000000        13.062652684439257     
   245.00000000000000        12.666269970759842     
   246.00000000000000        12.281267407286204     
   247.00000000000000        11.907343377757970     
   248.00000000000000        11.544203276685396     
   249.00000000000000        11.191559386066791     
   250.00000000000000        10.849130752540907     
   251.00000000000000        10.516643065068374     
   252.00000000000000        10.193828533230388     
   253.00000000000000        9.8804257662281252     
   254.00000000000000        9.5761796526596719     
   255.00000000000000        9.2808412411481864     
   256.00000000000000        8.9941676218878417     
   257.00000000000000        8.7159218091712152     
   258.00000000000000        8.4458726249562321     
   259.00000000000000        8.1837945835268702     
   260.00000000000000        7.9294677772977726     
   261.00000000000000        7.6826777638087025     
   262.00000000000000        7.4432154539511428     
   263.00000000000000        7.2108770014658639     
   264.00000000000000        6.9854636937466026     
   265.00000000000000        6.7667818439818541     
   266.00000000000000        6.5546426846633432     
   267.00000000000000        6.3488622624877387     
   268.00000000000000        6.1492613346736080     
   269.00000000000000        5.9556652667147141     
   270.00000000000000        5.7679039315868055     
   271.00000000000000        5.5858116104234430     
   272.00000000000000        5.4092268946737878     
   273.00000000000000        5.2379925897526265     
   274.00000000000000        5.0719556201918268     
   275.00000000000000        4.9109669362994621     
   276.00000000000000        4.7548814223312768     
   277.00000000000000        4.6035578061778031     
   278.00000000000000        4.4568585705680128     
   279.00000000000000        4.3146498657893702     
   280.00000000000000        4.1768014239225035     
   281.00000000000000        4.0431864745870243     
   282.00000000000000        3.9136816621943451     
   283.00000000000000        3.7881669647012370     
   284.00000000000000        3.6665256138574951     
   285.00000000000000        3.5486440169395688     
   286.00000000000000        3.4344116799608360     
   287.00000000000000        3.3237211323488451     
   288.00000000000000        3.2164678530783970     
   289.00000000000000        3.1125501982485777     
   290.00000000000000        3.0118693300914834     
   291.00000000000000        2.9143291473992052     
   292.00000000000000        2.8198362173552098     
   293.00000000000000        2.7282997087556162     
   294.00000000000000        2.6396313266054108     
   295.00000000000000        2.5537452480737421     
   296.00000000000000        2.4705580597926962     
   297.00000000000000        2.3899886964826540     
   298.00000000000000        2.3119583808877358     
   299.00000000000000        2.2363905650039917     
   300.00000000000000        2.1632108725830235     
   301.00000000000000        2.0923470428930213     
   302.00000000000000        2.0237288757195926     
   303.00000000000000        1.9572881775880515     
   304.00000000000000        1.8929587091886897     
   305.00000000000000        1.8306761339869306     
   306.00000000000000        1.7703779679993674     
   307.00000000000000        1.7120035307172672     
   308.00000000000000        1.6554938971587265     
   309.00000000000000        1.6007918510306953     
   310.00000000000000        1.5478418389819792     
   311.00000000000000        1.4965899259286861     
   312.00000000000000        1.4469837514329460     
   313.00000000000000        1.3989724871165532     
   314.00000000000000        1.3525067950905327     
   315.00000000000000        1.3075387873823148     
   316.00000000000000        1.2640219863416355     
   317.00000000000000        1.2219112860071386     
   318.00000000000000        1.1811629144150253     
   319.00000000000000        1.1417343968318014     
   320.00000000000000        1.1035845198929353     
   321.00000000000000        1.0666732966295986     
   322.00000000000000        1.0309619323657682     
   323.00000000000000       0.99641279146803186     
   324.00000000000000       0.96298936493076970     
   325.00000000000000       0.93065623877950066     
   326.00000000000000       0.89937906327530615     
   327.00000000000000       0.86912452290356945     
   328.00000000000000       0.83986030713037541     
   329.00000000000000       0.81155508191016590     
   330.00000000000000       0.78417846192837715     
   331.00000000000000       0.75770098356319637     
   332.00000000000000       0.73209407855053743     
   333.00000000000000       0.70733004833677071     
   334.00000000000000       0.68338203910384598     
   335.00000000000000       0.66022401745171000     
   336.00000000000000       0.63783074672322093     
   337.00000000000000       0.61617776395679691     
   338.00000000000000       0.59524135745257389     
   339.00000000000000       0.57499854493774860     
   340.00000000000000       0.55542705231728728     
   341.00000000000000       0.53650529299623473     
   342.00000000000000       0.51821234776025538     
   343.00000000000000       0.50052794520107891     
   344.00000000000000       0.48343244267394436     
   345.00000000000000       0.46690680777426924     
   346.00000000000000       0.45093260032101107     
   347.00000000000000       0.43549195483445285     
   348.00000000000000       0.42056756349636903     
   349.00000000000000       0.40614265958072332     
   350.00000000000000       0.39220100134332564     
   351.00000000000000       0.37872685635908387     
   352.00000000000000       0.36570498629569875     
   353.00000000000000       0.35312063211288325     
   354.00000000000000       0.34095949967641764     
   355.00000000000000       0.32920774577657941     
   356.00000000000000       0.31785196454064313     
   357.00000000000000       0.30687917422945499     
   358.00000000000000       0.29627680440821497     
   359.00000000000000       0.28603268348185917     
   360.00000000000000       0.27613502658561839     
   361.00000000000000       0.26657242382153573     
   362.00000000000000       0.25733382883195272     
   363.00000000000000       0.24840854770112034     
   364.00000000000000       0.23978622817634879     
   365.00000000000000       0.23145684920024315     
   366.00000000000000       0.22341071074582658     
   367.00000000000000       0.21563842394646351     
   368.00000000000000       0.20813090151275765     
   369.00000000000000       0.20087934842872482     
   370.00000000000000       0.19387525291973801     
   371.00000000000000       0.18711037768493149     
   372.00000000000000       0.18057675138689200     
   373.00000000000000       0.17426666039167343     
   374.00000000000000       0.16817264075228680     
   375.00000000000000       0.16228747042905073     
   376.00000000000000       0.15660416174026445     
   377.00000000000000       0.15111595403690475     
   378.00000000000000       0.14581630659513981     
   379.00000000000000       0.14069889172063790     
   380.00000000000000       0.13575758805879504     
   381.00000000000000       0.13098647410513320     
   382.00000000000000       0.12637982191028363     
   383.00000000000000       0.12193209097410916     
   384.00000000000000       0.11763792232363067     
   385.00000000000000       0.11349213276959824     
   386.00000000000000       0.10948970933664286     
   387.00000000000000       0.10562580386209633     
   388.00000000000000       0.10189572775867999     
   389.00000000000000        9.8294946936391514E-002
   390.00000000000000        9.4819076879048461E-002
   391.00000000000000        9.1463877871047511E-002
   392.00000000000000        8.8225250370029151E-002
   393.00000000000000        8.5099230521234082E-002
   394.00000000000000        8.2081985809487681E-002
   395.00000000000000        7.9169810844790231E-002
   396.00000000000000        7.6359123277663574E-002
   397.00000000000000        7.3646459840470913E-002
   398.00000000000000        7.1028472511028368E-002
   399.00000000000000        6.8501924794949196E-002
   400.00000000000000        6.6063688123221262E-002
   401.00000000000000        6.3710738361652419E-002
   402.00000000000000        6.1440152428878597E-002
   403.00000000000000        5.9249105019732400E-002
   404.00000000000000        5.7134865430862859E-002
   405.00000000000000        5.5094794485567755E-002
   406.00000000000000        5.3126341554898725E-002
   407.00000000000000        5.1227041672166414E-002
   408.00000000000000        4.9394512738063709E-002
   409.00000000000000        4.7626452813697061E-002
   410.00000000000000        4.5920637498893739E-002
   411.00000000000000        4.4274917393218614E-002
   412.00000000000000        4.2687215637222373E-002
   413.00000000000000        4.1155525531494021E-002
   414.00000000000000        3.9677908231171344E-002
   415.00000000000000        3.8252490513626329E-002
   416.00000000000000        3.6877462617105949E-002
   417.00000000000000        3.5551076148170303E-002
   418.00000000000000        3.4271642055836792E-002
   419.00000000000000        3.3037528670396415E-002
   420.00000000000000        3.1847159804922427E-002
   421.00000000000000        3.0699012917554794E-002
   422.00000000000000        2.9591617332697221E-002
   423.00000000000000        2.8523552519314089E-002
   424.00000000000000        2.7493446424572361E-002
   425.00000000000000        2.6499973861120164E-002
   426.00000000000000        2.5541854946345418E-002
   427.00000000000000        2.4617853592007691E-002
   428.00000000000000        2.3726776042679153E-002
   429.00000000000000        2.2867469461482170E-002
   430.00000000000000        2.2038820561648843E-002
   431.00000000000000        2.1239754282479744E-002
   432.00000000000000        2.0469232508310588E-002
   433.00000000000000        1.9726252829147365E-002
   434.00000000000000        1.9009847341663170E-002
   435.00000000000000        1.8319081489290071E-002
   436.00000000000000        1.7653052940180689E-002
   437.00000000000000        1.7010890501845465E-002
   438.00000000000000        1.6391753071311663E-002
   439.00000000000000        1.5794828619682916E-002
   440.00000000000000        1.5219333210010910E-002
   441.00000000000000        1.4664510047426199E-002
   442.00000000000000        1.4129628560504124E-002
   443.00000000000000        1.3613983512875948E-002
   444.00000000000000        1.3116894144120612E-002
   445.00000000000000        1.2637703339007838E-002
   446.00000000000000        1.2175776824186165E-002
   447.00000000000000        1.1730502391440330E-002
   448.00000000000000        1.1301289146668685E-002
   449.00000000000000        1.0887566783755104E-002
   450.00000000000000        1.0488784882539948E-002
   451.00000000000000        1.0104412230112075E-002
   452.00000000000000        9.7339361646763961E-003
   453.00000000000000        9.3768619412658450E-003
   454.00000000000000        9.0327121185953905E-003
   455.00000000000000        8.7010259663755484E-003
   456.00000000000000        8.3813588924223636E-003
   457.00000000000000        8.0732818889243697E-003
   458.00000000000000        7.7763809972439483E-003
   459.00000000000000        7.4902567906529344E-003
   460.00000000000000        7.2145238744182908E-003
   461.00000000000000        6.9488104026733891E-003
   462.00000000000000        6.6927576115282557E-003
   463.00000000000000        6.4460193678888313E-003
   464.00000000000000        6.2082617334711810E-003
   465.00000000000000        5.9791625435148673E-003
   466.00000000000000        5.7584109997132257E-003
   467.00000000000000        5.5457072768941157E-003
   468.00000000000000        5.3407621430007317E-003
   469.00000000000000        5.1432965919342129E-003
   470.00000000000000        4.9530414888353490E-003
   471.00000000000000        4.7697372273952064E-003
   472.00000000000000        4.5931333987981032E-003
   473.00000000000000        4.4229884719125673E-003
   474.00000000000000        4.2590694843585306E-003
   475.00000000000000        4.1011517440904125E-003
   476.00000000000000        3.9490185411480191E-003
   477.00000000000000        3.8024608692373892E-003
   478.00000000000000        3.6612771568157532E-003
   479.00000000000000        3.5252730073636143E-003
   480.00000000000000        3.3942609485392676E-003
   481.00000000000000        3.2680601899186114E-003
   482.00000000000000        3.1464963890346209E-003
   483.00000000000000        3.0294014254390947E-003
   484.00000000000000        2.9166131825180209E-003
   485.00000000000000        2.8079753368017691E-003
   486.00000000000000        2.7033371545182941E-003
   487.00000000000000        2.6025532951470653E-003
   488.00000000000000        2.5054836217379799E-003
   489.00000000000000        2.4119930177685057E-003
   490.00000000000000        2.3219512103186454E-003
   491.00000000000000        2.2352325993511913E-003
   492.00000000000000        2.1517160928912695E-003
   493.00000000000000        2.0712849479062106E-003
   494.00000000000000        1.9938266166931564E-003
   495.00000000000000        1.9192325985878935E-003
   496.00000000000000        1.8473982968154280E-003
   497.00000000000000        1.7782228803073735E-003
   498.00000000000000        1.7116091503180746E-003
   499.00000000000000        1.6474634116766774E-003
   500.00000000000000        1.5856953485172006E-003
   501.00000000000000        1.5262179043347764E-003
   502.00000000000000        1.4689471662203421E-003
   503.00000000000000        1.4138022531317721E-003
   504.00000000000000        1.3607052080634231E-003
   505.00000000000000        1.3095808939813365E-003
   506.00000000000000        1.2603568933951324E-003
   507.00000000000000        1.2129634114423447E-003
   508.00000000000000        1.1673331823649983E-003
   509.00000000000000        1.1234013792620642E-003
   510.00000000000000        1.0811055270054770E-003
   511.00000000000000        1.0403854182112280E-003
   512.00000000000000        1.0011830321603838E-003
   513.00000000000000        9.6344245656881965E-004
   514.00000000000000        9.2710981210729847E-004
   515.00000000000000        8.9213317957754308E-004
   516.00000000000000        8.5846252965235674E-004
   517.00000000000000        8.2604965509162573E-004
   518.00000000000000        7.9484810534844136E-004
   519.00000000000000        7.6481312348286655E-004
   520.00000000000000        7.3590158530352176E-004
   521.00000000000000        7.0807194065971451E-004
   522.00000000000000        6.8128415680979680E-004
   523.00000000000000        6.5549966379350631E-004
   524.00000000000000        6.3068130173895751E-004
   525.00000000000000        6.0679327003690473E-004
   526.00000000000000        5.8380107831742568E-004
   527.00000000000000        5.6167149916631811E-004
   528.00000000000000        5.4037252252060524E-004
   529.00000000000000        5.1987331168463179E-004
   530.00000000000000        5.0014416091020714E-004
   531.00000000000000        4.8115645448625305E-004
   532.00000000000000        4.6288262728516377E-004
   533.00000000000000        4.4529612671497909E-004
   534.00000000000000        4.2837137602818036E-004
   535.00000000000000        4.1208373893958725E-004
   536.00000000000000        3.9640948550750081E-004
   537.00000000000000        3.8132575923380003E-004
   538.00000000000000        3.6681054534016427E-004
   539.00000000000000        3.5284264017915553E-004
   540.00000000000000        3.3940162174027523E-004
   541.00000000000000        3.2646782121242932E-004
   542.00000000000000        3.1402229556567394E-004
   543.00000000000000        3.0204680111628961E-004
   544.00000000000000        2.9052376804054831E-004
   545.00000000000000        2.7943627580367372E-004
   546.00000000000000        2.6876802947172846E-004
   547.00000000000000        2.5850333687516588E-004
   548.00000000000000        2.4862708659402304E-004
   549.00000000000000        2.3912472673560118E-004
   550.00000000000000        2.2998224447661991E-004
   551.00000000000000        2.2118614634274996E-004
   552.00000000000000        2.1272343919938899E-004
   553.00000000000000        2.0458161192841003E-004
   554.00000000000000        1.9674861776657561E-004
   555.00000000000000        1.8921285728206970E-004
   556.00000000000000        1.8196316196646972E-004
   557.00000000000000        1.7498877842028076E-004
   558.00000000000000        1.6827935311086370E-004
   559.00000000000000        1.6182491768240370E-004
   560.00000000000000        1.5561587479820342E-004
   561.00000000000000        1.4964298449633319E-004
   562.00000000000000        1.4389735104029742E-004
   563.00000000000000        1.3837041024704282E-004
   564.00000000000000        1.3305391727524602E-004
   565.00000000000000        1.2793993485740436E-004
   566.00000000000000        1.2302082195986023E-004
   567.00000000000000        1.1828922285541867E-004
   568.00000000000000        1.1373805659378118E-004
   569.00000000000000        1.0936050685552581E-004
   570.00000000000000        1.0515001217585686E-004
   571.00000000000000        1.0110025652487699E-004
   572.00000000000000        9.7205160231531577E-005
   573.00000000000000        9.3458871238904709E-005
   574.00000000000000        8.9855756678930329E-005
   575.00000000000000        8.6390394755007997E-005
   576.00000000000000        8.3057566921449429E-005
   577.00000000000000        7.9852250349070935E-005
   578.00000000000000        7.6769610666557628E-005
   579.00000000000000        7.3804994967712698E-005
   580.00000000000000        7.0953925074948931E-005
   581.00000000000000        6.8212091049769385E-005
   582.00000000000000        6.5575344941326338E-005
   583.00000000000000        6.3039694764425004E-005
   584.00000000000000        6.0601298698676231E-005
   585.00000000000000        5.8256459500793249E-005
   586.00000000000000        5.6001619122291603E-005
   587.00000000000000        5.3833353525167708E-005
   588.00000000000000        5.1748367688349643E-005
   589.00000000000000        4.9743490798010809E-005
   590.00000000000000        4.7815671615060748E-005
   591.00000000000000        4.5961974013371852E-005
   592.00000000000000        4.4179572682539227E-005
   593.00000000000000        4.2465748989181082E-005
   594.00000000000000        4.0817886991010079E-005
   595.00000000000000        3.9233469598109702E-005
   596.00000000000000        3.7710074876051624E-005
   597.00000000000000        3.6245372485673900E-005
   598.00000000000000        3.4837120254550375E-005
   599.00000000000000        3.3483160875318747E-005
   600.00000000000000        3.2181418726255772E-005
   601.00000000000000        3.0929896809618207E-005
   602.00000000000000        2.9726673803444782E-005
   603.00000000000000        2.8569901222672197E-005
   604.00000000000000        2.7457800685555460E-005
   605.00000000000000        2.6388661281544956E-005
   606.00000000000000        2.5360837036892250E-005
   607.00000000000000        2.4372744474404673E-005
   608.00000000000000        2.3422860263898115E-005
   609.00000000000000        2.2509718960012202E-005
   610.00000000000000        2.1631910824182525E-005
   611.00000000000000        2.0788079727677221E-005
   612.00000000000000        1.9976921132716831E-005
   613.00000000000000        1.9197180148804592E-005
   614.00000000000000        1.8447649661500660E-005
   615.00000000000000        1.7727168530968899E-005
   616.00000000000000        1.7034619857730407E-005
   617.00000000000000        1.6368929313142989E-005
   618.00000000000000        1.5729063532218994E-005
   619.00000000000000        1.5114028566483459E-005
   620.00000000000000        1.4522868394655129E-005
   621.00000000000000        1.3954663489013755E-005
   622.00000000000000        1.3408529435395160E-005
   623.00000000000000        1.2883615604833309E-005
   624.00000000000000        1.2379103874937480E-005
   625.00000000000000        1.1894207399162370E-005
   626.00000000000000        1.1428169422201132E-005
   627.00000000000000        1.0980262139788261E-005
   628.00000000000000        1.0549785601270631E-005
   629.00000000000000        1.0136066653356424E-005
   630.00000000000000        9.7384579235169569E-006
   631.00000000000000        9.3563368415688248E-006
   632.00000000000000        8.9891046980169982E-006
   633.00000000000000        8.6361857377956780E-006
   634.00000000000000        8.2970262880880364E-006
   635.00000000000000        7.9710939189588718E-006
   636.00000000000000        7.6578766355798873E-006
   637.00000000000000        7.3568821008696789E-006
   638.00000000000000        7.0676368874173522E-006
   639.00000000000000        6.7896857575967901E-006
   640.00000000000000        6.5225909708229477E-006
   641.00000000000000        6.2659316169353394E-006
   642.00000000000000        6.0193029747355593E-006
   643.00000000000000        5.7823158947392446E-006
   644.00000000000000        5.5545962052377493E-006
   645.00000000000000        5.3357841407986228E-006
   646.00000000000000        5.1255337923671745E-006
   647.00000000000000        4.9235125781591999E-006
   648.00000000000000        4.7294007345685229E-006
   649.00000000000000        4.5428908263397133E-006
   650.00000000000000        4.3636872752842286E-006
   651.00000000000000        4.1915059068452564E-006
   652.00000000000000        4.0260735138422178E-006
   653.00000000000000        3.8671274367513849E-006
   654.00000000000000        3.7144151599004646E-006
   655.00000000000000        3.5676939229820029E-006
   656.00000000000000        3.4267303473087052E-006
   657.00000000000000        3.2913000762573943E-006
   658.00000000000000        3.1611874293691377E-006
   659.00000000000000        3.0361850695901831E-006
   660.00000000000000        2.9160936831618383E-006
   661.00000000000000        2.8007216716806711E-006
   662.00000000000000        2.6898848558735735E-006
   663.00000000000000        2.5834061906437390E-006
   664.00000000000000        2.4811154909649835E-006
   665.00000000000000        2.3828491682144225E-006
   666.00000000000000        2.2884499765499082E-006
   667.00000000000000        2.1977667689535801E-006
   668.00000000000000        2.1106542625764206E-006
   669.00000000000000        2.0269728130327783E-006
   670.00000000000000        1.9465881973066157E-006
   671.00000000000000        1.8693714049440513E-006
   672.00000000000000        1.7951984372189952E-006
   673.00000000000000        1.7239501139704830E-006
   674.00000000000000        1.6555118878208163E-006
   675.00000000000000        1.5897736654959082E-006
   676.00000000000000        1.5266296359780964E-006
   677.00000000000000        1.4659781052334341E-006
   678.00000000000000        1.4077213372634252E-006
   679.00000000000000        1.3517654012419000E-006
   680.00000000000000        1.2980200245062823E-006
   681.00000000000000        1.2463984511807776E-006
   682.00000000000000        1.1968173062178319E-006
   683.00000000000000        1.1491964646523134E-006
   684.00000000000000        1.1034589258699048E-006
   685.00000000000000        1.0595306926996303E-006
   686.00000000000000        1.0173406551467736E-006
   687.00000000000000        9.7682047858979081E-007
   688.00000000000000        9.3790449627146236E-007
   689.00000000000000        9.0052960592053786E-007
   690.00000000000000        8.6463517034693331E-007
   691.00000000000000        8.3016292185884606E-007
   692.00000000000000        7.9705687035624829E-007
   693.00000000000000        7.6526321496056328E-007
   694.00000000000000        7.3473025904570315E-007
   695.00000000000000        7.0540832854061305E-007
   696.00000000000000        6.7724969337854951E-007
   697.00000000000000        6.5020849197289413E-007
   698.00000000000000        6.2424065860378233E-007
   699.00000000000000        5.9930385360469028E-007
   700.00000000000000        5.7535739624136539E-007
   701.00000000000000        5.5236220018081146E-007
   702.00000000000000        5.3028071145064444E-007
   703.00000000000000        5.0907684879394527E-007
   704.00000000000000        4.8871594632763638E-007
   705.00000000000000        4.6916469841640139E-007
   706.00000000000000        4.5039110667699938E-007
   707.00000000000000        4.3236442903154844E-007
   708.00000000000000        4.1505513073111069E-007
   709.00000000000000        3.9843483727407585E-007
   710.00000000000000        3.8247628914653612E-007
   711.00000000000000        3.6715329831488720E-007
   712.00000000000000        3.5244070640324567E-007
   713.00000000000000        3.3831434449101494E-007
   714.00000000000000        3.2475099446835437E-007
   715.00000000000000        3.1172835188970128E-007
   716.00000000000000        2.9922499026767030E-007
   717.00000000000000        2.8722032675200773E-007
   718.00000000000000        2.7569458914026969E-007
   719.00000000000000        2.6462878416895686E-007
   720.00000000000000        2.5400466703584232E-007
   721.00000000000000        2.4380471210601506E-007
   722.00000000000000        2.3401208475609634E-007
   723.00000000000000        2.2461061431269680E-007
   724.00000000000000        2.1558476804296780E-007
   725.00000000000000        2.0691962615662745E-007
   726.00000000000000        1.9860085778049650E-007
   727.00000000000000        1.9061469786791218E-007
   728.00000000000000        1.8294792500703656E-007
   729.00000000000000        1.7558784009323522E-007
   730.00000000000000        1.6852224583223520E-007
   731.00000000000000        1.6173942704185907E-007
   732.00000000000000        1.5522813172155004E-007
   733.00000000000000        1.4897755285993163E-007
   734.00000000000000        1.4297731095186400E-007
   735.00000000000000        1.3721743719755408E-007
   736.00000000000000        1.3168835735728560E-007
   737.00000000000000        1.2638087623641176E-007
   738.00000000000000        1.2128616277615974E-007
   739.00000000000000        1.1639573572679107E-007
   740.00000000000000        1.1170144988054652E-007
   741.00000000000000        1.0719548284263521E-007
   742.00000000000000        1.0287032231944534E-007
   743.00000000000000        9.8718753903854170E-008
   744.00000000000000        9.4733849338392946E-008
   745.00000000000000        9.0908955237656698E-008
   746.00000000000000        8.7237682252167943E-008
   747.00000000000000        8.3713894656528531E-008
   748.00000000000000        8.0331700345338275E-008
   749.00000000000000        7.7085441221071751E-008
   750.00000000000000        7.3969683958647268E-008
   751.00000000000000        7.0979211132027198E-008
   752.00000000000000        6.8109012688768026E-008
   753.00000000000000        6.5354277758979415E-008
   754.00000000000000        6.2710386785658337E-008
   755.00000000000000        6.0172903963891053E-008
   756.00000000000000        5.7737569976875636E-008
   757.00000000000000        5.5400295017210662E-008
   758.00000000000000        5.3157152082304603E-008
   759.00000000000000        5.1004370533240119E-008
   760.00000000000000        4.8938329906800082E-008
   761.00000000000000        4.6955553970769400E-008
   762.00000000000000        4.5052705013033159E-008
   763.00000000000000        4.3226578355326746E-008
   764.00000000000000        4.1474097082865107E-008
   765.00000000000000        3.9792306981420351E-008
   766.00000000000000        3.8178371673736447E-008
   767.00000000000000        3.6629567947478742E-008
   768.00000000000000        3.5143281267250137E-008
   769.00000000000000        3.3717001463438593E-008
   770.00000000000000        3.2348318591011225E-008
   771.00000000000000        3.1034918951574316E-008
   772.00000000000000        2.9774581272324605E-008
   773.00000000000000        2.8565173035734401E-008
   774.00000000000000        2.7404646954070038E-008
   775.00000000000000        2.6291037583068472E-008
   776.00000000000000        2.5222458069310710E-008
   777.00000000000000        2.4197097026055034E-008
   778.00000000000000        2.3213215532485032E-008
   779.00000000000000        2.2269144251537275E-008
   780.00000000000000        2.1363280661643535E-008
   781.00000000000000        2.0494086397924636E-008
   782.00000000000000        1.9660084698534088E-008
   783.00000000000000        1.8859857952016933E-008
   784.00000000000000        1.8092045341718375E-008
   785.00000000000000        1.7355340583428368E-008
   786.00000000000000        1.6648489752590466E-008
   787.00000000000000        1.5970289197558665E-008
   788.00000000000000        1.5319583535510558E-008
   789.00000000000000        1.4695263727770428E-008
   790.00000000000000        1.4096265231411086E-008
   791.00000000000000        1.3521566224133306E-008
   792.00000000000000        1.2970185899536123E-008
   793.00000000000000        1.2441182830004771E-008
   794.00000000000000        1.1933653394550847E-008
   795.00000000000000        1.1446730269045628E-008
   796.00000000000000        1.0979580976383168E-008
   797.00000000000000        1.0531406494214355E-008
   798.00000000000000        1.0101439917974989E-008
   799.00000000000000        9.6889451770292728E-009
   800.00000000000000        9.2932158018314873E-009
   801.00000000000000        8.9135737400885881E-009
   802.00000000000000        8.5493682199926800E-009
   803.00000000000000        8.1999746586595553E-009
   804.00000000000000        7.8647936139888583E-009
   805.00000000000000        7.5432497782295744E-009
   806.00000000000000        7.2347910116001049E-009
   807.00000000000000        6.9388874143804620E-009
   808.00000000000000        6.6550304359528011E-009
   809.00000000000000        6.3827320193299608E-009
   810.00000000000000        6.1215237797653372E-009
   811.00000000000000        5.8709562160953194E-009
   812.00000000000000        5.6305979535191201E-009
   813.00000000000000        5.4000350165679677E-009
   814.00000000000000        5.1788701310695113E-009
   815.00000000000000        4.9667220539574337E-009
   816.00000000000000        4.7632249298212937E-009
   817.00000000000000        4.5680276731380132E-009
   818.00000000000000        4.3807933751640956E-009
   819.00000000000000        4.2011987345117978E-009
   820.00000000000000        4.0289335104672902E-009
   821.00000000000000        3.8636999981507552E-009
   822.00000000000000        3.7052125246476035E-009
   823.00000000000000        3.5531969652801881E-009
   824.00000000000000        3.4073902792191934E-009
   825.00000000000000        3.2675400636657534E-009
   826.00000000000000        3.1334041258655970E-009
   827.00000000000000        3.0047500722480781E-009
   828.00000000000000        2.8813549140059571E-009
   829.00000000000000        2.7630046884649568E-009
   830.00000000000000        2.6494940956121110E-009
   831.00000000000000        2.5406261491814384E-009
   832.00000000000000        2.4362118417159086E-009
   833.00000000000000        2.3360698230503557E-009
   834.00000000000000        2.2400260916793006E-009
   835.00000000000000        2.1479136984976752E-009
   836.00000000000000        2.0595724624200421E-009
   837.00000000000000        1.9748486974057656E-009
   838.00000000000000        1.8935949504346753E-009
   839.00000000000000        1.8156697499966924E-009
   840.00000000000000        1.7409373646757929E-009
   841.00000000000000        1.6692675714255911E-009
   842.00000000000000        1.6005354331496807E-009
   843.00000000000000        1.5346210852152314E-009
   844.00000000000000        1.4714095305428296E-009
   845.00000000000000        1.4107904429303497E-009
   846.00000000000000        1.3526579782816295E-009
   847.00000000000000        1.2969105934239491E-009
   848.00000000000000        1.2434508722110069E-009
   849.00000000000000        1.1921853586203262E-009
   850.00000000000000        1.1430243965647876E-009
   851.00000000000000        1.0958819761502711E-009
   852.00000000000000        1.0506755861209383E-009
   853.00000000000000        1.0073260722448951E-009
   854.00000000000000        9.6575750140220102E-010
   855.00000000000000        9.2589703114677754E-010
   856.00000000000000        8.8767478452332809E-010
   857.00000000000000        8.5102372992822264E-010
   858.00000000000000        8.1587956581261800E-010
   859.00000000000000        7.8218061003355056E-010
   860.00000000000000        7.4986769366658887E-010
   861.00000000000000        7.1888405910128232E-010
   862.00000000000000        6.8917526224740596E-010
   863.00000000000000        6.6068907868728025E-010
   864.00000000000000        6.3337541361556506E-010
   865.00000000000000        6.0718621541475450E-010
   866.00000000000000        5.8207539272009386E-010
   867.00000000000000        5.5799873483407272E-010
   868.00000000000000        5.3491383535570637E-010
   869.00000000000000        5.1278001889556256E-010
   870.00000000000000        4.9155827075246558E-010
   871.00000000000000        4.7121116943286565E-010
   872.00000000000000        4.5170282189850193E-010
   873.00000000000000        4.3299880143268187E-010
   874.00000000000000        4.1506608801986310E-010
   875.00000000000000        3.9787301113731700E-010
   876.00000000000000        3.8138919486187924E-010
   877.00000000000000        3.6558550519858121E-010
   878.00000000000000        3.5043399954165114E-010
   879.00000000000000        3.3590787818201552E-010
   880.00000000000000        3.2198143777895446E-010
   881.00000000000000        3.0863002671660425E-010
   882.00000000000000        2.9583000226950401E-010
   883.00000000000000        2.8355868950411572E-010
   884.00000000000000        2.7179434184647252E-010
   885.00000000000000        2.6051610324862979E-010
   886.00000000000000        2.4970397188948983E-010
   887.00000000000000        2.3933876534808732E-010
   888.00000000000000        2.2940208718989172E-010
   889.00000000000000        2.1987629490908223E-010
   890.00000000000000        2.1074446917211158E-010
   891.00000000000000        2.0199038430989614E-010
   892.00000000000000        1.9359848000828598E-010
   893.00000000000000        1.8555383414837526E-010
   894.00000000000000        1.7784213675016061E-010
   895.00000000000000        1.7044966497498334E-010
   896.00000000000000        1.6336325914392482E-010
   897.00000000000000        1.5657029973107136E-010
   898.00000000000000        1.5005868529225742E-010
   899.00000000000000        1.4381681129136142E-010
   900.00000000000000        1.3783354978791500E-010
   901.00000000000000        1.3209822995111545E-010
   902.00000000000000        1.2660061936678585E-010
   903.00000000000000        1.2133090610521249E-010
   904.00000000000000        1.1627968151899663E-010
   905.00000000000000        1.1143792374137142E-010
   906.00000000000000        1.0679698185660028E-010
   907.00000000000000        1.0234856071521132E-010
   908.00000000000000        9.8084706367928283E-011
   909.00000000000000        9.3997792093225818E-011
   910.00000000000000        9.0080504994414335E-011
   911.00000000000000        8.6325833143164226E-011
   912.00000000000000        8.2727053247300566E-011
   913.00000000000000        7.9277718821580481E-011
   914.00000000000000        7.5971648841062117E-011
   915.00000000000000        7.2802916857430439E-011
   916.00000000000000        6.9765840559532869E-011
   917.00000000000000        6.6854971760037549E-011
   918.00000000000000        6.4065086790927547E-011
   919.00000000000000        6.1391177291216168E-011
   920.00000000000000        5.8828441370926518E-011
   921.00000000000000        5.6372275136069443E-011
   922.00000000000000        5.4018264559908932E-011
   923.00000000000000        5.1762177686456272E-011
   924.00000000000000        4.9599957152668379E-011
   925.00000000000000        4.7527713016386468E-011
   926.00000000000000        4.5541715877570517E-011
   927.00000000000000        4.3638390280898036E-011
   928.00000000000000        4.1814308388266709E-011
   929.00000000000000        4.0066183910205665E-011
   930.00000000000000        3.8390866285672781E-011
   931.00000000000000        3.6785335100088678E-011
   932.00000000000000        3.5246694731922104E-011
   933.00000000000000        3.3772169218512466E-011
   934.00000000000000        3.2359097332173252E-011
   935.00000000000000        3.1004927858029936E-011
   936.00000000000000        2.9707215065345816E-011
   937.00000000000000        2.8463614364452207E-011
   938.00000000000000        2.7271878141711492E-011
   939.00000000000000        2.6129851765245224E-011
   940.00000000000000        2.5035469754460405E-011
   941.00000000000000        2.3986752106688471E-011
   942.00000000000000        2.2981800774517787E-011
   943.00000000000000        2.2018796287673311E-011
   944.00000000000000        2.1095994513528637E-011
   945.00000000000000        2.0211723550599572E-011
   946.00000000000000        1.9364380749573697E-011
   947.00000000000000        1.8552429856671307E-011
   948.00000000000000        1.7774398274331777E-011
   949.00000000000000        1.7028874434434619E-011
   950.00000000000000        1.6314505279443550E-011
   951.00000000000000        1.5629993847069936E-011
   952.00000000000000        1.4974096954212035E-011
   953.00000000000000        1.4345622976112849E-011
   954.00000000000000        1.3743429716835790E-011
   955.00000000000000        1.3166422367324415E-011
   956.00000000000000        1.2613551547453924E-011
   957.00000000000000        1.2083811428641877E-011
   958.00000000000000        1.1576237933712525E-011
   959.00000000000000        1.1089907010853647E-011
   960.00000000000000        1.0623932978625921E-011
   961.00000000000000        1.0177466939118999E-011
   962.00000000000000        9.7496952564527152E-012
   963.00000000000000        9.3398380979510514E-012
   964.00000000000000        8.9471480354152181E-012
   965.00000000000000        8.5709087040311132E-012
   966.00000000000000        8.2104335165483199E-012
   967.00000000000000        7.8650644304596531E-012
   968.00000000000000        7.5341707660102286E-012
   969.00000000000000        7.2171480729447449E-012
   970.00000000000000        6.9134170439967958E-012
   971.00000000000000        6.6224224731959431E-012
   972.00000000000000        6.3436322571565661E-012
   973.00000000000000        6.0765364375782124E-012
   974.00000000000000        5.8206462832673509E-012
   975.00000000000000        5.5754934100552791E-012
   976.00000000000000        5.3406289370535877E-012
   977.00000000000000        5.1156226777546826E-012
   978.00000000000000        4.9000623645439122E-012
   979.00000000000000        4.6935529052486601E-012
   980.00000000000000        4.4957156704067566E-012
   981.00000000000000        4.3061878099917325E-012
   982.00000000000000        4.1246215983796646E-012
   983.00000000000000        3.9506838063984695E-012
   984.00000000000000        3.7840550993423279E-012
   985.00000000000000        3.6244294598833787E-012
   986.00000000000000        3.4715136348546664E-012
   987.00000000000000        3.3250266049220155E-012
   988.00000000000000        3.1846990762000252E-012
   989.00000000000000        3.0502729929101734E-012
   990.00000000000000        2.9215010702121545E-012
   991.00000000000000        2.7981463463773666E-012
   992.00000000000000        2.6799817535072461E-012
   993.00000000000000        2.5667897060316662E-012
   994.00000000000000        2.4583617062535806E-012
   995.00000000000000        2.3544979662375640E-012
   996.00000000000000        2.2550070453668701E-012
   997.00000000000000        2.1597055029232907E-012
   998.00000000000000        2.0684175650691874E-012
   999.00000000000000        1.9809748056374832E-012
   1000.0000000000000        1.8972158401588403E-012
