# Recoil energy (kev)        Event rate (events/gev)
   1.0000000000000000        463474.90457167459     
   2.0000000000000000        902775.14334705332     
   3.0000000000000000        1318593.1272020738     
   4.0000000000000000        1711622.1823634156     
   5.0000000000000000        2082554.8387516416     
   6.0000000000000000        2432081.2645227155     
   7.0000000000000000        2760887.8379874974     
   8.0000000000000000        3069655.8485267446     
   9.0000000000000000        3359060.3185388283     
   10.000000000000000        3629768.9388593393     
   11.000000000000000        3882441.1104768114     
   12.000000000000000        4117727.0857371441     
   13.000000000000000        4336267.2025820510     
   14.000000000000000        4538691.2057037782     
   15.000000000000000        4725617.6488209749     
   16.000000000000000        4897653.3725884203     
   17.000000000000000        5055393.0529476805     
   18.000000000000000        5199418.8150067050     
   19.000000000000000        5330299.9078046270     
   20.000000000000000        5448592.4355737846     
   21.000000000000000        5554839.1413551671     
   22.000000000000000        5649569.2390559986     
   23.000000000000000        5733298.2902600169     
   24.000000000000000        5806528.1223120168     
   25.000000000000000        5869746.7843995541     
   26.000000000000000        5923428.5385458246     
   27.000000000000000        5968033.8826101106     
   28.000000000000000        6004009.6025650986     
   29.000000000000000        6031788.8514852552     
   30.000000000000000        6051791.2528365906     
   31.000000000000000        6064423.0258069951     
   32.000000000000000        6070077.1305571953     
   33.000000000000000        6069133.4314062754     
   34.000000000000000        6061958.8760927562     
   35.000000000000000        6048907.6893725246     
   36.000000000000000        6030321.5793290101     
   37.000000000000000        6006529.9548791423     
   38.000000000000000        5977850.1530608628     
   39.000000000000000        5944587.6747847786     
   40.000000000000000        5907036.4278243138     
   41.000000000000000        5865478.9759049825     
   42.000000000000000        5820186.7928356268     
   43.000000000000000        5771420.5207013004     
   44.000000000000000        5719430.2312107980     
   45.000000000000000        5664455.6893603541     
   46.000000000000000        5606726.6186400438     
   47.000000000000000        5546462.9670705199     
   48.000000000000000        5483875.1734151747     
   49.000000000000000        5419164.4329671776     
   50.000000000000000        5352522.9623615639     
   51.000000000000000        5284134.2629105933     
   52.000000000000000        5214173.3820054429     
   53.000000000000000        5142807.1721695727     
   54.000000000000000        5070194.5473886924     
   55.000000000000000        4996486.7363791736     
   56.000000000000000        4921827.5324917361     
   57.000000000000000        4846353.5399794783     
   58.000000000000000        4770194.4163898509     
   59.000000000000000        4693473.1108683031     
   60.000000000000000        4616306.0981880957     
   61.000000000000000        4538803.6083450457     
   62.000000000000000        4461069.8515792023     
   63.000000000000000        4383203.2387065981     
   64.000000000000000        4305296.5966640655     
   65.000000000000000        4227437.3791885143     
   66.000000000000000        4149707.8725690413     
   67.000000000000000        4072185.3964258851     
   68.000000000000000        3994942.4994849209     
   69.000000000000000        3918047.1503296206     
   70.000000000000000        3841562.9231248079     
   71.000000000000000        3765549.1783176870     
   72.000000000000000        3690061.2383322609     
   73.000000000000000        3615150.5582823069     
   74.000000000000000        3540864.8917370816     
   75.000000000000000        3467248.4515815303     
   76.000000000000000        3394342.0660198703     
   77.000000000000000        3322183.3297779826     
   78.000000000000000        3250806.7505656262     
   79.000000000000000        3180243.8908646763     
   80.000000000000000        3110523.5051142983     
   81.000000000000000        3041671.6723678093     
   82.000000000000000        2973711.9244997152     
   83.000000000000000        2906665.3700443739     
   84.000000000000000        2840550.8137505502     
   85.000000000000000        2775384.8719382198     
   86.000000000000000        2711182.0837460570     
   87.000000000000000        2647955.0183594255     
   88.000000000000000        2585714.3783100671     
   89.000000000000000        2524469.0989395534     
   90.000000000000000        2464226.4441192090     
   91.000000000000000        2404992.0983197279     
   92.000000000000000        2346770.2551237652     
   93.000000000000000        2289563.7022748920     
   94.000000000000000        2233373.9033559090     
   95.000000000000000        2178201.0761893317     
   96.000000000000000        2124044.2680520825     
   97.000000000000000        2070901.4277958381     
   98.000000000000000        2018769.4749636408     
   99.000000000000000        1967644.3659922916     
   100.00000000000000        1917521.1575891457     
   101.00000000000000        1868394.0673705833     
   102.00000000000000        1820256.5318482774     
   103.00000000000000        1773101.2618480085     
   104.00000000000000        1726920.2954443386     
   105.00000000000000        1681705.0484930184     
   106.00000000000000        1637446.3628414718     
   107.00000000000000        1594134.5522961488     
   108.00000000000000        1551759.4464238880     
   109.00000000000000        1510310.4322628651     
   110.00000000000000        1469776.4940169835     
   111.00000000000000        1430146.2508059191     
   112.00000000000000        1391407.9925413069     
   113.00000000000000        1353549.7139979098     
   114.00000000000000        1316559.1471468462     
   115.00000000000000        1280423.7918162330     
   116.00000000000000        1245130.9447429790     
   117.00000000000000        1210667.7270776669     
   118.00000000000000        1177021.1104028011     
   119.00000000000000        1144177.9413230589     
   120.00000000000000        1112124.9646844410     
   121.00000000000000        1080848.8454776250     
   122.00000000000000        1050336.1894791618     
   123.00000000000000        1020573.5626825672     
   124.00000000000000        991547.50956974633     
   125.00000000000000        963244.57027161180     
   126.00000000000000        935651.29666529049     
   127.00000000000000        908754.26745368517     
   128.00000000000000        882540.10227175744     
   129.00000000000000        856995.47486240871     
   130.00000000000000        832107.12536337867     
   131.00000000000000        807861.87174523715     
   132.00000000000000        784246.62043911067     
   133.00000000000000        761248.37619147426     
   134.00000000000000        738854.25118202006     
   135.00000000000000        717051.47343936912     
   136.00000000000000        695827.39458804112     
   137.00000000000000        675169.49695901352     
   138.00000000000000        655065.40009490855     
   139.00000000000000        635502.86667971150     
   140.00000000000000        616469.80792187201     
   141.00000000000000        597954.28841840022     
   142.00000000000000        579944.53052665316     
   143.00000000000000        562428.91826937092     
   144.00000000000000        545396.00079756137     
   145.00000000000000        528834.49543483951     
   146.00000000000000        512733.29032588343     
   147.00000000000000        497081.44671076833     
   148.00000000000000        481868.20084599999     
   149.00000000000000        467082.96559228085     
   150.00000000000000        452715.33168812562     
   151.00000000000000        438755.06872770871     
   152.00000000000000        425192.12586048752     
   153.00000000000000        412016.63222940848     
   154.00000000000000        399218.89716380177     
   155.00000000000000        386789.41014230083     
   156.00000000000000        374718.84054050082     
   157.00000000000000        362998.03717737703     
   158.00000000000000        351618.02767386369     
   159.00000000000000        340570.01763636194     
   160.00000000000000        329845.38967738982     
   161.00000000000000        319435.70228497603     
   162.00000000000000        309332.68855187605     
   163.00000000000000        299528.25477515976     
   164.00000000000000        290014.47893620119     
   165.00000000000000        280783.60907059914     
   166.00000000000000        271828.06153714447     
   167.00000000000000        263140.41919440747     
   168.00000000000000        254713.42949316019     
   169.00000000000000        246540.00249239532     
   170.00000000000000        238613.20880630452     
   171.00000000000000        230926.27748919709     
   172.00000000000000        223472.59386497346     
   173.00000000000000        216245.69730740291     
   174.00000000000000        209239.27897712521     
   175.00000000000000        202447.17952097039     
   176.00000000000000        195863.38673885309     
   177.00000000000000        189482.03322324858     
   178.00000000000000        183297.39397591472     
   179.00000000000000        177303.88400629011     
   180.00000000000000        171496.05591572155     
   181.00000000000000        165868.59747142089     
   182.00000000000000        160416.32917381826     
   183.00000000000000        155134.20182074670     
   184.00000000000000        150017.29407167240     
   185.00000000000000        145060.81001498050     
   186.00000000000000        140260.07674112756     
   187.00000000000000        135610.54192427438     
   188.00000000000000        131107.77141484499     
   189.00000000000000        126747.44684527116     
   190.00000000000000        122525.36325102947     
   191.00000000000000        118437.42670891382     
   192.00000000000000        114479.65199434510     
   193.00000000000000        110648.16025936915     
   194.00000000000000        106939.17673287098     
   195.00000000000000        103349.02844439680     
   196.00000000000000        99874.141972858066     
   197.00000000000000        96511.041221282576     
   198.00000000000000        93256.345218655188     
   199.00000000000000        90106.765949803303     
   200.00000000000000        87059.106214175903     
   201.00000000000000        84110.257514273326     
   202.00000000000000        81257.197974402327     
   203.00000000000000        78496.990290343791     
   204.00000000000000        75826.779710443720     
   205.00000000000000        73243.792048571049     
   206.00000000000000        70745.331729306243     
   207.00000000000000        68328.779865668912     
   208.00000000000000        65991.592369626756     
   209.00000000000000        63731.298095573795     
   210.00000000000000        61545.497016906629     
   211.00000000000000        59431.858435786729     
   212.00000000000000        57388.119226116636     
   213.00000000000000        55412.082109727722     
   214.00000000000000        53501.613965721932     
   215.00000000000000        51654.644172885004     
   216.00000000000000        49869.162985040428     
   217.00000000000000        48143.219939190472     
   218.00000000000000        46474.922296252000     
   219.00000000000000        44862.433514170014     
   220.00000000000000        43303.971753167112     
   221.00000000000000        41797.808412855549     
   222.00000000000000        40342.266700925480     
   223.00000000000000        38935.720233094842     
   224.00000000000000        37576.591663991145     
   225.00000000000000        36263.351348617485     
   226.00000000000000        34994.516034041444     
   227.00000000000000        33768.647580925171     
   228.00000000000000        32584.351714511620     
   229.00000000000000        31440.276804663583     
   230.00000000000000        30335.112674542299     
   231.00000000000000        29267.589437510404     
   232.00000000000000        28236.476361826190     
   233.00000000000000        27240.580762697835     
   234.00000000000000        26278.746921257403     
   235.00000000000000        25349.855030007089     
   236.00000000000000        24452.820164292665     
   237.00000000000000        23586.591279349621     
   238.00000000000000        22750.150232469568     
   239.00000000000000        21942.510829829978     
   240.00000000000000        21162.717897533727     
   241.00000000000000        20409.846376398531     
   242.00000000000000        19683.000440043128     
   243.00000000000000        18981.312635813840     
   244.00000000000000        18303.943048098645     
   245.00000000000000        17650.078483576061     
   246.00000000000000        17018.931677952271     
   247.00000000000000        16409.740523736877     
   248.00000000000000        15821.767318617483     
   249.00000000000000        15254.298033991496     
   250.00000000000000        14706.641603220607     
   251.00000000000000        14178.129229176629     
   252.00000000000000        13668.113710651547     
   253.00000000000000        13175.968787209915     
   254.00000000000000        12701.088502066013     
   255.00000000000000        12242.886582574631     
   256.00000000000000        11800.795837927722     
   257.00000000000000        11374.267573656747     
   258.00000000000000        10962.771022544423     
   259.00000000000000        10565.792791556583     
   260.00000000000000        10182.836324410096     
   261.00000000000000        9813.4213793990948     
   262.00000000000000        9457.0835221074012     
   263.00000000000000        9113.3736326419858     
   264.00000000000000        8781.8574270275694     
   265.00000000000000        8462.1149924092733     
   266.00000000000000        8153.7403357160529     
   267.00000000000000        7856.3409454451566     
   268.00000000000000        7569.5373662319871     
   269.00000000000000        7292.9627858783251     
   270.00000000000000        7026.2626345165863     
   271.00000000000000        6769.0941955950348     
   272.00000000000000        6521.1262283747028     
   273.00000000000000        6282.0386016346965     
   274.00000000000000        6051.5219382900004     
   275.00000000000000        5829.2772706306077     
   276.00000000000000        5615.0157058976665     
   277.00000000000000        5408.4581019188336     
   278.00000000000000        5209.3347525300460     
   279.00000000000000        5017.3850825176160     
   280.00000000000000        4832.3573518205076     
   281.00000000000000        4654.0083687378419     
   282.00000000000000        4482.1032118933454     
   283.00000000000000        4316.4149607133850     
   284.00000000000000        4156.7244341813548     
   285.00000000000000        4002.8199376366520     
   286.00000000000000        3854.4970173915435     
   287.00000000000000        3711.5582229454562     
   288.00000000000000        3573.8128765807128     
   289.00000000000000        3441.0768501293451     
   290.00000000000000        3313.1723487058584     
   291.00000000000000        3189.9277012057260     
   292.00000000000000        3071.1771573742440     
   293.00000000000000        2956.7606912556435     
   294.00000000000000        2846.5238108369008     
   295.00000000000000        2740.3173737051934     
   296.00000000000000        2637.9974085433164     
   297.00000000000000        2539.4249422908947     
   298.00000000000000        2444.4658328046421     
   299.00000000000000        2352.9906068545756     
   300.00000000000000        2264.8743032979000     
   301.00000000000000        2179.9963212758939     
   302.00000000000000        2098.2402732838882     
   303.00000000000000        2019.4938429679842     
   304.00000000000000        1943.6486475060592     
   305.00000000000000        1870.6001044350189     
   306.00000000000000        1800.2473027891774     
   307.00000000000000        1732.4928784190902     
   308.00000000000000        1667.2428933633082     
   309.00000000000000        1604.4067191492420     
   310.00000000000000        1543.8969239025432     
   311.00000000000000        1485.6291631482547     
   312.00000000000000        1429.5220741894841     
   313.00000000000000        1375.4971739534119     
   314.00000000000000        1323.4787601968637     
   315.00000000000000        1273.3938159672891     
   316.00000000000000        1225.1719172173757     
   317.00000000000000        1178.7451434751467     
   318.00000000000000        1134.0479914734826     
   319.00000000000000        1091.0172916463782     
   320.00000000000000        1049.5921274015470     
   321.00000000000000        1009.7137570817811     
   322.00000000000000        971.32553853007676     
   323.00000000000000        934.37285617583211     
   324.00000000000000        898.80305056206942     
   325.00000000000000        864.56535023588629     
   326.00000000000000        831.61080592663507     
   327.00000000000000        799.89222693866236     
   328.00000000000000        769.36411968752429     
   329.00000000000000        739.98262831080194     
   330.00000000000000        711.70547728661427     
   331.00000000000000        684.49191599509288     
   332.00000000000000        658.30266515986489     
   333.00000000000000        633.09986510864451     
   334.00000000000000        608.84702579378165     
   335.00000000000000        585.50897851548996     
   336.00000000000000        563.05182929223020     
   337.00000000000000        541.44291382431334     
   338.00000000000000        520.65075399867328     
   339.00000000000000        500.64501588410707     
   340.00000000000000        481.39646916804963     
   341.00000000000000        462.87694798735305     
   342.00000000000000        445.05931310711100     
   343.00000000000000        427.91741540288808     
   344.00000000000000        411.42606060322299     
   345.00000000000000        395.56097525056850     
   346.00000000000000        380.29877384015197     
   347.00000000000000        365.61692709752271     
   348.00000000000000        351.49373135681782     
   349.00000000000000        337.90827900292533     
   350.00000000000000        324.84042994194670     
   351.00000000000000        312.27078406547400     
   352.00000000000000        300.18065467528731     
   353.00000000000000        288.55204283615620     
   354.00000000000000        277.36761262546781     
   355.00000000000000        266.61066724942248     
   356.00000000000000        256.26512599645542     
   357.00000000000000        246.31550199957474     
   358.00000000000000        236.74688078014930     
   359.00000000000000        227.54489954660880     
   360.00000000000000        218.69572722236998     
   361.00000000000000        210.18604517813023     
   362.00000000000000        202.00302864450879     
   363.00000000000000        194.13432878175715     
   364.00000000000000        186.56805538407022     
   365.00000000000000        179.29276019671860     
   366.00000000000000        172.29742082499675     
   367.00000000000000        165.57142521460210     
   368.00000000000000        159.10455668380385     
   369.00000000000000        152.88697948835957     
   370.00000000000000        146.90922490078901     
   371.00000000000000        141.16217778622851     
   372.00000000000000        135.63706365766274     
   373.00000000000000        130.32543619393127     
   374.00000000000000        125.21916520442063     
   375.00000000000000        120.31042502494486     
   376.00000000000000        115.59168332977667     
   377.00000000000000        111.05569034534858     
   378.00000000000000        106.69546845159219     
   379.00000000000000        102.50430215737626     
   380.00000000000000        98.475728436956686     
   381.00000000000000        94.603527414785788     
   382.00000000000000        90.881713386464824     
   383.00000000000000        87.304526164041590     
   384.00000000000000        83.866422734233382     
   385.00000000000000        80.562069218573910     
   386.00000000000000        77.386333124833286     
   387.00000000000000        74.334275879435765     
   388.00000000000000        71.401145630944583     
   389.00000000000000        68.582370315024463     
   390.00000000000000        65.873550971628134     
   391.00000000000000        63.270455305456359     
   392.00000000000000        60.769011481060851     
   393.00000000000000        58.365302144242946     
   394.00000000000000        56.055558661716368     
   395.00000000000000        53.836155571234315     
   396.00000000000000        51.703605234695658     
   397.00000000000000        49.654552686978086     
   398.00000000000000        47.685770673499746     
   399.00000000000000        45.794154869767709     
   400.00000000000000        43.976719276382035     
   401.00000000000000        42.230591783218706     
   402.00000000000000        40.553009896710712     
   403.00000000000000        38.941316624368888     
   404.00000000000000        37.392956510891466     
   405.00000000000000        35.905471820399384     
   406.00000000000000        34.476498859535525     
   407.00000000000000        33.103764436342153     
   408.00000000000000        31.785082450015121     
   409.00000000000000        30.518350606803661     
   410.00000000000000        29.301547257492309     
   411.00000000000000        28.132728352055651     
   412.00000000000000        27.010024507245447     
   413.00000000000000        25.931638183004804     
   414.00000000000000        24.895840963758669     
   415.00000000000000        23.900970940767237     
   416.00000000000000        22.945430191863519     
   417.00000000000000        22.027682355025185     
   418.00000000000000        21.146250292361387     
   419.00000000000000        20.299713841213649     
   420.00000000000000        19.486707649186513     
   421.00000000000000        18.705919090040005     
   422.00000000000000        17.956086257484529     
   423.00000000000000        17.235996034022580     
   424.00000000000000        16.544482232086843     
   425.00000000000000        15.880423804820406     
   426.00000000000000        15.242743123940528     
   427.00000000000000        14.630404322220498     
   428.00000000000000        14.042411698210195     
   429.00000000000000        13.477808180904406     
   430.00000000000000        12.935673852147078     
   431.00000000000000        12.415124524643861     
   432.00000000000000        11.915310373526168     
   433.00000000000000        11.435414619490276     
   434.00000000000000        10.974652261602543     
   435.00000000000000        10.532268857931243     
   436.00000000000000        10.107539352234337     
   437.00000000000000        9.6997669449940691     
   438.00000000000000        9.3082820071529753     
   439.00000000000000        8.9324410349652670     
   440.00000000000000        8.5716256444344499     
   441.00000000000000        8.2252416038649816     
   442.00000000000000        7.8927179031082977     
   443.00000000000000        7.5735058581365529     
   444.00000000000000        7.2670782496248956     
   445.00000000000000        6.9729284942749441     
   446.00000000000000        6.6905698476547588     
   447.00000000000000        6.4195346373778905     
   448.00000000000000        6.1593735254866706     
   449.00000000000000        5.9096547989451773     
   450.00000000000000        5.6699636871902888     
   451.00000000000000        5.4399017057240462     
   452.00000000000000        5.2190860247724817     
   453.00000000000000        5.0071488620673419     
   454.00000000000000        4.8037368988451625     
   455.00000000000000        4.6085107181906011     
   456.00000000000000        4.4211442648822654     
   457.00000000000000        4.2413243259317506     
   458.00000000000000        4.0687500310351874     
   459.00000000000000        3.9031323721869557     
   460.00000000000000        3.7441937417314608     
   461.00000000000000        3.5916674881567063     
   462.00000000000000        3.4452974889589862     
   463.00000000000000        3.3048377399329949     
   464.00000000000000        3.1700519602649475     
   465.00000000000000        3.0407132128307652     
   466.00000000000000        2.9166035391223932     
   467.00000000000000        2.7975136082472227     
   468.00000000000000        2.6832423794668161     
   469.00000000000000        2.5735967777600659     
   470.00000000000000        2.4683913819159158     
   471.00000000000000        2.3674481246788748     
   472.00000000000000        2.2705960044885281     
   473.00000000000000        2.1776708083713898     
   474.00000000000000        2.0885148455599674     
   475.00000000000000        2.0029766914297742     
   476.00000000000000        1.9209109413605672     
   477.00000000000000        1.8421779741425879     
   478.00000000000000        1.7666437245632345     
   479.00000000000000        1.6941794648226296     
   480.00000000000000        1.6246615944407468     
   481.00000000000000        1.5579714383303389     
   482.00000000000000        1.4939950527231445     
   483.00000000000000        1.4326230386481456     
   484.00000000000000        1.3737503626719061     
   485.00000000000000        1.3172761846224845     
   486.00000000000000        1.2631036920283245     
   487.00000000000000        1.2111399410142920     
   488.00000000000000        1.1612957034060953     
   489.00000000000000        1.1134853198045060     
   490.00000000000000        1.0676265583991658     
   491.00000000000000        1.0236404793009657     
   492.00000000000000       0.98145130418008442     
   493.00000000000000       0.94098629100502740     
   494.00000000000000       0.90217561368570787     
   495.00000000000000       0.86495224643100188     
   496.00000000000000       0.82925185263882606     
   497.00000000000000       0.79501267814307508     
   498.00000000000000       0.76217544864900633     
   499.00000000000000       0.73068327119489318     
   500.00000000000000       0.70048153948377179     
   501.00000000000000       0.67151784293543959     
   502.00000000000000       0.64374187931419369     
   503.00000000000000       0.61710537079368211     
   504.00000000000000       0.59156198332521837     
   505.00000000000000       0.56706724918133922     
   506.00000000000000       0.54357849255100432     
   507.00000000000000       0.52105475806778723     
   508.00000000000000       0.49945674215688840     
   509.00000000000000       0.47874672709113686     
   510.00000000000000       0.45888851765040828     
   511.00000000000000       0.43984738028299958     
   512.00000000000000       0.42158998467126058     
   513.00000000000000       0.40408434760772566     
   514.00000000000000       0.38729977909136193     
   515.00000000000000       0.37120683055733950     
   516.00000000000000       0.35577724515673731     
   517.00000000000000       0.34098391000611855     
   518.00000000000000       0.32680081032975850     
   519.00000000000000       0.31320298542045416     
   520.00000000000000       0.30016648634765508     
   521.00000000000000       0.28766833534435238     
   522.00000000000000       0.27568648680694746     
   523.00000000000000       0.26419978984470077     
   524.00000000000000       0.25318795231798974     
   525.00000000000000       0.24263150630682079     
   526.00000000000000       0.23251177495338304     
   527.00000000000000       0.22281084062461060     
   528.00000000000000       0.21351151434279092     
   529.00000000000000       0.20459730643429791     
   530.00000000000000       0.19605239834844465     
   531.00000000000000       0.18786161560036416     
   532.00000000000000       0.18001040179356717     
   533.00000000000000       0.17248479367958139     
   534.00000000000000       0.16527139721374295     
   535.00000000000000       0.15835736456777602     
   536.00000000000000       0.15173037206137086     
   537.00000000000000       0.14537859897641950     
   538.00000000000000       0.13929070721898595     
   539.00000000000000       0.13345582179546961     
   540.00000000000000       0.12786351207072905     
   541.00000000000000       0.12250377377716691     
   542.00000000000000       0.11736701174503643     
   543.00000000000000       0.11244402332535090     
   544.00000000000000       0.10772598247792831     
   545.00000000000000       0.10320442449815892     
   546.00000000000000        9.8871231357148523E-002
   547.00000000000000        9.4718617630835764E-002
   548.00000000000000        9.0739116994710114E-002
   549.00000000000000        8.6925569261599889E-002
   550.00000000000000        8.3271107940939879E-002
   551.00000000000000        7.9769148298758211E-002
   552.00000000000000        7.6413375898437913E-002
   553.00000000000000        7.3197735603088163E-002
   554.00000000000000        7.0116421021136688E-002
   555.00000000000000        6.7163864377453517E-002
   556.00000000000000        6.4334726793029082E-002
   557.00000000000000        6.1623888956902330E-002
   558.00000000000000        5.9026442174660534E-002
   559.00000000000000        5.6537679778475493E-002
   560.00000000000000        5.4153088884212199E-002
   561.00000000000000        5.1868342481734685E-002
   562.00000000000000        4.9679291845071596E-002
   563.00000000000000        4.7581959249640378E-002
   564.00000000000000        4.5572530984230836E-002
   565.00000000000000        4.3647350645933197E-002
   566.00000000000000        4.1802912706673877E-002
   567.00000000000000        4.0035856340460411E-002
   568.00000000000000        3.8342959500878480E-002
   569.00000000000000        3.6721133238794217E-002
   570.00000000000000        3.5167416250610359E-002
   571.00000000000000        3.3678969647823444E-002
   572.00000000000000        3.2253071938973248E-002
   573.00000000000000        3.0887114215454779E-002
   574.00000000000000        2.9578595532986418E-002
   575.00000000000000        2.8325118480853870E-002
   576.00000000000000        2.7124384931376443E-002
   577.00000000000000        2.5974191962337263E-002
   578.00000000000000        2.4872427945391247E-002
   579.00000000000000        2.3817068793777985E-002
   580.00000000000000        2.2806174362901104E-002
   581.00000000000000        2.1837884997606055E-002
   582.00000000000000        2.0910418220240427E-002
   583.00000000000000        2.0022065553802884E-002
   584.00000000000000        1.9171189474726184E-002
   585.00000000000000        1.8356220490054361E-002
   586.00000000000000        1.7575654333978830E-002
   587.00000000000000        1.6828049278911128E-002
   588.00000000000000        1.6112023556449168E-002
   589.00000000000000        1.5426252883792317E-002
   590.00000000000000        1.4769468091330997E-002
   591.00000000000000        1.4140452847310114E-002
   592.00000000000000        1.3538041475632603E-002
   593.00000000000000        1.2961116863022986E-002
   594.00000000000000        1.2408608451926293E-002
   595.00000000000000        1.1879490315661044E-002
   596.00000000000000        1.1372779312486848E-002
   597.00000000000000        1.0887533315377559E-002
   598.00000000000000        1.0422849514428902E-002
   599.00000000000000        9.9778627889389095E-003
   600.00000000000000        9.5517441463344680E-003
   601.00000000000000        9.1436992252192494E-003
   602.00000000000000        8.7529668599334916E-003
   603.00000000000000        8.3788177041213413E-003
   604.00000000000000        8.0205529108998887E-003
   605.00000000000000        7.6775028673248692E-003
   606.00000000000000        7.3490259809366907E-003
   607.00000000000000        7.0345075162631309E-003
   608.00000000000000        6.7333584792410835E-003
   609.00000000000000        6.4450145475990353E-003
   610.00000000000000        6.1689350453243107E-003
   611.00000000000000        5.9046019594136022E-003
   612.00000000000000        5.6515189971783680E-003
   613.00000000000000        5.4092106824467374E-003
   614.00000000000000        5.1772214890710745E-003
   615.00000000000000        4.9551150102136688E-003
   616.00000000000000        4.7424731619470847E-003
   617.00000000000000        4.5388954197629278E-003
   618.00000000000000        4.3439980866406165E-003
   619.00000000000000        4.1574135913831946E-003
   620.00000000000000        3.9787898159790013E-003
   621.00000000000000        3.8077894507983091E-003
   622.00000000000000        3.6440893764826741E-003
   623.00000000000000        3.4873800714317477E-003
   624.00000000000000        3.3373650438360564E-003
   625.00000000000000        3.1937602872470672E-003
   626.00000000000000        3.0562937587179286E-003
   627.00000000000000        2.9247048785860518E-003
   628.00000000000000        2.7987440510084446E-003
   629.00000000000000        2.6781722043948577E-003
   630.00000000000000        2.5627603509205468E-003
   631.00000000000000        2.4522891643328579E-003
   632.00000000000000        2.3465485752976719E-003
   633.00000000000000        2.2453373835637676E-003
   634.00000000000000        2.1484628862510299E-003
   635.00000000000000        2.0557405215979288E-003
   636.00000000000000        1.9669935275308460E-003
   637.00000000000000        1.8820526144429654E-003
   638.00000000000000        1.8007556515967310E-003
   639.00000000000000        1.7229473665866136E-003
   640.00000000000000        1.6484790573233494E-003
   641.00000000000000        1.5772083160214049E-003
   642.00000000000000        1.5089987646940007E-003
   643.00000000000000        1.4437198016794444E-003
   644.00000000000000        1.3812463587424175E-003
   645.00000000000000        1.3214586683124832E-003
   646.00000000000000        1.2642420404404030E-003
   647.00000000000000        1.2094866490691934E-003
   648.00000000000000        1.1570873272344717E-003
   649.00000000000000        1.1069433708237799E-003
   650.00000000000000        1.0589583505400040E-003
   651.00000000000000        1.0130399317285507E-003
   652.00000000000000        9.6909970174205060E-004
   653.00000000000000        9.2705300452982525E-004
   654.00000000000000        8.8681878215172375E-004
   655.00000000000000        8.4831942292923682E-004
   656.00000000000000        8.1148061595766796E-004
   657.00000000000000        7.7623121171507608E-004
   658.00000000000000        7.4250308851466840E-004
   659.00000000000000        7.1023102455711673E-004
   660.00000000000000        6.7935257535034661E-004
   661.00000000000000        6.4980795627276396E-004
   662.00000000000000        6.2153993006637033E-004
   663.00000000000000        5.9449369905377740E-004
   664.00000000000000        5.6861680188278064E-004
   665.00000000000000        5.4385901460949314E-004
   666.00000000000000        5.2017225593916695E-004
   667.00000000000000        4.9751049645131815E-004
   668.00000000000000        4.7582967164285189E-004
   669.00000000000000        4.5508759862984460E-004
   670.00000000000000        4.3524389635517154E-004
   671.00000000000000        4.1625990915554006E-004
   672.00000000000000        3.9809863354757350E-004
   673.00000000000000        3.8072464809841644E-004
   674.00000000000000        3.6410404625175852E-004
   675.00000000000000        3.4820437198581061E-004
   676.00000000000000        3.3299455818458821E-004
   677.00000000000000        3.1844486760908552E-004
   678.00000000000000        3.0452683635931574E-004
   679.00000000000000        2.9121321972297231E-004
   680.00000000000000        2.7847794031073364E-004
   681.00000000000000        2.6629603838229372E-004
   682.00000000000000        2.5464362427129252E-004
   683.00000000000000        2.4349783282116356E-004
   684.00000000000000        2.3283677974741875E-004
   685.00000000000000        2.2263951984562066E-004
   686.00000000000000        2.1288600696748558E-004
   687.00000000000000        2.0355705569087210E-004
   688.00000000000000        1.9463430461251626E-004
   689.00000000000000        1.8610018119524831E-004
   690.00000000000000        1.7793786810441534E-004
   691.00000000000000        1.7013127097082143E-004
   692.00000000000000        1.6266498752019932E-004
   693.00000000000000        1.5552427801169270E-004
   694.00000000000000        1.4869503693025758E-004
   695.00000000000000        1.4216376588015696E-004
   696.00000000000000        1.3591754762897211E-004
   697.00000000000000        1.2994402125364097E-004
   698.00000000000000        1.2423135834204306E-004
   699.00000000000000        1.1876824020569615E-004
   700.00000000000000        1.1354383606080032E-004
   701.00000000000000        1.0854778213689978E-004
   702.00000000000000        1.0377016167389025E-004
   703.00000000000000        9.9201485769948356E-005
   704.00000000000000        9.4832675044390316E-005
   705.00000000000000        9.0655042081078048E-005
   706.00000000000000        8.6660274619325016E-005
   707.00000000000000        8.2840419460748470E-005
   708.00000000000000        7.9187867061766040E-005
   709.00000000000000        7.5695336782741099E-005
   710.00000000000000        7.2355862765968349E-005
   711.00000000000000        6.9162780415911825E-005
   712.00000000000000        6.6109713456164373E-005
   713.00000000000000        6.3190561538709489E-005
   714.00000000000000        6.0399488382080574E-005
   715.00000000000000        5.7730910416007364E-005
   716.00000000000000        5.5179485911058035E-005
   717.00000000000000        5.2740104572722145E-005
   718.00000000000000        5.0407877580220401E-005
   719.00000000000000        4.8178128051167243E-005
   720.00000000000000        4.6046381914011049E-005
   721.00000000000000        4.4008359170926795E-005
   722.00000000000000        4.2059965534583897E-005
   723.00000000000000        4.0197284422891504E-005
   724.00000000000000        3.8416569296511150E-005
   725.00000000000000        3.6714236324554674E-005
   726.00000000000000        3.5086857364518745E-005
   727.00000000000000        3.3531153243068620E-005
   728.00000000000000        3.2043987324885685E-005
   729.00000000000000        3.0622359357295676E-005
   730.00000000000000        2.9263399578948987E-005
   731.00000000000000        2.7964363081286474E-005
   732.00000000000000        2.6722624412034518E-005
   733.00000000000000        2.5535672410400460E-005
   734.00000000000000        2.4401105264090717E-005
   735.00000000000000        2.3316625778692447E-005
   736.00000000000000        2.2280036850352031E-005
   737.00000000000000        2.1289237133079180E-005
   738.00000000000000        2.0342216892360120E-005
   739.00000000000000        1.9437054037127167E-005
   740.00000000000000        1.8571910322465136E-005
   741.00000000000000        1.7745027715752047E-005
   742.00000000000000        1.6954724919255846E-005
   743.00000000000000        1.6199394042488270E-005
   744.00000000000000        1.5477497417917583E-005
   745.00000000000000        1.4787564553897354E-005
   746.00000000000000        1.4128189218945619E-005
   747.00000000000000        1.3498026651748257E-005
   748.00000000000000        1.2895790891496899E-005
   749.00000000000000        1.2320252223413530E-005
   750.00000000000000        1.1770234734521428E-005
   751.00000000000000        1.1244613974935577E-005
   752.00000000000000        1.0742314720148737E-005
   753.00000000000000        1.0262308829981795E-005
   754.00000000000000        9.8036132000487256E-006
   755.00000000000000        9.3652878017669367E-006
   756.00000000000000        8.9464338071097314E-006
   757.00000000000000        8.5461917944635330E-006
   758.00000000000000        8.1637400321019970E-006
   759.00000000000000        7.7982928359453615E-006
   760.00000000000000        7.4490989984095865E-006
   761.00000000000000        7.1154402852873525E-006
   762.00000000000000        6.7966299977372606E-006
   763.00000000000000        6.4920115965778298E-006
   764.00000000000000        6.2009573862048141E-006
   765.00000000000000        5.9228672555658290E-006
   766.00000000000000        5.6571674737344156E-006
   767.00000000000000        5.4033095377301811E-006
   768.00000000000000        5.1607690703372263E-006
   769.00000000000000        4.9290447657601386E-006
   770.00000000000000        4.7076573810605672E-006
   771.00000000000000        4.4961487713952595E-006
   772.00000000000000        4.2940809671687614E-006
   773.00000000000000        4.1010352912897729E-006
   774.00000000000000        3.9166115148009272E-006
   775.00000000000000        3.7404270492247602E-006
   776.00000000000000        3.5721161740392126E-006
   777.00000000000000        3.4113292977654854E-006
   778.00000000000000        3.2577322512145699E-006
   779.00000000000000        3.1110056115031542E-006
   780.00000000000000        2.9708440555065281E-006
   781.00000000000000        2.8369557414764247E-006
   782.00000000000000        2.7090617176044003E-006
   783.00000000000000        2.5868953563638742E-006
   784.00000000000000        2.4702018135150305E-006
   785.00000000000000        2.3587375107045932E-006
   786.00000000000000        2.2522696406372352E-006
   787.00000000000000        2.1505756938413299E-006
   788.00000000000000        2.0534430060918887E-006
   789.00000000000000        1.9606683255958126E-006
   790.00000000000000        1.8720573990813448E-006
   791.00000000000000        1.7874245759718466E-006
   792.00000000000000        1.7065924298587722E-006
   793.00000000000000        1.6293913965227895E-006
   794.00000000000000        1.5556594277841997E-006
   795.00000000000000        1.4852416604951680E-006
   796.00000000000000        1.4179901000152797E-006
   797.00000000000000        1.3537633175415275E-006
   798.00000000000000        1.2924261606894701E-006
   799.00000000000000        1.2338494767497280E-006
   800.00000000000000        1.1779098480681791E-006
   801.00000000000000        1.1244893390218820E-006
   802.00000000000000        1.0734752540864240E-006
   803.00000000000000        1.0247599065111850E-006
   804.00000000000000        9.7824039714059658E-007
   805.00000000000000        9.3381840293940889E-007
   806.00000000000000        8.9139997479867421E-007
   807.00000000000000        8.5089534421808782E-007
   808.00000000000000        8.1221873847728181E-007
   809.00000000000000        7.7528820392600204E-007
   810.00000000000000        7.4002543703857076E-007
   811.00000000000000        7.0635562289381604E-007
   812.00000000000000        6.7420728075634873E-007
   813.00000000000000        6.4351211644871059E-007
   814.00000000000000        6.1420488121792199E-007
   815.00000000000000        5.8622323681251530E-007
   816.00000000000000        5.5950762649842810E-007
   817.00000000000000        5.3400115175424095E-007
   818.00000000000000        5.0964945439710365E-007
   819.00000000000000        4.8640060390188212E-007
   820.00000000000000        4.6420498968601593E-007
   821.00000000000000        4.4301521814297749E-007
   822.00000000000000        4.2278601421597538E-007
   823.00000000000000        4.0347412731324791E-007
   824.00000000000000        3.8503824137463726E-007
   825.00000000000000        3.6743888890742285E-007
   826.00000000000000        3.5063836881729137E-007
   827.00000000000000        3.3460066786823633E-007
   828.00000000000000        3.1929138561178701E-007
   829.00000000000000        3.0467766263367492E-007
   830.00000000000000        2.9072811197199369E-007
   831.00000000000000        2.7741275356778749E-007
   832.00000000000000        2.6470295161470641E-007
   833.00000000000000        2.5257135468047528E-007
   834.00000000000000        2.4099183847819064E-007
   835.00000000000000        2.2993945117108655E-007
   836.00000000000000        2.1939036109922040E-007
   837.00000000000000        2.0932180682161866E-007
   838.00000000000000        1.9971204937193617E-007
   839.00000000000000        1.9054032663020453E-007
   840.00000000000000        1.8178680971747590E-007
   841.00000000000000        1.7343256132427935E-007
   842.00000000000000        1.6545949588767589E-007
   843.00000000000000        1.5785034153544713E-007
   844.00000000000000        1.5058860371948116E-007
   845.00000000000000        1.4365853046390477E-007
   846.00000000000000        1.3704507915670712E-007
   847.00000000000000        1.3073388481673933E-007
   848.00000000000000        1.2471122977097502E-007
   849.00000000000000        1.1896401467979356E-007
   850.00000000000000        1.1347973085068934E-007
   851.00000000000000        1.0824643378355010E-007
   852.00000000000000        1.0325271789302110E-007
   853.00000000000000        9.8487692355968292E-008
   854.00000000000000        9.3940958034263357E-008
   855.00000000000000        8.9602585425321013E-008
   856.00000000000000        8.5463093594951292E-008
   857.00000000000000        8.1513430049000057E-008
   858.00000000000000        7.7744951502257841E-008
   859.00000000000000        7.4149405504881728E-008
   860.00000000000000        7.0718912888341432E-008
   861.00000000000000        6.7445950994587090E-008
   862.00000000000000        6.4323337653705530E-008
   863.00000000000000        6.1344215876898134E-008
   864.00000000000000        5.8502039233027981E-008
   865.00000000000000        5.5790557878441055E-008
   866.00000000000000        5.3203805211035524E-008
   867.00000000000000        5.0736085120898550E-008
   868.00000000000000        4.8381959810995513E-008
   869.00000000000000        4.6136238162604041E-008
   870.00000000000000        4.3993964621281539E-008
   871.00000000000000        4.1950408580236289E-008
   872.00000000000000        4.0001054238980135E-008
   873.00000000000000        3.8141590916129964E-008
   874.00000000000000        3.6367903796157677E-008
   875.00000000000000        3.4676065090767246E-008
   876.00000000000000        3.3062325596452871E-008
   877.00000000000000        3.1523106630593084E-008
   878.00000000000000        3.0054992329218219E-008
   879.00000000000000        2.8654722290337895E-008
   880.00000000000000        2.7319184547434072E-008
   881.00000000000000        2.6045408858388665E-008
   882.00000000000000        2.4830560295789872E-008
   883.00000000000000        2.3671933125162287E-008
   884.00000000000000        2.2566944958285370E-008
   885.00000000000000        2.1513131169309251E-008
   886.00000000000000        2.0508139561940976E-008
   887.00000000000000        1.9549725276485952E-008
   888.00000000000000        1.8635745926026886E-008
   889.00000000000000        1.7764156951500518E-008
   890.00000000000000        1.6933007185889883E-008
   891.00000000000000        1.6140434618173039E-008
   892.00000000000000        1.5384662348099340E-008
   893.00000000000000        1.4663994723252637E-008
   894.00000000000000        1.3976813650239921E-008
   895.00000000000000        1.3321575072212006E-008
   896.00000000000000        1.2696805605264914E-008
   897.00000000000000        1.2101099326603146E-008
   898.00000000000000        1.1533114707667594E-008
   899.00000000000000        1.0991571685722670E-008
   900.00000000000000        1.0475248867699829E-008
   901.00000000000000        9.9829808603615957E-009
   902.00000000000000        9.5136557211173779E-009
   903.00000000000000        9.0662125240788403E-009
   904.00000000000000        8.6396390361769317E-009
   905.00000000000000        8.2329694983992965E-009
   906.00000000000000        7.8452825074248484E-009
   907.00000000000000        7.4756989931434406E-009
   908.00000000000000        7.1233802877496462E-009
   909.00000000000000        6.7875262822938000E-009
   910.00000000000000        6.4673736667543449E-009
   911.00000000000000        6.1621942498745406E-009
   912.00000000000000        5.8712933551726012E-009
   913.00000000000000        5.5940082896950804E-009
   914.00000000000000        5.3297068822386501E-009
   915.00000000000000        5.0777860879072221E-009
   916.00000000000000        4.8376706560187648E-009
   917.00000000000000        4.6088118585023038E-009
   918.00000000000000        4.3906862760588507E-009
   919.00000000000000        4.1827946394805184E-009
   920.00000000000000        3.9846607236370458E-009
   921.00000000000000        3.7958302917549385E-009
   922.00000000000000        3.6158700877154045E-009
   923.00000000000000        3.4443668742040901E-009
   924.00000000000000        3.2809265146398754E-009
   925.00000000000000        3.1251730969043022E-009
   926.00000000000000        2.9767480969813742E-009
   927.00000000000000        2.8353095807030795E-009
   928.00000000000000        2.7005314418763370E-009
   929.00000000000000        2.5721026751444045E-009
   930.00000000000000        2.4497266820117695E-009
   931.00000000000000        2.3331206085286160E-009
   932.00000000000000        2.2220147132020488E-009
   933.00000000000000        2.1161517637643132E-009
   934.00000000000000        2.0152864614886500E-009
   935.00000000000000        1.9191848918052758E-009
   936.00000000000000        1.8276240000233542E-009
   937.00000000000000        1.7403910910201146E-009
   938.00000000000000        1.6572833518093864E-009
   939.00000000000000        1.5781073959505043E-009
   940.00000000000000        1.5026788288056488E-009
   941.00000000000000        1.4308218326985540E-009
   942.00000000000000        1.3623687710696781E-009
   943.00000000000000        1.2971598107647050E-009
   944.00000000000000        1.2350425616310249E-009
   945.00000000000000        1.1758717326354748E-009
   946.00000000000000        1.1195088037508501E-009
   947.00000000000000        1.0658217128936830E-009
   948.00000000000000        1.0146845572276288E-009
   949.00000000000000        9.6597730817833717E-010
   950.00000000000000        9.1958553953440496E-010
   951.00000000000000        8.7540016803856341E-010
   952.00000000000000        8.3331720589894156E-010
   953.00000000000000        7.9323752467702545E-010
   954.00000000000000        7.5506663003291594E-010
   955.00000000000000        7.1871444683255469E-010
   956.00000000000000        6.8409511414337786E-010
   957.00000000000000        6.5112678966715315E-010
   958.00000000000000        6.1973146317840271E-010
   959.00000000000000        5.8983477855701683E-010
   960.00000000000000        5.6136586402186552E-010
   961.00000000000000        5.3425717019062810E-010
   962.00000000000000        5.0844431560730830E-010
   963.00000000000000        4.8386593939598467E-010
   964.00000000000000        4.6046356071431794E-010
   965.00000000000000        4.3818144469539478E-010
   966.00000000000000        4.1696647458067260E-010
   967.00000000000000        3.9676802976011993E-010
   968.00000000000000        3.7753786944891257E-010
   969.00000000000000        3.5923002174189564E-010
   970.00000000000000        3.4180067779932241E-010
   971.00000000000000        3.2520809092810329E-010
   972.00000000000000        3.0941248033402091E-010
   973.00000000000000        2.9437593933015941E-010
   974.00000000000000        2.8006234779692421E-010
   975.00000000000000        2.6643728869822931E-010
   976.00000000000000        2.5346796846725982E-010
   977.00000000000000        2.4112314108392105E-010
   978.00000000000000        2.2937303567408120E-010
   979.00000000000000        2.1818928746846716E-010
   980.00000000000000        2.0754487196653864E-010
   981.00000000000000        1.9741404215778110E-010
   982.00000000000000        1.8777226865939388E-010
   983.00000000000000        1.7859618263609361E-010
   984.00000000000000        1.6986352137363669E-010
   985.00000000000000        1.6155307638371029E-010
   986.00000000000000        1.5364464392334630E-010
   987.00000000000000        1.4611897781745590E-010
   988.00000000000000        1.3895774447802989E-010
   989.00000000000000        1.3214348001865247E-010
   990.00000000000000        1.2565954936740941E-010
   991.00000000000000        1.1949010728583850E-010
   992.00000000000000        1.1362006120577914E-010
   993.00000000000000        1.0803503580002256E-010
   994.00000000000000        1.0272133920649600E-010
   995.00000000000000        9.7665930829469835E-011
   996.00000000000000        9.2856390644701726E-011
   997.00000000000000        8.8280889938878915E-011
   998.00000000000000        8.3928163416855299E-011
   999.00000000000000        7.9787482613279368E-011
   1000.0000000000000        7.5848630548088387E-011
