# Recoil energy (kev)        Event rate (events/gev)
   1.0000000000000000        2.3178242413870889     
   2.0000000000000000        2.2419150907713337     
   3.0000000000000000        2.1682470511527394     
   4.0000000000000000        2.0967663298899364     
   5.0000000000000000        2.0274197470694002     
   6.0000000000000000        1.9601547734950326     
   7.0000000000000000        1.8949195647943811     
   8.0000000000000000        1.8316629918771323     
   9.0000000000000000        1.7703346679699172     
   10.000000000000000        1.7108849724402548     
   11.000000000000000        1.6532650716119217     
   12.000000000000000        1.5974269367636229     
   13.000000000000000        1.5433233594931697     
   14.000000000000000        1.4909079646201682     
   15.000000000000000        1.4401352207909666     
   16.000000000000000        1.3909604489413467     
   17.000000000000000        1.3433398287642362     
   18.000000000000000        1.2972304033217972     
   19.000000000000000        1.2525900819339928     
   20.000000000000000        1.2093776414684676     
   21.000000000000000        1.1675527261499501     
   22.000000000000000        1.1270758460008377     
   23.000000000000000        1.0879083740184221     
   24.000000000000000        1.0500125421885305     
   25.000000000000000        1.0133514364294791     
   26.000000000000000       0.97788899055516076     
   27.000000000000000       0.94358997934087074     
   28.000000000000000       0.91042001077064894     
   29.000000000000000       0.87834551754036683     
   30.000000000000000       0.84733374788638194     
   31.000000000000000       0.81735275580538702     
   32.000000000000000       0.78837139072717843     
   33.000000000000000       0.76035928669828290     
   34.000000000000000       0.73328685113076986     
   35.000000000000000       0.70712525316727914     
   36.000000000000000       0.68184641170992566     
   37.000000000000000       0.65742298315784697     
   38.000000000000000       0.63382834889512141     
   39.000000000000000       0.61103660256810799     
   40.000000000000000       0.58902253718864539     
   41.000000000000000       0.56776163209704278     
   42.000000000000000       0.54723003981649287     
   43.000000000000000       0.52740457282828546     
   44.000000000000000       0.50826269029515359     
   45.000000000000000       0.48978248475804476     
   46.000000000000000       0.47194266882976987     
   47.000000000000000       0.45472256190721061     
   48.000000000000000       0.43810207692208863     
   49.000000000000000       0.42206170714869773     
   50.000000000000000       0.40658251308556326     
   51.000000000000000       0.39164610942653943     
   52.000000000000000       0.37723465213553481     
   53.000000000000000       0.36333082563787289     
   54.000000000000000       0.34991783014001249     
   55.000000000000000       0.33697936908835407     
   56.000000000000000       0.32449963677676191     
   57.000000000000000       0.31246330611145812     
   58.000000000000000       0.30085551654107268     
   59.000000000000000       0.28966186215871775     
   60.000000000000000       0.27886837998218772     
   61.000000000000000       0.26846153841764131     
   62.000000000000000       0.25842822591136888     
   63.000000000000000       0.24875573979365304     
   64.000000000000000       0.23943177531806162     
   65.000000000000000       0.23044441489896958     
   66.000000000000000       0.22178211754956106     
   67.000000000000000       0.21343370852207319     
   68.000000000000000       0.20538836915156128     
   69.000000000000000       0.19763562690405731     
   70.000000000000000       0.19016534562958864     
   71.000000000000000       0.18296771602014672     
   72.000000000000000       0.17603324627236469     
   73.000000000000000       0.16935275295434676     
   74.000000000000000       0.16291735207579752     
   75.000000000000000       0.15671845036034149     
   76.000000000000000       0.15074773671867189     
   77.000000000000000       0.14499717392094963     
   78.000000000000000       0.13945899046666968     
   79.000000000000000       0.13412567265002098     
   80.000000000000000       0.12898995681861114     
   81.000000000000000       0.12404482182326146     
   82.000000000000000       0.11928348165645299     
   83.000000000000000       0.11469937827687549     
   84.000000000000000       0.11028617461742919     
   85.000000000000000       0.10603774777392967     
   86.000000000000000       0.10194818237168193     
   87.000000000000000        9.8011764107021504E-002
   88.000000000000000        9.4222973460853884E-002
   89.000000000000000        9.0576479581173527E-002
   90.000000000000000        8.7067134331497736E-002
   91.000000000000000        8.3689966502119420E-002
   92.000000000000000        8.0440176181048248E-002
   93.000000000000000        7.7313129281500637E-002
   94.000000000000000        7.4304352222769238E-002
   95.000000000000000        7.1409526761315109E-002
   96.000000000000000        6.8624484968905941E-002
   97.000000000000000        6.5945204354637882E-002
   98.000000000000000        6.3367803127686625E-002
   99.000000000000000        6.0888535597640410E-002
   100.00000000000000        5.8503787709293792E-002
   101.00000000000000        5.6210072708792289E-002
   102.00000000000000        5.4004026938052854E-002
   103.00000000000000        5.1882405754403359E-002
   104.00000000000000        4.9842079572422503E-002
   105.00000000000000        4.7880030024989181E-002
   106.00000000000000        4.5993346240590156E-002
   107.00000000000000        4.4179221233969931E-002
   108.00000000000000        4.2434948407246056E-002
   109.00000000000000        4.0757918158658216E-002
   110.00000000000000        3.9145614596155696E-002
   111.00000000000000        3.7595612353079011E-002
   112.00000000000000        3.6105573503229918E-002
   113.00000000000000        3.4673244572676010E-002
   114.00000000000000        3.3296453645678709E-002
   115.00000000000000        3.1973107562182877E-002
   116.00000000000000        3.0701189204354603E-002
   117.00000000000000        2.9478754869701598E-002
   118.00000000000000        2.8303931728359516E-002
   119.00000000000000        2.7174915362176807E-002
   120.00000000000000        2.6089967383280545E-002
   121.00000000000000        2.5047413129852408E-002
   122.00000000000000        2.4045639436896304E-002
   123.00000000000000        2.3083092479826255E-002
   124.00000000000000        2.2158275688752067E-002
   125.00000000000000        2.1269747731387751E-002
   126.00000000000000        2.0416120562559197E-002
   127.00000000000000        1.9596057538331834E-002
   128.00000000000000        1.8808271592826858E-002
   129.00000000000000        1.8051523475843587E-002
   130.00000000000000        1.7324620049449697E-002
   131.00000000000000        1.6626412641747267E-002
   132.00000000000000        1.5955795456068608E-002
   133.00000000000000        1.5311704033898477E-002
   134.00000000000000        1.4693113769866213E-002
   135.00000000000000        1.4099038477190863E-002
   136.00000000000000        1.3528529002008023E-002
   137.00000000000000        1.2980671885046900E-002
   138.00000000000000        1.2454588069168526E-002
   139.00000000000000        1.1949431651315104E-002
   140.00000000000000        1.1464388677461801E-002
   141.00000000000000        1.0998675979199320E-002
   142.00000000000000        1.0551540050614963E-002
   143.00000000000000        1.0122255964176955E-002
   144.00000000000000        9.7101263243629197E-003
   145.00000000000000        9.3144802578102766E-003
   146.00000000000000        8.9346724387997616E-003
   147.00000000000000        8.5700821489194407E-003
   148.00000000000000        8.2201123697886319E-003
   149.00000000000000        7.8841889077546513E-003
   150.00000000000000        7.5617595495070314E-003
   151.00000000000000        7.2522932475858719E-003
   152.00000000000000        6.9552793347897584E-003
   153.00000000000000        6.6702267665208021E-003
   154.00000000000000        6.3966633901314605E-003
   155.00000000000000        6.1341352403674531E-003
   156.00000000000000        5.8822058600276851E-003
   157.00000000000000        5.6404556449902330E-003
   158.00000000000000        5.4084812127782747E-003
   159.00000000000000        5.1858947938667769E-003
   160.00000000000000        4.9723236449548602E-003
   161.00000000000000        4.7674094834529689E-003
   162.00000000000000        4.5708079424580401E-003
   163.00000000000000        4.3821880455125776E-003
   164.00000000000000        4.2012317004656062E-003
   165.00000000000000        4.0276332117756657E-003
   166.00000000000000        3.8610988106169584E-003
   167.00000000000000        3.7013462021699504E-003
   168.00000000000000        3.5481041294982132E-003
   169.00000000000000        3.4011119534323266E-003
   170.00000000000000        3.2601192479006086E-003
   171.00000000000000        3.1248854101646427E-003
   172.00000000000000        2.9951792854353548E-003
   173.00000000000000        2.8707788053629023E-003
   174.00000000000000        2.7514706399096303E-003
   175.00000000000000        2.6370498621326702E-003
   176.00000000000000        2.5273196254173825E-003
   177.00000000000000        2.4220908527190299E-003
   178.00000000000000        2.3211819373841459E-003
   179.00000000000000        2.2244184551382441E-003
   180.00000000000000        2.1316328868395589E-003
   181.00000000000000        2.0426643516127034E-003
   182.00000000000000        1.9573583499889139E-003
   183.00000000000000        1.8755665166922438E-003
   184.00000000000000        1.7971463827234648E-003
   185.00000000000000        1.7219611464051967E-003
   186.00000000000000        1.6498794530635354E-003
   187.00000000000000        1.5807751830322811E-003
   188.00000000000000        1.5145272476770942E-003
   189.00000000000000        1.4510193931470117E-003
   190.00000000000000        1.3901400115710885E-003
   191.00000000000000        1.3317819594277371E-003
   192.00000000000000        1.2758423828237357E-003
   193.00000000000000        1.2222225494290886E-003
   194.00000000000000        1.1708276868229292E-003
   195.00000000000000        1.1215668270140680E-003
   196.00000000000000        1.0743526569082066E-003
   197.00000000000000        1.0291013745019287E-003
   198.00000000000000        9.8573255059120025E-004
   199.00000000000000        9.4416899578980674E-004
   200.00000000000000        9.0433663266029595E-004
   201.00000000000000        8.6616437276705474E-004
   202.00000000000000        8.2958399846802804E-004
   203.00000000000000        7.9453004926798498E-004
   204.00000000000000        7.6093971256271735E-004
   205.00000000000000        7.2875271860964991E-004
   206.00000000000000        6.9791123956623030E-004
   207.00000000000000        6.6835979244321466E-004
   208.00000000000000        6.4004514582546336E-004
   209.00000000000000        6.1291623021826386E-004
   210.00000000000000        5.8692405188225582E-004
   211.00000000000000        5.6202161002507148E-004
   212.00000000000000        5.3816381722259215E-004
   213.00000000000000        5.1530742294739098E-004
   214.00000000000000        4.9341094008628693E-004
   215.00000000000000        4.7243457433348825E-004
   216.00000000000000        4.5234015634968051E-004
   217.00000000000000        4.3309107658171865E-004
   218.00000000000000        4.1465222264126534E-004
   219.00000000000000        3.9698991914455164E-004
   220.00000000000000        3.8007186991907937E-004
   221.00000000000000        3.6386710248647756E-004
   222.00000000000000        3.4834591473418126E-004
   223.00000000000000        3.3347982369180538E-004
   224.00000000000000        3.1924151633120116E-004
   225.00000000000000        3.0560480231224589E-004
   226.00000000000000        2.9254456859929308E-004
   227.00000000000000        2.8003673587601317E-004
   228.00000000000000        2.6805821668909213E-004
   229.00000000000000        2.5658687525383523E-004
   230.00000000000000        2.4560148885723933E-004
   231.00000000000000        2.3508171079655903E-004
   232.00000000000000        2.2500803479364890E-004
   233.00000000000000        2.1536176082771576E-004
   234.00000000000000        2.0612496233120259E-004
   235.00000000000000        1.9728045469565248E-004
   236.00000000000000        1.8881176503641989E-004
   237.00000000000000        1.8070310316701995E-004
   238.00000000000000        1.7293933373579266E-004
   239.00000000000000        1.6550594947933788E-004
   240.00000000000000        1.5838904554894994E-004
   241.00000000000000        1.5157529486790959E-004
   242.00000000000000        1.4505192447912890E-004
   243.00000000000000        1.3880669284418727E-004
   244.00000000000000        1.3282786805628917E-004
   245.00000000000000        1.2710420693110906E-004
   246.00000000000000        1.2162493494088209E-004
   247.00000000000000        1.1637972695841995E-004
   248.00000000000000        1.1135868877902855E-004
   249.00000000000000        1.0655233938952449E-004
   250.00000000000000        1.0195159395475043E-004
   251.00000000000000        9.7547747493124709E-005
   252.00000000000000        9.3332459213867758E-005
   253.00000000000000        8.9297737489602369E-005
   254.00000000000000        8.5435925439056263E-005
   255.00000000000000        8.1739687095561773E-005
   256.00000000000000        7.8201994138011935E-005
   257.00000000000000        7.4816113161820026E-005
   258.00000000000000        7.1575593468325052E-005
   259.00000000000000        6.8474255351913939E-005
   260.00000000000000        6.5506178864946894E-005
   261.00000000000000        6.2665693041348563E-005
   262.00000000000000        5.9947365560480413E-005
   263.00000000000000        5.7345992833630576E-005
   264.00000000000000        5.4856590496143828E-005
   265.00000000000000        5.2474384288894867E-005
   266.00000000000000        5.0194801313433502E-005
   267.00000000000000        4.8013461645761497E-005
   268.00000000000000        4.5926170294284019E-005
   269.00000000000000        4.3928909488054763E-005
   270.00000000000000        4.2017831281979017E-005
   271.00000000000000        4.0189250466169822E-005
   272.00000000000000        3.8439637767153110E-005
   273.00000000000000        3.6765613329114931E-005
   274.00000000000000        3.5163940463841395E-005
   275.00000000000000        3.3631519658462336E-005
   276.00000000000000        3.2165382830533497E-005
   277.00000000000000        3.0762687820418644E-005
   278.00000000000000        2.9420713111322396E-005
   279.00000000000000        2.8136852767715837E-005
   280.00000000000000        2.6908611583266432E-005
   281.00000000000000        2.5733600429733733E-005
   282.00000000000000        2.4609531798639651E-005
   283.00000000000000        2.3534215527846213E-005
   284.00000000000000        2.2505554705489569E-005
   285.00000000000000        2.1521541744023403E-005
   286.00000000000000        2.0580254617412145E-005
   287.00000000000000        1.9679853254798765E-005
   288.00000000000000        1.8818576084235598E-005
   289.00000000000000        1.7994736720328163E-005
   290.00000000000000        1.7206720789886223E-005
   291.00000000000000        1.6452982889919744E-005
   292.00000000000000        1.5732043672538257E-005
   293.00000000000000        1.5042487051539595E-005
   294.00000000000000        1.4382957525679122E-005
   295.00000000000000        1.3752157613816006E-005
   296.00000000000000        1.3148845397326606E-005
   297.00000000000000        1.2571832165361788E-005
   298.00000000000000        1.2019980158705328E-005
   299.00000000000000        1.1492200408160539E-005
   300.00000000000000        1.0987450663561160E-005
   301.00000000000000        1.0504733409656975E-005
   302.00000000000000        1.0043093965281218E-005
   303.00000000000000        9.6016186623509815E-006
   304.00000000000000        9.1794331013914032E-006
   305.00000000000000        8.7757004804134196E-006
   306.00000000000000        8.3896199940984316E-006
   307.00000000000000        8.0204253003732571E-006
   308.00000000000000        7.6673830515745764E-006
   309.00000000000000        7.3297914875176589E-006
   310.00000000000000        7.0069790878936249E-006
   311.00000000000000        6.6983032815271631E-006
   312.00000000000000        6.4031492101237152E-006
   313.00000000000000        6.1209285442370747E-006
   314.00000000000000        5.8510783492780283E-006
   315.00000000000000        5.5930599994760047E-006
   316.00000000000000        5.3463581377910723E-006
   317.00000000000000        5.1104796798561700E-006
   318.00000000000000        4.8849528601081385E-006
   319.00000000000000        4.6693263183428250E-006
   320.00000000000000        4.4631682250015680E-006
   321.00000000000000        4.2660654435664184E-006
   322.00000000000000        4.0776227285090998E-006
   323.00000000000000        3.8974619573016830E-006
   324.00000000000000        3.7252213950603728E-006
   325.00000000000000        3.5605549904511520E-006
   326.00000000000000        3.4031317015442917E-006
   327.00000000000000        3.2526348503586587E-006
   328.00000000000000        3.1087615048881178E-006
   329.00000000000000        2.9712218874542404E-006
   330.00000000000000        2.8397388082758141E-006
   331.00000000000000        2.7140471231927628E-006
   332.00000000000000        2.5938932145259795E-006
   333.00000000000000        2.4790344940969631E-006
   334.00000000000000        2.3692389274716605E-006
   335.00000000000000        2.2642845785323096E-006
   336.00000000000000        2.1639591735181377E-006
   337.00000000000000        2.0680596837114138E-006
   338.00000000000000        1.9763919259803831E-006
   339.00000000000000        1.8887701804229336E-006
   340.00000000000000        1.8050168243868047E-006
   341.00000000000000        1.7249619821722079E-006
   342.00000000000000        1.6484431897521617E-006
   343.00000000000000        1.5753050738731165E-006
   344.00000000000000        1.5053990449257720E-006
   345.00000000000000        1.4385830030011559E-006
   346.00000000000000        1.3747210565716567E-006
   347.00000000000000        1.3136832532602855E-006
   348.00000000000000        1.2553453221842946E-006
   349.00000000000000        1.1995884273799876E-006
   350.00000000000000        1.1462989318374365E-006
   351.00000000000000        1.0953681716928403E-006
   352.00000000000000        1.0466922401456061E-006
   353.00000000000000        1.0001717806854685E-006
   354.00000000000000        9.5571178923240075E-007
   355.00000000000000        9.1322142480887761E-007
   356.00000000000000        8.7261382838009766E-007
   357.00000000000000        8.3380594951305648E-007
   358.00000000000000        7.9671838052030492E-007
   359.00000000000000        7.6127519776822367E-007
   360.00000000000000        7.2740380984316779E-007
   361.00000000000000        6.9503481228200351E-007
   362.00000000000000        6.6410184858569200E-007
   363.00000000000000        6.3454147724677778E-007
   364.00000000000000        6.0629304453293851E-007
   365.00000000000000        5.7929856277957766E-007
   366.00000000000000        5.5350259395516322E-007
   367.00000000000000        5.2885213827285997E-007
   368.00000000000000        5.0529652763169150E-007
   369.00000000000000        4.8278732367970458E-007
   370.00000000000000        4.6127822030038341E-007
   371.00000000000000        4.4072495033210219E-007
   372.00000000000000        4.2108519633835553E-007
   373.00000000000000        4.0231850525451063E-007
   374.00000000000000        3.8438620674393121E-007
   375.00000000000000        3.6725133510379969E-007
   376.00000000000000        3.5087855456750056E-007
   377.00000000000000        3.3523408785708783E-007
   378.00000000000000        3.2028564784564773E-007
   379.00000000000000        3.0600237219525437E-007
   380.00000000000000        2.9235476084202476E-007
   381.00000000000000        2.7931461620530972E-007
   382.00000000000000        2.6685498600320493E-007
   383.00000000000000        2.5495010856175591E-007
   384.00000000000000        2.4357536050989670E-007
   385.00000000000000        2.3270720675695372E-007
   386.00000000000000        2.2232315265384458E-007
   387.00000000000000        2.1240169824338654E-007
   388.00000000000000        2.0292229450921549E-007
   389.00000000000000        1.9386530153664511E-007
   390.00000000000000        1.8521194850258142E-007
   391.00000000000000        1.7694429541512008E-007
   392.00000000000000        1.6904519652690239E-007
   393.00000000000000        1.6149826534952792E-007
   394.00000000000000        1.5428784119952681E-007
   395.00000000000000        1.4739895720928986E-007
   396.00000000000000        1.4081730973930792E-007
   397.00000000000000        1.3452922913076890E-007
   398.00000000000000        1.2852165174020200E-007
   399.00000000000000        1.2278209320037619E-007
   400.00000000000000        1.1729862285405790E-007
   401.00000000000000        1.1205983930954885E-007
   402.00000000000000        1.0705484706913962E-007
   403.00000000000000        1.0227323418368786E-007
   404.00000000000000        9.7705050888603944E-008
   405.00000000000000        9.3340789178421645E-008
   406.00000000000000        8.9171363279004995E-008
   407.00000000000000        8.5188090978206353E-008
   408.00000000000000        8.1382675777487539E-008
   409.00000000000000        7.7747189828643569E-008
   410.00000000000000        7.4274057621333159E-008
   411.00000000000000        7.0956040388567805E-008
   412.00000000000000        6.7786221198793898E-008
   413.00000000000000        6.4757990704515280E-008
   414.00000000000000        6.1865033518731241E-008
   415.00000000000000        5.9101315191706484E-008
   416.00000000000000        5.6461069761786199E-008
   417.00000000000000        5.3938787855110497E-008
   418.00000000000000        5.1529205310172553E-008
   419.00000000000000        4.9227292304216954E-008
   420.00000000000000        4.7028242959473997E-008
   421.00000000000000        4.4927465408178231E-008
   422.00000000000000        4.2920572296246432E-008
   423.00000000000000        4.1003371706356123E-008
   424.00000000000000        3.9171858482015920E-008
   425.00000000000000        3.7422205935007263E-008
   426.00000000000000        3.5750757919364524E-008
   427.00000000000000        3.4154021255776163E-008
   428.00000000000000        3.2628658491005363E-008
   429.00000000000000        3.1171480977600028E-008
   430.00000000000000        2.9779442259793614E-008
   431.00000000000000        2.8449631752134574E-008
   432.00000000000000        2.7179268697950428E-008
   433.00000000000000        2.5965696395328770E-008
   434.00000000000000        2.4806376678836144E-008
   435.00000000000000        2.3698884645699372E-008
   436.00000000000000        2.2640903615686825E-008
   437.00000000000000        2.1630220314374637E-008
   438.00000000000000        2.0664720269960773E-008
   439.00000000000000        1.9742383414198908E-008
   440.00000000000000        1.8861279878447982E-008
   441.00000000000000        1.8019565976227910E-008
   442.00000000000000        1.7215480364047405E-008
   443.00000000000000        1.6447340372630236E-008
   444.00000000000000        1.5713538501014803E-008
   445.00000000000000        1.5012539066331086E-008
   446.00000000000000        1.4342875002371890E-008
   447.00000000000000        1.3703144800385154E-008
   448.00000000000000        1.3092009585794952E-008
   449.00000000000000        1.2508190324839183E-008
   450.00000000000000        1.1950465155380012E-008
   451.00000000000000        1.1417666836384621E-008
   452.00000000000000        1.0908680310832037E-008
   453.00000000000000        1.0422440377016079E-008
   454.00000000000000        9.9579294634491101E-009
   455.00000000000000        9.5141755027745488E-009
   456.00000000000000        9.0902499003016621E-009
   457.00000000000000        8.6852655929689284E-009
   458.00000000000000        8.2983751947271717E-009
   459.00000000000000        7.9287692245100153E-009
   460.00000000000000        7.5756744131289626E-009
   461.00000000000000        7.2383520855916285E-009
   462.00000000000000        6.9160966154955371E-009
   463.00000000000000        6.6082339483001096E-009
   464.00000000000000        6.3141201904165747E-009
   465.00000000000000        6.0331402611955349E-009
   466.00000000000000        5.7647066050168303E-009
   467.00000000000000        5.5082579608122680E-009
   468.00000000000000        5.2632581864695992E-009
   469.00000000000000        5.0291951356775506E-009
   470.00000000000000        4.8055795848813877E-009
   471.00000000000000        4.5919442081209320E-009
   472.00000000000000        4.3878425976209496E-009
   473.00000000000000        4.1928483280990701E-009
   474.00000000000000        4.0065540628462332E-009
   475.00000000000000        3.8285706997207078E-009
   476.00000000000000        3.6585265552785231E-009
   477.00000000000000        3.4960665853437216E-009
   478.00000000000000        3.3408516403943302E-009
   479.00000000000000        3.1925577542147256E-009
   480.00000000000000        3.0508754643319124E-009
   481.00000000000000        2.9155091628197545E-009
   482.00000000000000        2.7861764761176485E-009
   483.00000000000000        2.6626076725711229E-009
   484.00000000000000        2.5445450964576817E-009
   485.00000000000000        2.4317426273175638E-009
   486.00000000000000        2.3239651634608589E-009
   487.00000000000000        2.2209881285726328E-009
   488.00000000000000        2.1225970003853756E-009
   489.00000000000000        2.0285868604346259E-009
   490.00000000000000        1.9387619639566043E-009
   491.00000000000000        1.8529353290290189E-009
   492.00000000000000        1.7709283440958976E-009
   493.00000000000000        1.6925703930556918E-009
   494.00000000000000        1.6176984971285038E-009
   495.00000000000000        1.5461569727526578E-009
   496.00000000000000        1.4777971047952311E-009
   497.00000000000000        1.4124768343918915E-009
   498.00000000000000        1.3500604607623489E-009
   499.00000000000000        1.2904183563773448E-009
   500.00000000000000        1.2334266948800009E-009
   501.00000000000000        1.1789671911914724E-009
   502.00000000000000        1.1269268532564161E-009
   503.00000000000000        1.0771977449074393E-009
   504.00000000000000        1.0296767593516059E-009
   505.00000000000000        9.8426540280377990E-010
   506.00000000000000        9.4086958781305431E-010
   507.00000000000000        8.9939943584832426E-010
   508.00000000000000        8.5976908872915724E-010
   509.00000000000000        8.2189652850583055E-010
   510.00000000000000        7.8570340541051739E-010
   511.00000000000000        7.5111487351842254E-010
   512.00000000000000        7.1805943377365487E-010
   513.00000000000000        6.8646878405018601E-010
   514.00000000000000        6.5627767593289793E-010
   515.00000000000000        6.2742377791786126E-010
   516.00000000000000        5.9984754474422373E-010
   517.00000000000000        5.7349209258330083E-010
   518.00000000000000        5.4830307982239918E-010
   519.00000000000000        5.2422859319270560E-010
   520.00000000000000        5.0121903900198707E-010
   521.00000000000000        4.7922703924322865E-010
   522.00000000000000        4.5820733236087140E-010
   523.00000000000000        4.3811667846579129E-010
   524.00000000000000        4.1891376879979014E-010
   525.00000000000000        4.0055913925905535E-010
   526.00000000000000        3.8301508779468058E-010
   527.00000000000000        3.6624559551648452E-010
   528.00000000000000        3.5021625133406324E-010
   529.00000000000000        3.3489417997654480E-010
   530.00000000000000        3.2024797323955269E-010
   531.00000000000000        3.0624762431466067E-010
   532.00000000000000        2.9286446506314650E-010
   533.00000000000000        2.8007110610201277E-010
   534.00000000000000        2.6784137957612879E-010
   535.00000000000000        2.5615028449608810E-010
   536.00000000000000        2.4497393452663652E-010
   537.00000000000000        2.3428950811584455E-010
   538.00000000000000        2.2407520085996355E-010
   539.00000000000000        2.1431018000371457E-010
   540.00000000000000        2.0497454098022831E-010
   541.00000000000000        1.9604926589912849E-010
   542.00000000000000        1.8751618389536719E-010
   543.00000000000000        1.7935793325534735E-010
   544.00000000000000        1.7155792524058942E-010
   545.00000000000000        1.6410030953277599E-010
   546.00000000000000        1.5696994122747396E-010
   547.00000000000000        1.5015234930699309E-010
   548.00000000000000        1.4363370652607532E-010
   549.00000000000000        1.3740080064698811E-010
   550.00000000000000        1.3144100696350449E-010
   551.00000000000000        1.2574226205590996E-010
   552.00000000000000        1.2029303872185210E-010
   553.00000000000000        1.1508232203023202E-010
   554.00000000000000        1.1009958644776746E-010
   555.00000000000000        1.0533477399010938E-010
   556.00000000000000        1.0077827335153270E-010
   557.00000000000000        9.6420899969291092E-011
   558.00000000000000        9.2253876980726989E-011
   559.00000000000000        8.8268817033057709E-011
   560.00000000000000        8.4457704907599995E-011
   561.00000000000000        8.0812880921884636E-011
   562.00000000000000        7.7327025074775461E-011
   563.00000000000000        7.3993141901252690E-011
   564.00000000000000        7.0804546005031847E-011
   565.00000000000000        6.7754848238612532E-011
   566.00000000000000        6.4837942501703879E-011
   567.00000000000000        6.2047993130321394E-011
   568.00000000000000        5.9379422850020887E-011
   569.00000000000000        5.6826901268010448E-011
   570.00000000000000        5.4385333879937371E-011
   571.00000000000000        5.2049851568296457E-011
   572.00000000000000        4.9815800570401844E-011
   573.00000000000000        4.7678732894866465E-011
   574.00000000000000        4.5634397166489091E-011
   575.00000000000000        4.3678729880325747E-011
   576.00000000000000        4.1807847046624643E-011
   577.00000000000000        4.0018036209081892E-011
   578.00000000000000        3.8305748819691735E-011
   579.00000000000000        3.6667592954216750E-011
   580.00000000000000        3.5100326352998403E-011
   581.00000000000000        3.3600849772540672E-011
   582.00000000000000        3.2166200633931060E-011
   583.00000000000000        3.0793546954811101E-011
   584.00000000000000        2.9480181552178026E-011
   585.00000000000000        2.8223516503902555E-011
   586.00000000000000        2.7021077857355840E-011
   587.00000000000000        2.5870500574096757E-011
   588.00000000000000        2.4769523700031725E-011
   589.00000000000000        2.3715985750964419E-011
   590.00000000000000        2.2707820303880327E-011
   591.00000000000000        2.1743051784764281E-011
   592.00000000000000        2.0819791444150505E-011
   593.00000000000000        1.9936233512000680E-011
   594.00000000000000        1.9090651523889748E-011
   595.00000000000000        1.8281394810830891E-011
   596.00000000000000        1.7506885145417939E-011
   597.00000000000000        1.6765613537294044E-011
   598.00000000000000        1.6056137171270202E-011
   599.00000000000000        1.5377076481707801E-011
   600.00000000000000        1.4727112357076894E-011
   601.00000000000000        1.4104983468871424E-011
   602.00000000000000        1.3509483719316300E-011
   603.00000000000000        1.2939459802564322E-011
   604.00000000000000        1.2393808874306077E-011
   605.00000000000000        1.1871476324951723E-011
   606.00000000000000        1.1371453651755858E-011
   607.00000000000000        1.0892776425468685E-011
   608.00000000000000        1.0434522347288847E-011
   609.00000000000000        9.9958093920893168E-012
   610.00000000000000        9.5757940340619157E-012
   611.00000000000000        9.1736695511041304E-012
   612.00000000000000        8.7886644044327857E-012
   613.00000000000000        8.4200406900686443E-012
   614.00000000000000        8.0670926589864252E-012
   615.00000000000000        7.7291453028665457E-012
   616.00000000000000        7.4055530025235376E-012
   617.00000000000000        7.0956982362182937E-012
   618.00000000000000        6.7989903451826581E-012
   619.00000000000000        6.5148643538086066E-012
   620.00000000000000        6.2427798420648714E-012
   621.00000000000000        5.9822198678164884E-012
   622.00000000000000        5.7326899368217206E-012
   623.00000000000000        5.4937170182871010E-012
   624.00000000000000        5.2648486039496894E-012
   625.00000000000000        5.0456518087509499E-012
   626.00000000000000        4.8357125112498434E-012
   627.00000000000000        4.6346345320099455E-012
   628.00000000000000        4.4420388482691557E-012
   629.00000000000000        4.2575628432798945E-012
   630.00000000000000        4.0808595887783279E-012
   631.00000000000000        3.9115971591110216E-012
   632.00000000000000        3.7494579756104445E-012
   633.00000000000000        3.5941381798783425E-012
   634.00000000000000        3.4453470346907213E-012
   635.00000000000000        3.3028063512998013E-012
   636.00000000000000        3.1662499419604540E-012
   637.00000000000000        3.0354230965622295E-012
   638.00000000000000        2.9100820822972820E-012
   639.00000000000000        2.7899936653425795E-012
   640.00000000000000        2.6749346535807813E-012
   641.00000000000000        2.5646914594265511E-012
   642.00000000000000        2.4590596818680960E-012
   643.00000000000000        2.3578437068718374E-012
   644.00000000000000        2.2608563253380927E-012
   645.00000000000000        2.1679183678293778E-012
   646.00000000000000        2.0788583553303456E-012
   647.00000000000000        1.9935121653287461E-012
   648.00000000000000        1.9117227125405385E-012
   649.00000000000000        1.8333396436312765E-012
   650.00000000000000        1.7582190453149330E-012
   651.00000000000000        1.6862231652391358E-012
   652.00000000000000        1.6172201450919498E-012
   653.00000000000000        1.5510837653902226E-012
   654.00000000000000        1.4876932014339510E-012
   655.00000000000000        1.4269327899336823E-012
   656.00000000000000        1.3686918058403367E-012
   657.00000000000000        1.3128642489269038E-012
   658.00000000000000        1.2593486396925380E-012
   659.00000000000000        1.2080478241780489E-012
   660.00000000000000        1.1588687872997916E-012
   661.00000000000000        1.1117224743272191E-012
   662.00000000000000        1.0665236201451627E-012
   663.00000000000000        1.0231905859583508E-012
   664.00000000000000        9.8164520311071288E-013
   665.00000000000000        9.4181262370639484E-013
   666.00000000000000        9.0362117773357829E-013
   667.00000000000000        8.6700223640520033E-013
   668.00000000000000        8.3189008144341986E-013
   669.00000000000000        7.9822178004683149E-013
   670.00000000000000        7.6593706529092383E-013
   671.00000000000000        7.3497822172323321E-013
   672.00000000000000        7.0528997592547263E-013
   673.00000000000000        6.7681939182468915E-013
   674.00000000000000        6.4951577054528740E-013
   675.00000000000000        6.2333055460300136E-013
   676.00000000000000        5.9821723625056345E-013
   677.00000000000000        5.7413126979329995E-013
   678.00000000000000        5.5102998770095654E-013
   679.00000000000000        5.2887252034960705E-013
   680.00000000000000        5.0761971923493156E-013
   681.00000000000000        4.8723408350510768E-013
   682.00000000000000        4.6767968966823648E-013
   683.00000000000000        4.4892212433573028E-013
   684.00000000000000        4.3092841986903452E-013
   685.00000000000000        4.1366699280295946E-013
   686.00000000000000        3.9710758492466584E-013
   687.00000000000000        3.8122120689226006E-013
   688.00000000000000        3.6598008428254062E-013
   689.00000000000000        3.5135760596195521E-013
   690.00000000000000        3.3732827467954895E-013
   691.00000000000000        3.2386765978539732E-013
   692.00000000000000        3.1095235198176692E-013
   693.00000000000000        2.9855992001883296E-013
   694.00000000000000        2.8666886925032692E-013
   695.00000000000000        2.7525860196831633E-013
   696.00000000000000        2.6430937943981142E-013
   697.00000000000000        2.5380228557143511E-013
   698.00000000000000        2.4371919213139074E-013
   699.00000000000000        2.3404272546127051E-013
   700.00000000000000        2.2475623461308069E-013
   701.00000000000000        2.1584376084974806E-013
   702.00000000000000        2.0729000845008886E-013
   703.00000000000000        1.9908031676169371E-013
   704.00000000000000        1.9120063344780025E-013
   705.00000000000000        1.8363748887655024E-013
   706.00000000000000        1.7637797160312599E-013
   707.00000000000000        1.6940970489769785E-013
   708.00000000000000        1.6272082427391703E-013
   709.00000000000000        1.5629995597483459E-013
   710.00000000000000        1.5013619637489077E-013
   711.00000000000000        1.4421909225851300E-013
   712.00000000000000        1.3853862193755523E-013
   713.00000000000000        1.3308517717138100E-013
   714.00000000000000        1.2784954585511773E-013
   715.00000000000000        1.2282289544296798E-013
   716.00000000000000        1.1799675707498811E-013
   717.00000000000000        1.1336301037709493E-013
   718.00000000000000        1.0891386890536437E-013
   719.00000000000000        1.0464186620696839E-013
   720.00000000000000        1.0053984247128331E-013
   721.00000000000000        9.6600931745833834E-014
   722.00000000000000        9.2818549692888256E-014
   723.00000000000000        8.9186381863513487E-014
   724.00000000000000        8.5698372466933768E-014
   725.00000000000000        8.2348713613992829E-014
   726.00000000000000        7.9131835014441409E-014
   727.00000000000000        7.6042394108630484E-014
   728.00000000000000        7.3075266615070212E-014
   729.00000000000000        7.0225537476058734E-014
   730.00000000000000        6.7488492184423100E-014
   731.00000000000000        6.4859608475074247E-014
   732.00000000000000        6.2334548365866909E-014
   733.00000000000000        5.9909150532824659E-014
   734.00000000000000        5.7579423005530094E-014
   735.00000000000000        5.5341536169026912E-014
   736.00000000000000        5.3191816059207551E-014
   737.00000000000000        5.1126737939192512E-014
   738.00000000000000        4.9142920144769321E-014
   739.00000000000000        4.7237118187462530E-014
   740.00000000000000        4.5406219104291209E-014
   741.00000000000000        4.3647236043759094E-014
   742.00000000000000        4.1957303078047959E-014
   743.00000000000000        4.0333670231839113E-014
   744.00000000000000        3.8773698718586555E-014
   745.00000000000000        3.7274856375449625E-014
   746.00000000000000        3.5834713288499390E-014
   747.00000000000000        3.4450937600140237E-014
   748.00000000000000        3.3121291491053187E-014
   749.00000000000000        3.1843627329290115E-014
   750.00000000000000        3.0615883979465303E-014
   751.00000000000000        2.9436083265289792E-014
   752.00000000000000        2.8302326578985728E-014
   753.00000000000000        2.7212791631393374E-014
   754.00000000000000        2.6165729336848645E-014
   755.00000000000000        2.5159460827152794E-014
   756.00000000000000        2.4192374589217635E-014
   757.00000000000000        2.3262923721178458E-014
   758.00000000000000        2.2369623302002465E-014
   759.00000000000000        2.1511047869830017E-014
   760.00000000000000        2.0685829004485723E-014
   761.00000000000000        1.9892653009790606E-014
   762.00000000000000        1.9130258691497724E-014
   763.00000000000000        1.8397435226843656E-014
   764.00000000000000        1.7693020121881513E-014
   765.00000000000000        1.7015897252929717E-014
   766.00000000000000        1.6364994988613363E-014
   767.00000000000000        1.5739284389136404E-014
   768.00000000000000        1.5137777479561625E-014
   769.00000000000000        1.4559525594005134E-014
   770.00000000000000        1.4003617787797659E-014
   771.00000000000000        1.3469179314770508E-014
   772.00000000000000        1.2955370166963887E-014
   773.00000000000000        1.2461383674153031E-014
   774.00000000000000        1.1986445160708565E-014
   775.00000000000000        1.1529810657405695E-014
   776.00000000000000        1.1090765665901607E-014
   777.00000000000000        1.0668623973693927E-014
   778.00000000000000        1.0262726517466677E-014
   779.00000000000000        9.8724402928170214E-015
   780.00000000000000        9.4971573084423969E-015
   781.00000000000000        9.1362935829455555E-015
   782.00000000000000        8.7892881824960916E-015
   783.00000000000000        8.4556022976575950E-015
   784.00000000000000        8.1347183577619449E-015
   785.00000000000000        7.8261391812809436E-015
   786.00000000000000        7.5293871607093457E-015
   787.00000000000000        7.2440034805349845E-015
   788.00000000000000        6.9695473669337784E-015
   789.00000000000000        6.7055953678811425E-015
   790.00000000000000        6.4517406624291608E-015
   791.00000000000000        6.2075923979488188E-015
   792.00000000000000        5.9727750541873748E-015
   793.00000000000000        5.7469278330402456E-015
   794.00000000000000        5.5297040729806146E-015
   795.00000000000000        5.3207706871350463E-015
   796.00000000000000        5.1198076240359689E-015
   797.00000000000000        4.9265073501220361E-015
   798.00000000000000        4.7405743530938167E-015
   799.00000000000000        4.5617246652743937E-015
   800.00000000000000        4.3896854061535172E-015
   801.00000000000000        4.2241943433336494E-015
   802.00000000000000        4.0649994711246014E-015
   803.00000000000000        3.9118586060676545E-015
   804.00000000000000        3.7645389986972724E-015
   805.00000000000000        3.6228169608797382E-015
   806.00000000000000        3.4864775080928927E-015
   807.00000000000000        3.3553140160400001E-015
   808.00000000000000        3.2291278910128631E-015
   809.00000000000000        3.1077282534470236E-015
   810.00000000000000        2.9909316341313785E-015
   811.00000000000000        2.8785616825593279E-015
   812.00000000000000        2.7704488869283501E-015
   813.00000000000000        2.6664303053157335E-015
   814.00000000000000        2.5663493075774745E-015
   815.00000000000000        2.4700553275360989E-015
   816.00000000000000        2.3774036250406895E-015
   817.00000000000000        2.2882550575003502E-015
   818.00000000000000        2.2024758605076685E-015
   819.00000000000000        2.1199374371849609E-015
   820.00000000000000        2.0405161559017435E-015
   821.00000000000000        1.9640931560250732E-015
   822.00000000000000        1.8905541613790444E-015
   823.00000000000000        1.8197893011031554E-015
   824.00000000000000        1.7516929376112187E-015
   825.00000000000000        1.6861635013653594E-015
   826.00000000000000        1.6231033321909102E-015
   827.00000000000000        1.5624185268693981E-015
   828.00000000000000        1.5040187927575948E-015
   829.00000000000000        1.4478173071904581E-015
   830.00000000000000        1.3937305824364328E-015
   831.00000000000000        1.3416783359821849E-015
   832.00000000000000        1.2915833659333616E-015
   833.00000000000000        1.2433714313267943E-015
   834.00000000000000        1.1969711371574843E-015
   835.00000000000000        1.1523138239316582E-015
   836.00000000000000        1.1093334615656382E-015
   837.00000000000000        1.0679665474563704E-015
   838.00000000000000        1.0281520085576254E-015
   839.00000000000000        9.8983110730189430E-016
   840.00000000000000        9.5294735121465027E-016
   841.00000000000000        9.1744640607433527E-016
   842.00000000000000        8.8327601247634310E-016
   843.00000000000000        8.5038590566609487E-016
   844.00000000000000        8.1872773851109890E-016
   845.00000000000000        7.8825500748716536E-016
   846.00000000000000        7.5892298155932890E-016
   847.00000000000000        7.3068863384247215E-016
   848.00000000000000        7.0351057593148150E-016
   849.00000000000000        6.7734899479523600E-016
   850.00000000000000        6.5216559213270716E-016
   851.00000000000000        6.2792352609394873E-016
   852.00000000000000        6.0458735527229971E-016
   853.00000000000000        5.8212298487804618E-016
   854.00000000000000        5.6049761500743094E-016
   855.00000000000000        5.3967969092421039E-016
   856.00000000000000        5.1963885527442795E-016
   857.00000000000000        5.0034590215813814E-016
   858.00000000000000        4.8177273298490258E-016
   859.00000000000000        4.6389231404285584E-016
   860.00000000000000        4.4667863571387577E-016
   861.00000000000000        4.3010667327006744E-016
   862.00000000000000        4.1415234918947816E-016
   863.00000000000000        3.9879249693137295E-016
   864.00000000000000        3.8400482611360353E-016
   865.00000000000000        3.6976788903731012E-016
   866.00000000000000        3.5606104850589894E-016
   867.00000000000000        3.4286444688769011E-016
   868.00000000000000        3.3015897637351551E-016
   869.00000000000000        3.1792625038244584E-016
   870.00000000000000        3.0614857607076756E-016
   871.00000000000000        2.9480892790110106E-016
   872.00000000000000        2.8389092223015035E-016
   873.00000000000000        2.7337879287542550E-016
   874.00000000000000        2.6325736762261708E-016
   875.00000000000000        2.5351204563700092E-016
   876.00000000000000        2.4412877574361644E-016
   877.00000000000000        2.3509403554235913E-016
   878.00000000000000        2.2639481132552035E-016
   879.00000000000000        2.1801857876644595E-016
   880.00000000000000        2.0995328434947805E-016
   881.00000000000000        2.0218732751221931E-016
   882.00000000000000        1.9470954347253010E-016
   883.00000000000000        1.8750918671365328E-016
   884.00000000000000        1.8057591510193403E-016
   885.00000000000000        1.7389977461257154E-016
   886.00000000000000        1.6747118463988891E-016
   887.00000000000000        1.6128092386943520E-016
   888.00000000000000        1.5532011669016359E-016
   889.00000000000000        1.4958022012583479E-016
   890.00000000000000        1.4405301126550683E-016
   891.00000000000000        1.3873057517386461E-016
   892.00000000000000        1.3360529326282623E-016
   893.00000000000000        1.2866983210661988E-016
   894.00000000000000        1.2391713268323264E-016
   895.00000000000000        1.1934040002576864E-016
   896.00000000000000        1.1493309326792598E-016
   897.00000000000000        1.1068891606839418E-016
   898.00000000000000        1.0660180739960814E-016
   899.00000000000000        1.0266593268680262E-016
   900.00000000000000        9.8875675283908827E-017
   901.00000000000000        9.5225628273357811E-017
   902.00000000000000        9.1710586577307876E-017
   903.00000000000000        8.8325539368363411E-017
   904.00000000000000        8.5065662768283902E-017
   905.00000000000000        8.1926312823627468E-017
   906.00000000000000        7.8903018747704337E-017
   907.00000000000000        7.5991476418652800E-017
   908.00000000000000        7.3187542123805323E-017
   909.00000000000000        7.0487226540925437E-017
   910.00000000000000        6.7886688947246987E-017
   911.00000000000000        6.5382231647601163E-017
   912.00000000000000        6.2970294613256257E-017
   913.00000000000000        6.0647450323421360E-017
   914.00000000000000        5.8410398801664176E-017
   915.00000000000000        5.6255962839809207E-017
   916.00000000000000        5.4181083402162861E-017
   917.00000000000000        5.2182815203179819E-017
   918.00000000000000        5.0258322451971211E-017
   919.00000000000000        4.8404874757282542E-017
   920.00000000000000        4.6619843186839808E-017
   921.00000000000000        4.4900696475188115E-017
   922.00000000000000        4.3244997374363776E-017
   923.00000000000000        4.1650399141978203E-017
   924.00000000000000        4.0114642161476412E-017
   925.00000000000000        3.8635550689564497E-017
   926.00000000000000        3.7211029725960566E-017
   927.00000000000000        3.5839062000835699E-017
   928.00000000000000        3.4517705075471837E-017
   929.00000000000000        3.3245088551848434E-017
   930.00000000000000        3.2019411387020938E-017
   931.00000000000000        3.0838939308328964E-017
   932.00000000000000        2.9702002325602098E-017
   933.00000000000000        2.8606992336707417E-017
   934.00000000000000        2.7552360822885723E-017
   935.00000000000000        2.6536616630497318E-017
   936.00000000000000        2.5558323835901803E-017
   937.00000000000000        2.4616099690325869E-017
   938.00000000000000        2.3708612641703979E-017
   939.00000000000000        2.2834580430581930E-017
   940.00000000000000        2.1992768257286028E-017
   941.00000000000000        2.1181987017666921E-017
   942.00000000000000        2.0401091604837530E-017
   943.00000000000000        1.9648979274409959E-017
   944.00000000000000        1.8924588070839797E-017
   945.00000000000000        1.8226895312577586E-017
   946.00000000000000        1.7554916133811200E-017
   947.00000000000000        1.6907702080664867E-017
   948.00000000000000        1.6284339759812985E-017
   949.00000000000000        1.5683949537530470E-017
   950.00000000000000        1.5105684287283583E-017
   951.00000000000000        1.4548728184040391E-017
   952.00000000000000        1.4012295543542138E-017
   953.00000000000000        1.3495629704844899E-017
   954.00000000000000        1.2998001954511479E-017
   955.00000000000000        1.2518710490886589E-017
   956.00000000000000        1.2057079426950926E-017
   957.00000000000000        1.1612457830310395E-017
   958.00000000000000        1.1184218798923864E-017
   959.00000000000000        1.0771758571232313E-017
   960.00000000000000        1.0374495669399693E-017
   961.00000000000000        9.9918700744260273E-018
   962.00000000000000        9.6233424319362972E-018
   963.00000000000000        9.2683932875010020E-018
   964.00000000000000        8.9265223503797627E-018
   965.00000000000000        8.5972477846270342E-018
   966.00000000000000        8.2801055265347008E-018
   967.00000000000000        7.9746486274281819E-018
   968.00000000000000        7.6804466208694736E-018
   969.00000000000000        7.3970849133521238E-018
   970.00000000000000        7.1241641976138060E-018
   971.00000000000000        6.8612998877206044E-018
   972.00000000000000        6.6081215751107746E-018
   973.00000000000000        6.3642725048149840E-018
   974.00000000000000        6.1294090711015088E-018
   975.00000000000000        5.9032003318215689E-018
   976.00000000000000        5.6853275407573158E-018
   977.00000000000000        5.4754836973014643E-018
   978.00000000000000        5.2733731128236009E-018
   979.00000000000000        5.0787109931007934E-018
   980.00000000000000        4.8912230362137724E-018
   981.00000000000000        4.7106450453348730E-018
   982.00000000000000        4.5367225558510945E-018
   983.00000000000000        4.3692104762904574E-018
   984.00000000000000        4.2078727425377753E-018
   985.00000000000000        4.0524819848453805E-018
   986.00000000000000        3.9028192071633075E-018
   987.00000000000000        3.7586734783310684E-018
   988.00000000000000        3.6198416346897415E-018
   989.00000000000000        3.4861279936913334E-018
   990.00000000000000        3.3573440780949966E-018
   991.00000000000000        3.2333083503589188E-018
   992.00000000000000        3.1138459568482244E-018
   993.00000000000000        2.9987884814949560E-018
   994.00000000000000        2.8879737085591415E-018
   995.00000000000000        2.7812453941538932E-018
   996.00000000000000        2.6784530462086575E-018
   997.00000000000000        2.5794517125584128E-018
   998.00000000000000        2.4841017768573196E-018
   999.00000000000000        2.3922687620266997E-018
   1000.0000000000000        2.3038231409583238E-018
