# Recoil energy (kev)        Event rate (events/gev)
   1.0000000000000000       0.46853409928862522     
   2.0000000000000000       0.93158923378010183     
   3.0000000000000000        1.3885781795093146     
   4.0000000000000000        1.8389452344292507     
   5.0000000000000000        2.2821666493555370     
   6.0000000000000000        2.7177508734840772     
   7.0000000000000000        3.1452386322961807     
   8.0000000000000000        3.5642028544602344     
   9.0000000000000000        3.9742484631993045     
   10.000000000000000        4.3750120465170941     
   11.000000000000000        4.7661614196577586     
   12.000000000000000        5.1473950922152794     
   13.000000000000000        5.5184416514030286     
   14.000000000000000        5.8790590721408442     
   15.000000000000000        6.2290339638136141     
   16.000000000000000        6.5681807627988285     
   17.000000000000000        6.8963408791493093     
   18.000000000000000        7.2133818051486864     
   19.000000000000000        7.5191961928291358     
   20.000000000000000        7.8137009069516807     
   21.000000000000000        8.0968360593965940     
   22.000000000000000        8.3685640303936513     
   23.000000000000000        8.6288684815371752     
   24.000000000000000        8.8777533650773801     
   25.000000000000000        9.1152419335556516     
   26.000000000000000        9.3413757534556758     
   27.000000000000000        9.5562137261734801     
   28.000000000000000        9.7598311192651064     
   29.000000000000000        9.9523186106109325     
   30.000000000000000        10.133781347837667     
   31.000000000000000        10.304338025062783     
   32.000000000000000        10.464119978769668     
   33.000000000000000        10.613270304384216     
   34.000000000000000        10.751942994903919     
   35.000000000000000        10.880302102727420     
   36.000000000000000        10.998520925645382     
   37.000000000000000        11.106781217781156     
   38.000000000000000        11.205272426111140     
   39.000000000000000        11.294190953049512     
   40.000000000000000        11.373739445449020     
   41.000000000000000        11.444126110247725     
   42.000000000000000        11.505564056881045     
   43.000000000000000        11.558270666477728     
   44.000000000000000        11.602466987767121     
   45.000000000000000        11.638377159542832     
   46.000000000000000        11.666227859453619     
   47.000000000000000        11.686247778825853     
   48.000000000000000        11.698667123162917     
   49.000000000000000        11.703717137913738     
   50.000000000000000        11.701629659056675     
   51.000000000000000        11.692636688004175     
   52.000000000000000        11.676969990297927     
   53.000000000000000        11.654860717534373     
   54.000000000000000        11.626539051934165     
   55.000000000000000        11.592233872947570     
   56.000000000000000        11.552172445270385     
   57.000000000000000        11.506580127630219     
   58.000000000000000        11.455680101692753     
   59.000000000000000        11.399693120429029     
   60.000000000000000        11.338837275280447     
   61.000000000000000        11.273327781454707     
   62.000000000000000        11.203376780686549     
   63.000000000000000        11.129193160798140     
   64.000000000000000        11.050982391398005     
   65.000000000000000        10.968946375062670     
   66.000000000000000        10.883283313352138     
   67.000000000000000        10.794187587018410     
   68.000000000000000        10.701849649775749     
   69.000000000000000        10.606455935012184     
   70.000000000000000        10.508188774832801     
   71.000000000000000        10.407226330838071     
   72.000000000000000        10.303742536053241     
   73.000000000000000        10.197907047438541     
   74.000000000000000        10.089885208424187     
   75.000000000000000        9.9798380209285504     
   76.000000000000000        9.8679221263330366     
   77.000000000000000        9.7542897949021192     
   78.000000000000000        9.6390889231527659     
   79.000000000000000        9.5224630386925053     
   80.000000000000000        9.4045513120617539     
   81.000000000000000        9.2854885751307243     
   82.000000000000000        9.1654053456178595     
   83.000000000000000        9.0444278573114900     
   84.000000000000000        8.9226780955924614     
   85.000000000000000        8.8002738378704297     
   86.000000000000000        8.6773286985619915     
   87.000000000000000        8.5539521782534589     
   88.000000000000000        8.4302497167061947     
   89.000000000000000        8.3063227493766334     
   90.000000000000000        8.1822687671374332     
   91.000000000000000        8.0581813789003114     
   92.000000000000000        7.9341503768544435     
   93.000000000000000        7.8102618040481175     
   94.000000000000000        7.6865980240537208     
   95.000000000000000        7.5632377924695469     
   96.000000000000000        7.4402563300237494     
   97.000000000000000        7.3177253970578189     
   98.000000000000000        7.1957133691791473     
   99.000000000000000        7.0742853138826396     
   100.00000000000000        6.9535030679533287     
   101.00000000000000        6.8334253154717057     
   102.00000000000000        6.7141076662542361     
   103.00000000000000        6.5956027345713473     
   104.00000000000000        6.4779602179945810     
   105.00000000000000        6.3612269762339988     
   106.00000000000000        6.2454471098357471     
   107.00000000000000        6.1306620386182304     
   108.00000000000000        6.0169105797334854     
   109.00000000000000        5.9042290252484220     
   110.00000000000000        5.7926512191479400     
   111.00000000000000        5.6822086336693065     
   112.00000000000000        5.5729304448840571     
   113.00000000000000        5.4648436074504856     
   114.00000000000000        5.3579729284658626     
   115.00000000000000        5.2523411403537539     
   116.00000000000000        5.1479689727276456     
   117.00000000000000        5.0448752231774554     
   118.00000000000000        4.9430768269307075     
   119.00000000000000        4.8425889253454164     
   120.00000000000000        4.7434249331961196     
   121.00000000000000        4.6455966047191781     
   122.00000000000000        4.5491140983876948     
   123.00000000000000        4.4539860403904514     
   124.00000000000000        4.3602195867930158     
   125.00000000000000        4.2678204843627237     
   126.00000000000000        4.1767931300429240     
   127.00000000000000        4.0871406290646357     
   128.00000000000000        3.9988648516871721     
   129.00000000000000        3.9119664885618208     
   130.00000000000000        3.8264451047155528     
   131.00000000000000        3.7422991921540545     
   132.00000000000000        3.6595262210857711     
   133.00000000000000        3.5781226897707583     
   134.00000000000000        3.4980841730001861     
   135.00000000000000        3.4194053692143918     
   136.00000000000000        3.3420801462686320     
   137.00000000000000        3.2661015858578915     
   138.00000000000000        3.1914620266131855     
   139.00000000000000        3.1181531058831555     
   140.00000000000000        3.0461658002164280     
   141.00000000000000        2.9754904645606977     
   142.00000000000000        2.9061168701961364     
   143.00000000000000        2.8380342414212816     
   144.00000000000000        2.7712312910106549     
   145.00000000000000        2.7056962544638825     
   146.00000000000000        2.6414169230670126     
   147.00000000000000        2.5783806757871810     
   148.00000000000000        2.5165745100222363     
   149.00000000000000        2.4559850712276736     
   150.00000000000000        2.3965986814431939     
   151.00000000000000        2.3384013667419605     
   152.00000000000000        2.2813788836255546     
   153.00000000000000        2.2255167443879929     
   154.00000000000000        2.1708002414723770     
   155.00000000000000        2.1172144708436842     
   156.00000000000000        2.0647443544014186     
   157.00000000000000        2.0133746614558072     
   158.00000000000000        1.9630900292911924     
   159.00000000000000        1.9138749828401940     
   160.00000000000000        1.8657139534922269     
   161.00000000000000        1.8185912970596796     
   162.00000000000000        1.7724913109250020     
   163.00000000000000        1.7273982503917777     
   164.00000000000000        1.6832963442625912     
   165.00000000000000        1.6401698096661961     
   166.00000000000000        1.5980028661565604     
   167.00000000000000        1.5567797491055921     
   168.00000000000000        1.5164847224114955     
   169.00000000000000        1.4771020905441716     
   170.00000000000000        1.4386162099488138     
   171.00000000000000        1.4010114998285113     
   172.00000000000000        1.3642724523263212     
   173.00000000000000        1.3283836421269226     
   174.00000000000000        1.2933297354975817     
   175.00000000000000        1.2590954987878333     
   176.00000000000000        1.2256658064067731     
   177.00000000000000        1.1930256482966850     
   178.00000000000000        1.1611601369211053     
   179.00000000000000        1.1300545137851818     
   180.00000000000000        1.0996941555057587     
   181.00000000000000        1.0700645794481742     
   182.00000000000000        1.0411514489464062     
   183.00000000000000        1.0129405781227843     
   184.00000000000000       0.98541793632307850     
   185.00000000000000       0.95856965218238155     
   186.00000000000000       0.93238201733683079     
   187.00000000000000       0.90684148979575385     
   188.00000000000000       0.88193469698852123     
   189.00000000000000       0.85764843849990557     
   190.00000000000000       0.83396968850743858     
   191.00000000000000       0.81088559793381854     
   192.00000000000000       0.78838349632708993     
   193.00000000000000       0.76645089348089757     
   194.00000000000000       0.74507548080679198     
   195.00000000000000       0.72424513247016409     
   196.00000000000000       0.70394790630104764     
   197.00000000000000       0.68417204449070246     
   198.00000000000000       0.66490597408445840     
   199.00000000000000       0.64613830728107180     
   200.00000000000000       0.62785784154843349     
   201.00000000000000       0.61005355956515894     
   202.00000000000000       0.59271462899728966     
   203.00000000000000       0.57583040211899639     
   204.00000000000000       0.55939041528586075     
   205.00000000000000       0.54338438826905566     
   206.00000000000000       0.52780222345838546     
   207.00000000000000       0.51263400494190370     
   208.00000000000000       0.49786999746953148     
   209.00000000000000       0.48350064530782122     
   210.00000000000000       0.46951657099273747     
   211.00000000000000       0.45590857398708617     
   212.00000000000000       0.44266762924892750     
   213.00000000000000       0.42978488571712270     
   214.00000000000000       0.41725166471983693     
   215.00000000000000       0.40505945831167944     
   216.00000000000000       0.39319992754484817     
   217.00000000000000       0.38166490067948666     
   218.00000000000000       0.37044637133820529     
   219.00000000000000       0.35953649660952025     
   220.00000000000000       0.34892759510478105     
   221.00000000000000       0.33861214497290948     
   222.00000000000000       0.32858278187713730     
   223.00000000000000       0.31883229693770365     
   224.00000000000000       0.30935363464430771     
   225.00000000000000       0.30013989074193703     
   226.00000000000000       0.29118431009353307     
   227.00000000000000       0.28248028452275153     
   228.00000000000000       0.27402135063997940     
   229.00000000000000       0.26580118765456628     
   230.00000000000000       0.25781361517608636     
   231.00000000000000       0.25005259100734734     
   232.00000000000000       0.24251220893165942     
   233.00000000000000       0.23518669649679350     
   234.00000000000000       0.22807041279792095     
   235.00000000000000       0.22115784626167009     
   236.00000000000000       0.21444361243337098     
   237.00000000000000       0.20792245176939486     
   238.00000000000000       0.20158922743641358     
   239.00000000000000       0.19543892311927977     
   240.00000000000000       0.18946664083915118     
   241.00000000000000       0.18366759878334693     
   242.00000000000000       0.17803712914836586     
   243.00000000000000       0.17257067599738216     
   244.00000000000000       0.16726379313345863     
   245.00000000000000       0.16211214198961929     
   246.00000000000000       0.15711148953687293     
   247.00000000000000       0.15225770621115642     
   248.00000000000000       0.14754676386014223     
   249.00000000000000       0.14297473371074443     
   250.00000000000000       0.13853778435811251     
   251.00000000000000       0.13423217977683055     
   252.00000000000000       0.13005427735497724     
   253.00000000000000       0.12600052595164291     
   254.00000000000000       0.12206746397844263     
   255.00000000000000       0.11825171750551887     
   256.00000000000000       0.11454999839245916     
   257.00000000000000       0.11095910244452613     
   258.00000000000000       0.10747590759453023     
   259.00000000000000       0.10409737211064690     
   260.00000000000000       0.10082053283042969     
   261.00000000000000        9.7642503421233151E-002
   262.00000000000000        9.4560472667219897E-002
   263.00000000000000        9.1571702783093303E-002
   264.00000000000000        8.8673527754659975E-002
   265.00000000000000        8.5863351706294347E-002
   266.00000000000000        8.3138647295345980E-002
   267.00000000000000        8.0496954133510060E-002
   268.00000000000000        7.7935877235137160E-002
   269.00000000000000        7.5453085492449834E-002
   270.00000000000000        7.3046310177598217E-002
   271.00000000000000        7.0713343471469500E-002
   272.00000000000000        6.8452037019143513E-002
   273.00000000000000        6.6260300511861256E-002
   274.00000000000000        6.4136100295366538E-002
   275.00000000000000        6.2077458004449831E-002
   276.00000000000000        6.0082449223513371E-002
   277.00000000000000        5.8149202172964952E-002
   278.00000000000000        5.6275896421224603E-002
   279.00000000000000        5.4460761622121448E-002
   280.00000000000000        5.2702076277445671E-002
   281.00000000000000        5.0998166524404448E-002
   282.00000000000000        4.9347404947727151E-002
   283.00000000000000        4.7748209416148490E-002
   284.00000000000000        4.6199041942995379E-002
   285.00000000000000        4.4698407570592319E-002
   286.00000000000000        4.3244853278191081E-002
   287.00000000000000        4.1836966913130651E-002
   288.00000000000000        4.0473376144919804E-002
   289.00000000000000        3.9152747441933429E-002
   290.00000000000000        3.7873785070409713E-002
   291.00000000000000        3.6635230115430066E-002
   292.00000000000000        3.5435859523558572E-002
   293.00000000000000        3.4274485166818906E-002
   294.00000000000000        3.3149952927681567E-002
   295.00000000000000        3.2061141804729930E-002
   296.00000000000000        3.1006963038680221E-002
   297.00000000000000        2.9986359258418114E-002
   298.00000000000000        2.8998303646725006E-002
   299.00000000000000        2.8041799125358272E-002
   300.00000000000000        2.7115877559156207E-002
   301.00000000000000        2.6219598978832252E-002
   302.00000000000000        2.5352050822130965E-002
   303.00000000000000        2.4512347193014174E-002
   304.00000000000000        2.3699628138546449E-002
   305.00000000000000        2.2913058943157597E-002
   306.00000000000000        2.2151829439950876E-002
   307.00000000000000        2.1415153338737641E-002
   308.00000000000000        2.0702267570475316E-002
   309.00000000000000        2.0012431647790645E-002
   310.00000000000000        1.9344927041270121E-002
   311.00000000000000        1.8699056571208048E-002
   312.00000000000000        1.8074143814496305E-002
   313.00000000000000        1.7469532526353752E-002
   314.00000000000000        1.6884586076586480E-002
   315.00000000000000        1.6318686900082091E-002
   316.00000000000000        1.5771235961236127E-002
   317.00000000000000        1.5241652232021350E-002
   318.00000000000000        1.4729372183405455E-002
   319.00000000000000        1.4233849289833716E-002
   320.00000000000000        1.3754553546491946E-002
   321.00000000000000        1.3290970999071450E-002
   322.00000000000000        1.2842603285761544E-002
   323.00000000000000        1.2408967191197584E-002
   324.00000000000000        1.1989594212097989E-002
   325.00000000000000        1.1584030134327719E-002
   326.00000000000000        1.1191834621128244E-002
   327.00000000000000        1.0812580812260426E-002
   328.00000000000000        1.0445854933808766E-002
   329.00000000000000        1.0091255918401140E-002
   330.00000000000000        9.7483950356006682E-003
   331.00000000000000        9.4168955322328080E-003
   332.00000000000000        9.0963922824123782E-003
   333.00000000000000        8.7865314470413590E-003
   334.00000000000000        8.4869701425509762E-003
   335.00000000000000        8.1973761186668048E-003
   336.00000000000000        7.9174274449794156E-003
   337.00000000000000        7.6468122061059841E-003
   338.00000000000000        7.3852282052350067E-003
   339.00000000000000        7.1323826758470472E-003
   340.00000000000000        6.8879920014110725E-003
   341.00000000000000        6.6517814428582716E-003
   342.00000000000000        6.4234848736404856E-003
   343.00000000000000        6.2028445221826564E-003
   344.00000000000000        5.9896107215441979E-003
   345.00000000000000        5.7835416661070546E-003
   346.00000000000000        5.5844031751121591E-003
   347.00000000000000        5.3919684628697855E-003
   348.00000000000000        5.2060179154733589E-003
   349.00000000000000        5.0263388738490721E-003
   350.00000000000000        4.8527254229780593E-003
   351.00000000000000        4.6849781871312699E-003
   352.00000000000000        4.5229041309602412E-003
   353.00000000000000        4.3663163662908842E-003
   354.00000000000000        4.2150339644707029E-003
   355.00000000000000        4.0688817741233452E-003
   356.00000000000000        3.9276902441670270E-003
   357.00000000000000        3.7912952519577174E-003
   358.00000000000000        3.6595379364202066E-003
   359.00000000000000        3.5322645360338660E-003
   360.00000000000000        3.4093262315428013E-003
   361.00000000000000        3.2905789932631459E-003
   362.00000000000000        3.1758834328635050E-003
   363.00000000000000        3.0651046594969587E-003
   364.00000000000000        2.9581121401665933E-003
   365.00000000000000        2.8547795642086564E-003
   366.00000000000000        2.7549847117810376E-003
   367.00000000000000        2.6586093262465646E-003
   368.00000000000000        2.5655389903441873E-003
   369.00000000000000        2.4756630060431373E-003
   370.00000000000000        2.3888742779779606E-003
   371.00000000000000        2.3050692003649476E-003
   372.00000000000000        2.2241475473026777E-003
   373.00000000000000        2.1460123663622310E-003
   374.00000000000000        2.0705698753744426E-003
   375.00000000000000        1.9977293623246618E-003
   376.00000000000000        1.9274030882668954E-003
   377.00000000000000        1.8595061931722459E-003
   378.00000000000000        1.7939566046282071E-003
   379.00000000000000        1.7306749493077127E-003
   380.00000000000000        1.6695844671290438E-003
   381.00000000000000        1.6106109280295045E-003
   382.00000000000000        1.5536825512779216E-003
   383.00000000000000        1.4987299272531565E-003
   384.00000000000000        1.4456859416172446E-003
   385.00000000000000        1.3944857018142640E-003
   386.00000000000000        1.3450664658273895E-003
   387.00000000000000        1.2973675731286411E-003
   388.00000000000000        1.2513303777574444E-003
   389.00000000000000        1.2068981834659146E-003
   390.00000000000000        1.1640161808704821E-003
   391.00000000000000        1.1226313865509712E-003
   392.00000000000000        1.0826925840399545E-003
   393.00000000000000        1.0441502666466164E-003
   394.00000000000000        1.0069565820612707E-003
   395.00000000000000        9.7106527868747285E-004
   396.00000000000000        9.3643165365080757E-004
   397.00000000000000        9.0301250243445040E-004
   398.00000000000000        8.7076607009301747E-004
   399.00000000000000        8.3965200399775555E-004
   400.00000000000000        8.0963130806710102E-004
   401.00000000000000        7.8066629843830484E-004
   402.00000000000000        7.5272056053674356E-004
   403.00000000000000        7.2575890750087063E-004
   404.00000000000000        6.9974733992204886E-004
   405.00000000000000        6.7465300685943998E-004
   406.00000000000000        6.5044416809145994E-004
   407.00000000000000        6.2709015756624723E-004
   408.00000000000000        6.0456134801475188E-004
   409.00000000000000        5.8282911669107161E-004
   410.00000000000000        5.6186581220567689E-004
   411.00000000000000        5.4164472241806253E-004
   412.00000000000000        5.2214004335653314E-004
   413.00000000000000        5.0332684913351948E-004
   414.00000000000000        4.8518106282590469E-004
   415.00000000000000        4.6767942829066642E-004
   416.00000000000000        4.5079948288700869E-004
   417.00000000000000        4.3451953107696020E-004
   418.00000000000000        4.1881861887731376E-004
   419.00000000000000        4.0367650913652542E-004
   420.00000000000000        3.8907365761093660E-004
   421.00000000000000        3.7499118981550286E-004
   422.00000000000000        3.6141087862491273E-004
   423.00000000000000        3.4831512260167586E-004
   424.00000000000000        3.3568692502848271E-004
   425.00000000000000        3.2350987362279946E-004
   426.00000000000000        3.1176812091230488E-004
   427.00000000000000        3.0044636525044475E-004
   428.00000000000000        2.8952983245195824E-004
   429.00000000000000        2.7900425802888018E-004
   430.00000000000000        2.6885587000804377E-004
   431.00000000000000        2.5907137231177628E-004
   432.00000000000000        2.4963792868390146E-004
   433.00000000000000        2.4054314714383457E-004
   434.00000000000000        2.3177506495198943E-004
   435.00000000000000        2.2332213407024089E-004
   436.00000000000000        2.1517320710171792E-004
   437.00000000000000        2.0731752369462927E-004
   438.00000000000000        1.9974469739532681E-004
   439.00000000000000        1.9244470293625199E-004
   440.00000000000000        1.8540786394483392E-004
   441.00000000000000        1.7862484105986759E-004
   442.00000000000000        1.7208662044228054E-004
   443.00000000000000        1.6578450266763683E-004
   444.00000000000000        1.5971009198805647E-004
   445.00000000000000        1.5385528595169342E-004
   446.00000000000000        1.4821226536819928E-004
   447.00000000000000        1.4277348460901097E-004
   448.00000000000000        1.3753166223163559E-004
   449.00000000000000        1.3247977191741637E-004
   450.00000000000000        1.2761103371264611E-004
   451.00000000000000        1.2291890556313106E-004
   452.00000000000000        1.1839707513271789E-004
   453.00000000000000        1.1403945189648865E-004
   454.00000000000000        1.0984015949969572E-004
   455.00000000000000        1.0579352837376482E-004
   456.00000000000000        1.0189408860095170E-004
   457.00000000000000        9.8136563019528768E-005
   458.00000000000000        9.4515860561610808E-005
   459.00000000000000        9.1027069816002745E-005
   460.00000000000000        8.7665452808670654E-005
   461.00000000000000        8.4426438993680608E-005
   462.00000000000000        8.1305619447684710E-005
   463.00000000000000        7.8298741261244512E-005
   464.00000000000000        7.5401702120489033E-005
   465.00000000000000        7.2610545072834793E-005
   466.00000000000000        6.9921453470672237E-005
   467.00000000000000        6.7330746087124191E-005
   468.00000000000000        6.4834872398185481E-005
   469.00000000000000        6.2430408025710817E-005
   470.00000000000000        6.0114050335915294E-005
   471.00000000000000        5.7882614188213179E-005
   472.00000000000000        5.5733027829391647E-005
   473.00000000000000        5.3662328928276146E-005
   474.00000000000000        5.1667660746200286E-005
   475.00000000000000        4.9746268438743538E-005
   476.00000000000000        4.7895495484350599E-005
   477.00000000000000        4.6112780235582877E-005
   478.00000000000000        4.4395652588898933E-005
   479.00000000000000        4.2741730768979430E-005
   480.00000000000000        4.1148718223763686E-005
   481.00000000000000        3.9614400626464400E-005
   482.00000000000000        3.8136642980970810E-005
   483.00000000000000        3.6713386827156724E-005
   484.00000000000000        3.5342647542720848E-005
   485.00000000000000        3.4022511738310338E-005
   486.00000000000000        3.2751134742768821E-005
   487.00000000000000        3.1526738175470120E-005
   488.00000000000000        3.0347607602781503E-005
   489.00000000000000        2.9212090275815158E-005
   490.00000000000000        2.8118592946705378E-005
   491.00000000000000        2.7065579760750295E-005
   492.00000000000000        2.6051570221838431E-005
   493.00000000000000        2.5075137228669739E-005
   494.00000000000000        2.4134905179361150E-005
   495.00000000000000        2.3229548142104197E-005
   496.00000000000000        2.2357788089629389E-005
   497.00000000000000        2.1518393195291498E-005
   498.00000000000000        2.0710176188674849E-005
   499.00000000000000        1.9931992768685096E-005
   500.00000000000000        1.9182740072154520E-005
   501.00000000000000        1.8461355196066158E-005
   502.00000000000000        1.7766813771552110E-005
   503.00000000000000        1.7098128587894223E-005
   504.00000000000000        1.6454348264806471E-005
   505.00000000000000        1.5834555971341530E-005
   506.00000000000000        1.5237868189816569E-005
   507.00000000000000        1.4663433523207152E-005
   508.00000000000000        1.4110431544513136E-005
   509.00000000000000        1.3578071686647334E-005
   510.00000000000000        1.3065592171447462E-005
   511.00000000000000        1.2572258976461806E-005
   512.00000000000000        1.2097364838199868E-005
   513.00000000000000        1.1640228290587892E-005
   514.00000000000000        1.1200192737407764E-005
   515.00000000000000        1.0776625557543941E-005
   516.00000000000000        1.0368917241896580E-005
   517.00000000000000        9.9764805608652991E-006
   518.00000000000000        9.5987497613379709E-006
   519.00000000000000        9.2351797921591800E-006
   520.00000000000000        8.8852455570887064E-006
   521.00000000000000        8.5484411942897423E-006
   522.00000000000000        8.2242793814242990E-006
   523.00000000000000        7.9122906654604369E-006
   524.00000000000000        7.6120228163305308E-006
   525.00000000000000        7.3230402036048030E-006
   526.00000000000000        7.0449231953771029E-006
   527.00000000000000        6.7772675785846376E-006
   528.00000000000000        6.5196840000110097E-006
   529.00000000000000        6.2717974272480577E-006
   530.00000000000000        6.0332466289154438E-006
   531.00000000000000        5.8036836734631462E-006
   532.00000000000000        5.5827734459031288E-006
   533.00000000000000        5.3701931818400606E-006
   534.00000000000000        5.1656320181929355E-006
   535.00000000000000        4.9687905600191102E-006
   536.00000000000000        4.7793804628740838E-006
   537.00000000000000        4.5971240301592004E-006
   538.00000000000000        4.4217538249278102E-006
   539.00000000000000        4.2530122956400198E-006
   540.00000000000000        4.0906514153730868E-006
   541.00000000000000        3.9344323340110544E-006
   542.00000000000000        3.7841250429552345E-006
   543.00000000000000        3.6395080519113182E-006
   544.00000000000000        3.5003680773259176E-006
   545.00000000000000        3.3664997420587303E-006
   546.00000000000000        3.2377052858925736E-006
   547.00000000000000        3.1137942864951682E-006
   548.00000000000000        2.9945833904626750E-006
   549.00000000000000        2.8798960540854500E-006
   550.00000000000000        2.7695622934906447E-006
   551.00000000000000        2.6634184438274778E-006
   552.00000000000000        2.5613069271733891E-006
   553.00000000000000        2.4630760288496719E-006
   554.00000000000000        2.3685796818468711E-006
   555.00000000000000        2.2776772590705409E-006
   556.00000000000000        2.1902333731273587E-006
   557.00000000000000        2.1061176833829778E-006
   558.00000000000000        2.0252047100307922E-006
   559.00000000000000        1.9473736549208969E-006
   560.00000000000000        1.8725082289072164E-006
   561.00000000000000        1.8004964854790924E-006
   562.00000000000000        1.7312306604519087E-006
   563.00000000000000        1.6646070174994579E-006
   564.00000000000000        1.6005256993182522E-006
   565.00000000000000        1.5388905842213102E-006
   566.00000000000000        1.4796091479663920E-006
   567.00000000000000        1.4225923306302214E-006
   568.00000000000000        1.3677544083471790E-006
   569.00000000000000        1.3150128697372106E-006
   570.00000000000000        1.2642882968537995E-006
   571.00000000000000        1.2155042504893536E-006
   572.00000000000000        1.1685871596803159E-006
   573.00000000000000        1.1234662152607579E-006
   574.00000000000000        1.0800732673180363E-006
   575.00000000000000        1.0383427264092788E-006
   576.00000000000000        9.9821146840291782E-007
   577.00000000000000        9.5961874281417029E-007
   578.00000000000000        9.2250608450737136E-007
   579.00000000000000        8.8681722864386569E-007
   580.00000000000000        8.5249802875733770E-007
   581.00000000000000        8.1949637784316797E-007
   582.00000000000000        7.8776213235263280E-007
   583.00000000000000        7.5724703898619843E-007
   584.00000000000000        7.2790466418431175E-007
   585.00000000000000        6.9969032621763803E-007
   586.00000000000000        6.7256102978200158E-007
   587.00000000000000        6.4647540300711455E-007
   588.00000000000000        6.2139363679090652E-007
   589.00000000000000        5.9727742637490487E-007
   590.00000000000000        5.7408991507886076E-007
   591.00000000000000        5.5179564011581494E-007
   592.00000000000000        5.3036048041175895E-007
   593.00000000000000        5.0975160635658009E-007
   594.00000000000000        4.8993743141577195E-007
   595.00000000000000        4.7088756553483869E-007
   596.00000000000000        4.5257277027085866E-007
   597.00000000000000        4.3496491558786571E-007
   598.00000000000000        4.1803693825535435E-007
   599.00000000000000        4.0176280179084805E-007
   600.00000000000000        3.8611745789020723E-007
   601.00000000000000        3.7107680929094171E-007
   602.00000000000000        3.5661767401596573E-007
   603.00000000000000        3.4271775094714756E-007
   604.00000000000000        3.2935558667973151E-007
   605.00000000000000        3.1651054361063566E-007
   606.00000000000000        3.0416276921515699E-007
   607.00000000000000        2.9229316646838622E-007
   608.00000000000000        2.8088336536923949E-007
   609.00000000000000        2.6991569552640924E-007
   610.00000000000000        2.5937315976715281E-007
   611.00000000000000        2.4923940873118896E-007
   612.00000000000000        2.3949871641336218E-007
   613.00000000000000        2.3013595662005423E-007
   614.00000000000000        2.2113658030561077E-007
   615.00000000000000        2.1248659375623686E-007
   616.00000000000000        2.0417253759008627E-007
   617.00000000000000        1.9618146654332097E-007
   618.00000000000000        1.8850093001305721E-007
   619.00000000000000        1.8111895332920061E-007
   620.00000000000000        1.7402401972816967E-007
   621.00000000000000        1.6720505300248697E-007
   622.00000000000000        1.6065140080117619E-007
   623.00000000000000        1.5435281855684910E-007
   624.00000000000000        1.4829945401621377E-007
   625.00000000000000        1.4248183235158277E-007
   626.00000000000000        1.3689084183184012E-007
   627.00000000000000        1.3151772003203181E-007
   628.00000000000000        1.2635404056158653E-007
   629.00000000000000        1.2139170029186678E-007
   630.00000000000000        1.1662290706443993E-007
   631.00000000000000        1.1204016786222443E-007
   632.00000000000000        1.0763627742621116E-007
   633.00000000000000        1.0340430730120487E-007
   634.00000000000000        9.9337595294550691E-008
   635.00000000000000        9.5429735332454932E-008
   636.00000000000000        9.1674567699079912E-008
   637.00000000000000        8.8066169644084667E-008
   638.00000000000000        8.4598846344887754E-008
   639.00000000000000        8.1267122210363387E-008
   640.00000000000000        7.8065732513228843E-008
   641.00000000000000        7.4989615338813237E-008
   642.00000000000000        7.2033903838380996E-008
   643.00000000000000        6.9193918775601214E-008
   644.00000000000000        6.6465161355181000E-008
   645.00000000000000        6.3843306323093051E-008
   646.00000000000000        6.1324195328226200E-008
   647.00000000000000        5.8903830535631873E-008
   648.00000000000000        5.6578368481946471E-008
   649.00000000000000        5.4344114163892302E-008
   650.00000000000000        5.2197515351103842E-008
   651.00000000000000        5.0135157114849448E-008
   652.00000000000000        4.8153756564537431E-008
   653.00000000000000        4.6250157784199025E-008
   654.00000000000000        4.4421326961406260E-008
   655.00000000000000        4.2664347701408183E-008
   656.00000000000000        4.0976416519492615E-008
   657.00000000000000        3.9354838504865960E-008
   658.00000000000000        3.7797023149597898E-008
   659.00000000000000        3.6300480336386206E-008
   660.00000000000000        3.4862816479180501E-008
   661.00000000000000        3.3481730810867289E-008
   662.00000000000000        3.2155011812497448E-008
   663.00000000000000        3.0880533778679682E-008
   664.00000000000000        2.9656253514021185E-008
   665.00000000000000        2.8480207155650851E-008
   666.00000000000000        2.7350507117058507E-008
   667.00000000000000        2.6265339148666302E-008
   668.00000000000000        2.5222959510711518E-008
   669.00000000000000        2.4221692254192008E-008
   670.00000000000000        2.3259926605779836E-008
   671.00000000000000        2.2336114452764921E-008
   672.00000000000000        2.1448767924238794E-008
   673.00000000000000        2.0596457064871009E-008
   674.00000000000000        1.9777807597759828E-008
   675.00000000000000        1.8991498772985861E-008
   676.00000000000000        1.8236261298607062E-008
   677.00000000000000        1.7510875350973442E-008
   678.00000000000000        1.6814168661339391E-008
   679.00000000000000        1.6145014675878427E-008
   680.00000000000000        1.5502330786311354E-008
   681.00000000000000        1.4885076628457884E-008
   682.00000000000000        1.4292252446129308E-008
   683.00000000000000        1.3722897517877370E-008
   684.00000000000000        1.3176088644200591E-008
   685.00000000000000        1.2650938692910649E-008
   686.00000000000000        1.2146595200438921E-008
   687.00000000000000        1.1662239026951672E-008
   688.00000000000000        1.1197083063223194E-008
   689.00000000000000        1.0750370987288899E-008
   690.00000000000000        1.0321376068982713E-008
   691.00000000000000        9.9094000205273800E-009
   692.00000000000000        9.5137718914202231E-009
   693.00000000000000        9.1338470059213825E-009
   694.00000000000000        8.7690059415168079E-009
   695.00000000000000        8.4186535467883343E-009
   696.00000000000000        8.0822179971844451E-009
   697.00000000000000        7.7591498872411907E-009
   698.00000000000000        7.4489213578563828E-009
   699.00000000000000        7.1510252572792419E-009
   700.00000000000000        6.8649743345171955E-009
   701.00000000000000        6.5903004639251427E-009
   702.00000000000000        6.3265538997751378E-009
   703.00000000000000        6.0733025596613311E-009
   704.00000000000000        5.8301313356313769E-009
   705.00000000000000        5.5966414319826946E-009
   706.00000000000000        5.3724497286968595E-009
   707.00000000000000        5.1571881695302123E-009
   708.00000000000000        4.9505031738121331E-009
   709.00000000000000        4.7520550710405047E-009
   710.00000000000000        4.5615175573968011E-009
   711.00000000000000        4.3785771733397355E-009
   712.00000000000000        4.2029328014648448E-009
   713.00000000000000        4.0342951838507731E-009
   714.00000000000000        3.8723864581419394E-009
   715.00000000000000        3.7169397116464835E-009
   716.00000000000000        3.5676985527544630E-009
   717.00000000000000        3.4244166990098481E-009
   718.00000000000000        3.2868575811936865E-009
   719.00000000000000        3.1547939628010117E-009
   720.00000000000000        3.0280075743179940E-009
   721.00000000000000        2.9062887617275896E-009
   722.00000000000000        2.7894361486951324E-009
   723.00000000000000        2.6772563119049376E-009
   724.00000000000000        2.5695634690402988E-009
   725.00000000000000        2.4661791789179542E-009
   726.00000000000000        2.3669320533078143E-009
   727.00000000000000        2.2716574799850139E-009
   728.00000000000000        2.1801973565810952E-009
   729.00000000000000        2.0923998348152204E-009
   730.00000000000000        2.0081190747047391E-009
   731.00000000000000        1.9272150083675787E-009
   732.00000000000000        1.8495531130460263E-009
   733.00000000000000        1.7750041929938413E-009
   734.00000000000000        1.7034441698834093E-009
   735.00000000000000        1.6347538814027402E-009
   736.00000000000000        1.5688188877243750E-009
   737.00000000000000        1.5055292855411809E-009
   738.00000000000000        1.4447795293749615E-009
   739.00000000000000        1.3864682598757829E-009
   740.00000000000000        1.3304981388406347E-009
   741.00000000000000        1.2767756906899363E-009
   742.00000000000000        1.2252111501516027E-009
   743.00000000000000        1.1757183159107023E-009
   744.00000000000000        1.1282144099933751E-009
   745.00000000000000        1.0826199426613269E-009
   746.00000000000000        1.0388585826030050E-009
   747.00000000000000        9.9685703221520582E-010
   748.00000000000000        9.5654490777651415E-010
   749.00000000000000        9.1785462432263846E-010
   750.00000000000000        8.8072128504017551E-010
   751.00000000000000        8.4508257500267235E-010
   752.00000000000000        8.1087865907980357E-010
   753.00000000000000        7.7805208385698487E-010
   754.00000000000000        7.4654768340886794E-010
   755.00000000000000        7.1631248877646888E-010
   756.00000000000000        6.8729564100324529E-010
   757.00000000000000        6.5944830759136178E-010
   758.00000000000000        6.3272360224428056E-010
   759.00000000000000        6.0707650776762285E-010
   760.00000000000000        5.8246380200469046E-010
   761.00000000000000        5.5884398668797368E-010
   762.00000000000000        5.3617721909282102E-010
   763.00000000000000        5.1442524638351144E-010
   764.00000000000000        4.9355134254641709E-010
   765.00000000000000        4.7352024780906141E-010
   766.00000000000000        4.5429811044772617E-010
   767.00000000000000        4.3585243088996416E-010
   768.00000000000000        4.1815200802240876E-010
   769.00000000000000        4.0116688761704312E-010
   770.00000000000000        3.8486831279334220E-010
   771.00000000000000        3.6922867643611434E-010
   772.00000000000000        3.5422147549258352E-010
   773.00000000000000        3.3982126707482997E-010
   774.00000000000000        3.2600362629682707E-010
   775.00000000000000        3.1274510577798978E-010
   776.00000000000000        3.0002319674774385E-010
   777.00000000000000        2.8781629168829891E-010
   778.00000000000000        2.7610364845513529E-010
   779.00000000000000        2.6486535581721683E-010
   780.00000000000000        2.5408230036099871E-010
   781.00000000000000        2.4373613470471702E-010
   782.00000000000000        2.3380924697138889E-010
   783.00000000000000        2.2428473147095626E-010
   784.00000000000000        2.1514636054403945E-010
   785.00000000000000        2.0637855752158272E-010
   786.00000000000000        1.9796637075639150E-010
   787.00000000000000        1.8989544868440789E-010
   788.00000000000000        1.8215201587508850E-010
   789.00000000000000        1.7472285003197764E-010
   790.00000000000000        1.6759525990595153E-010
   791.00000000000000        1.6075706408518395E-010
   792.00000000000000        1.5419657062723797E-010
   793.00000000000000        1.4790255750006490E-010
   794.00000000000000        1.4186425379997703E-010
   795.00000000000000        1.3607132171594251E-010
   796.00000000000000        1.3051383921069169E-010
   797.00000000000000        1.2518228339038728E-010
   798.00000000000000        1.2006751453558348E-010
   799.00000000000000        1.1516076076738838E-010
   800.00000000000000        1.1045360332371037E-010
   801.00000000000000        1.0593796242143690E-010
   802.00000000000000        1.0160608368142087E-010
   803.00000000000000        9.7450525093962815E-011
   804.00000000000000        9.3464144503420409E-011
   805.00000000000000        8.9640087591404403E-011
   806.00000000000000        8.5971776338795995E-011
   807.00000000000000        8.2452897947644730E-011
   808.00000000000000        7.9077394204709244E-011
   809.00000000000000        7.5839451269161850E-011
   810.00000000000000        7.2733489867622541E-011
   811.00000000000000        6.9754155880380326E-011
   812.00000000000000        6.6896311303304428E-011
   813.00000000000000        6.4155025570511902E-011
   814.00000000000000        6.1525567223501914E-011
   815.00000000000000        5.9003395912999546E-011
   816.00000000000000        5.6584154720288399E-011
   817.00000000000000        5.4263662785367346E-011
   818.00000000000000        5.2037908229721488E-011
   819.00000000000000        4.9903041362020999E-011
   820.00000000000000        4.7855368155481726E-011
   821.00000000000000        4.5891343986123486E-011
   822.00000000000000        4.4007567621510544E-011
   823.00000000000000        4.2200775450041191E-011
   824.00000000000000        4.0467835941209891E-011
   825.00000000000000        3.8805744327647971E-011
   826.00000000000000        3.7211617500108787E-011
   827.00000000000000        3.5682689106944082E-011
   828.00000000000000        3.4216304849891494E-011
   829.00000000000000        3.2809917968390823E-011
   830.00000000000000        3.1461084904886779E-011
   831.00000000000000        3.0167461143927487E-011
   832.00000000000000        2.8926797218114580E-011
   833.00000000000000        2.7736934874266667E-011
   834.00000000000000        2.6595803393389765E-011
   835.00000000000000        2.5501416058335732E-011
   836.00000000000000        2.4451866763240451E-011
   837.00000000000000        2.3445326759094443E-011
   838.00000000000000        2.2480041530004314E-011
   839.00000000000000        2.1554327794928572E-011
   840.00000000000000        2.0666570629874503E-011
   841.00000000000000        1.9815220705744578E-011
   842.00000000000000        1.8998791637210806E-011
   843.00000000000000        1.8215857438178937E-011
   844.00000000000000        1.7465050079578146E-011
   845.00000000000000        1.6745057145388085E-011
   846.00000000000000        1.6054619582971456E-011
   847.00000000000000        1.5392529543937738E-011
   848.00000000000000        1.4757628311915576E-011
   849.00000000000000        1.4148804313757959E-011
   850.00000000000000        1.3564991210833102E-011
   851.00000000000000        1.3005166067199990E-011
   852.00000000000000        1.2468347591583115E-011
   853.00000000000000        1.1953594450193446E-011
   854.00000000000000        1.1460003647554334E-011
   855.00000000000000        1.0986708972604217E-011
   856.00000000000000        1.0532879507463880E-011
   857.00000000000000        1.0097718196348111E-011
   858.00000000000000        9.6804604722143619E-012
   859.00000000000000        9.2803729388290773E-012
   860.00000000000000        8.8967521060271954E-012
   861.00000000000000        8.5289231760309043E-012
   862.00000000000000        8.1762388787750088E-012
   863.00000000000000        7.8380783542732711E-012
   864.00000000000000        7.5138460801327378E-012
   865.00000000000000        7.2029708424053075E-012
   866.00000000000000        6.9049047480308991E-012
   867.00000000000000        6.6191222772036902E-012
   868.00000000000000        6.3451193740531338E-012
   869.00000000000000        6.0824125741003950E-012
   870.00000000000000        5.8305381670099261E-012
   871.00000000000000        5.5890513932163890E-012
   872.00000000000000        5.3575256730627499E-012
   873.00000000000000        5.1355518671411797E-012
   874.00000000000000        4.9227375665805570E-012
   875.00000000000000        4.7187064120733906E-012
   876.00000000000000        4.5230974404852344E-012
   877.00000000000000        4.3355644579350991E-012
   878.00000000000000        4.1557754382792692E-012
   879.00000000000000        3.9834119459746934E-012
   880.00000000000000        3.8181685823397437E-012
   881.00000000000000        3.6597524542670445E-012
   882.00000000000000        3.5078826644841673E-012
   883.00000000000000        3.3622898224912623E-012
   884.00000000000000        3.2227155753427570E-012
   885.00000000000000        3.0889121574705060E-012
   886.00000000000000        2.9606419587803353E-012
   887.00000000000000        2.8376771102838996E-012
   888.00000000000000        2.7197990865572896E-012
   889.00000000000000        2.6067983243464433E-012
   890.00000000000000        2.4984738566675214E-012
   891.00000000000000        2.3946329617746231E-012
   892.00000000000000        2.2950908263948149E-012
   893.00000000000000        2.1996702226531462E-012
   894.00000000000000        2.1082011981336198E-012
   895.00000000000000        2.0205207785450352E-012
   896.00000000000000        1.9364726824813979E-012
   897.00000000000000        1.8559070477872505E-012
   898.00000000000000        1.7786801690586613E-012
   899.00000000000000        1.7046542458279902E-012
   900.00000000000000        1.6336971410006113E-012
   901.00000000000000        1.5656821491277668E-012
   902.00000000000000        1.5004877741169424E-012
   903.00000000000000        1.4379975159977232E-012
   904.00000000000000        1.3780996663755306E-012
   905.00000000000000        1.3206871122211988E-012
   906.00000000000000        1.2656571476583527E-012
   907.00000000000000        1.2129112934240737E-012
   908.00000000000000        1.1623551236914987E-012
   909.00000000000000        1.1138980999557893E-012
   910.00000000000000        1.0674534116964928E-012
   911.00000000000000        1.0229378235413359E-012
   912.00000000000000        9.8027152866745196E-013
   913.00000000000000        9.3937800818656112E-013
   914.00000000000000        9.0018389627128754E-013
   915.00000000000000        8.6261885078884440E-013
   916.00000000000000        8.2661542921885937E-013
   917.00000000000000        7.9210896964001842E-013
   918.00000000000000        7.5903747657970446E-013
   919.00000000000000        7.2734151152884470E-013
   920.00000000000000        6.9696408793200974E-013
   921.00000000000000        6.6785057047102606E-013
   922.00000000000000        6.3994857846701748E-013
   923.00000000000000        6.1320789323350171E-013
   924.00000000000000        5.8758036921959031E-013
   925.00000000000000        5.6301984878898463E-013
   926.00000000000000        5.3948208048665561E-013
   927.00000000000000        5.1692464065121294E-013
   928.00000000000000        4.9530685823657112E-013
   929.00000000000000        4.7458974271207610E-013
   930.00000000000000        4.5473591491585676E-013
   931.00000000000000        4.3570954074064823E-013
   932.00000000000000        4.1747626753683959E-013
   933.00000000000000        4.0000316312190171E-013
   934.00000000000000        3.8325865728966335E-013
   935.00000000000000        3.6721248571772767E-013
   936.00000000000000        3.5183563617493501E-013
   937.00000000000000        3.3710029693507189E-013
   938.00000000000000        3.2297980730676281E-013
   939.00000000000000        3.0944861019308230E-013
   940.00000000000000        2.9648220659801289E-013
   941.00000000000000        2.8405711200023382E-013
   942.00000000000000        2.7215081451787411E-013
   943.00000000000000        2.6074173479113238E-013
   944.00000000000000        2.4980918751241983E-013
   945.00000000000000        2.3933334453680306E-013
   946.00000000000000        2.2929519950800409E-013
   947.00000000000000        2.1967653393804373E-013
   948.00000000000000        2.1045988468101255E-013
   949.00000000000000        2.0162851274398753E-013
   950.00000000000000        1.9316637338026629E-013
   951.00000000000000        1.8505808741255039E-013
   952.00000000000000        1.7728891373562250E-013
   953.00000000000000        1.6984472295027753E-013
   954.00000000000000        1.6271197208212877E-013
   955.00000000000000        1.5587768034089858E-013
   956.00000000000000        1.4932940587748783E-013
   957.00000000000000        1.4305522349801305E-013
   958.00000000000000        1.3704370329551776E-013
   959.00000000000000        1.3128389016178014E-013
   960.00000000000000        1.2576528414308157E-013
   961.00000000000000        1.2047782160539146E-013
   962.00000000000000        1.1541185717567475E-013
   963.00000000000000        1.1055814642755237E-013
   964.00000000000000        1.0590782928072997E-013
   965.00000000000000        1.0145241408490013E-013
   966.00000000000000        9.7183762360036408E-014
   967.00000000000000        9.3094074166090040E-014
   968.00000000000000        8.9175874076289794E-014
   969.00000000000000        8.5421997729192795E-014
   970.00000000000000        8.1825578935765995E-014
   971.00000000000000        7.8380037318630830E-014
   972.00000000000000        7.5079066461658490E-014
   973.00000000000000        7.1916622548879434E-014
   974.00000000000000        6.8886913472626616E-014
   975.00000000000000        6.5984388391602461E-014
   976.00000000000000        6.3203727720354018E-014
   977.00000000000000        6.0539833532421497E-014
   978.00000000000000        5.7987820360134885E-014
   979.00000000000000        5.5543006374724970E-014
   980.00000000000000        5.3200904931097920E-014
   981.00000000000000        5.0957216462276290E-014
   982.00000000000000        4.8807820709071825E-014
   983.00000000000000        4.6748769271219704E-014
   984.00000000000000        4.4776278466705549E-014
   985.00000000000000        4.2886722486599469E-014
   986.00000000000000        4.1076626833213223E-014
   987.00000000000000        3.9342662029912280E-014
   988.00000000000000        3.7681637591362672E-014
   989.00000000000000        3.6090496243500321E-014
   990.00000000000000        3.4566308382904753E-014
   991.00000000000000        3.3106266765707441E-014
   992.00000000000000        3.1707681416567208E-014
   993.00000000000000        3.0367974748631649E-014
   994.00000000000000        2.9084676885770819E-014
   995.00000000000000        2.7855421178743251E-014
   996.00000000000000        2.6677939907276331E-014
   997.00000000000000        2.5550060160393813E-014
   998.00000000000000        2.4469699887621585E-014
   999.00000000000000        2.3434864114017944E-014
   1000.0000000000000        2.2443641312251478E-014
