# Recoil energy (kev)        Event rate (events/gev)
   1.0000000000000000        3.5819518753743897E-005
   2.0000000000000000        6.9292846458562829E-005
   3.0000000000000000        1.0052388510489934E-004
   4.0000000000000000        1.2961321145000203E-004
   5.0000000000000000        1.5665812436322458E-004
   6.0000000000000000        1.8175269569385835E-004
   7.0000000000000000        2.0498782424140298E-004
   8.0000000000000000        2.2645129243731819E-004
   9.0000000000000000        2.4622782537481056E-004
   10.000000000000000        2.6439915184918325E-004
   11.000000000000000        2.8104406709579050E-004
   12.000000000000000        2.9623849693571837E-004
   13.000000000000000        3.1005556306109802E-004
   14.000000000000000        3.2256564921248219E-004
   15.000000000000000        3.3383646801997207E-004
   16.000000000000000        3.4393312829796951E-004
   17.000000000000000        3.5291820260050850E-004
   18.000000000000000        3.6085179486011428E-004
   19.000000000000000        3.6779160794824428E-004
   20.000000000000000        3.7379301100944669E-004
   21.000000000000000        3.7890910643465842E-004
   22.000000000000000        3.8319079635144946E-004
   23.000000000000000        3.8668684852062493E-004
   24.000000000000000        3.8944396153951994E-004
   25.000000000000000        3.9150682926239531E-004
   26.000000000000000        3.9291820435790009E-004
   27.000000000000000        3.9371896093238508E-004
   28.000000000000000        3.9394815615608630E-004
   29.000000000000000        3.9364309083690457E-004
   30.000000000000000        3.9283936889364298E-004
   31.000000000000000        3.9157095568717983E-004
   32.000000000000000        3.8987023517424678E-004
   33.000000000000000        3.8776806585417496E-004
   34.000000000000000        3.8529383548424064E-004
   35.000000000000000        3.8247551454417730E-004
   36.000000000000000        3.7933970843484743E-004
   37.000000000000000        3.7591170840031984E-004
   38.000000000000000        3.7221554116632699E-004
   39.000000000000000        3.6827401729164368E-004
   40.000000000000000        3.6410877823212694E-004
   41.000000000000000        3.5974034212008020E-004
   42.000000000000000        3.5518814826430295E-004
   43.000000000000000        3.5047060037860672E-004
   44.000000000000000        3.4560510854880896E-004
   45.000000000000000        3.4060812995018950E-004
   46.000000000000000        3.3549520832920144E-004
   47.000000000000000        3.3028101226484862E-004
   48.000000000000000        3.2497937222657582E-004
   49.000000000000000        3.1960331644677634E-004
   50.000000000000000        3.1416510562718846E-004
   51.000000000000000        3.0867626649940097E-004
   52.000000000000000        3.0314762426054840E-004
   53.000000000000000        2.9758933390605852E-004
   54.000000000000000        2.9201091048185364E-004
   55.000000000000000        2.8642125827900905E-004
   56.000000000000000        2.8082869899424758E-004
   57.000000000000000        2.7524099887998383E-004
   58.000000000000000        2.6966539490791815E-004
   59.000000000000000        2.6410861997031037E-004
   60.000000000000000        2.5857692714319880E-004
   61.000000000000000        2.5307611303588266E-004
   62.000000000000000        2.4761154025093005E-004
   63.000000000000000        2.4218815897895501E-004
   64.000000000000000        2.3681052775225228E-004
   65.000000000000000        2.3148283338123572E-004
   66.000000000000000        2.2620891009742373E-004
   67.000000000000000        2.2099225792647986E-004
   68.000000000000000        2.1583606031453506E-004
   69.000000000000000        2.1074320103073454E-004
   70.000000000000000        2.0571628036862704E-004
   71.000000000000000        2.0075763066865586E-004
   72.000000000000000        1.9586933118365327E-004
   73.000000000000000        1.9105322230885714E-004
   74.000000000000000        1.8631091919755761E-004
   75.000000000000000        1.8164382478308140E-004
   76.000000000000000        1.7705314222738871E-004
   77.000000000000000        1.7253988681612616E-004
   78.000000000000000        1.6810489731954427E-004
   79.000000000000000        1.6374884683822922E-004
   80.000000000000000        1.5947225315216584E-004
   81.000000000000000        1.5527548859117681E-004
   82.000000000000000        1.5115878944434302E-004
   83.000000000000000        1.4712226492554360E-004
   84.000000000000000        1.4316590571180712E-004
   85.000000000000000        1.3928959207070907E-004
   86.000000000000000        1.3549310159259508E-004
   87.000000000000000        1.3177611654297225E-004
   88.000000000000000        1.2813823084995566E-004
   89.000000000000000        1.2457895674122685E-004
   90.000000000000000        1.2109773104452068E-004
   91.000000000000000        1.1769392116523407E-004
   92.000000000000000        1.1436683075432114E-004
   93.000000000000000        1.1111570507923463E-004
   94.000000000000000        1.0793973611024784E-004
   95.000000000000000        1.0483806733411158E-004
   96.000000000000000        1.0180979830658598E-004
   97.000000000000000        9.8853988955013256E-005
   98.000000000000000        9.5969663641718662E-005
   99.000000000000000        9.3155814998649431E-005
   100.00000000000000        9.0411407543309415E-005
   101.00000000000000        8.7735381085683354E-005
   102.00000000000000        8.5126653935511438E-005
   103.00000000000000        8.2584125918924871E-005
   104.00000000000000        8.0106681213137719E-005
   105.00000000000000        7.7693191007560750E-005
   106.00000000000000        7.5342515999397939E-005
   107.00000000000000        7.3053508731481224E-005
   108.00000000000000        7.0825015779803015E-005
   109.00000000000000        6.8655879797925633E-005
   110.00000000000000        6.6544941425160665E-005
   111.00000000000000        6.4491041065150293E-005
   112.00000000000000        6.2493020541213397E-005
   113.00000000000000        6.0549724634572547E-005
   114.00000000000000        5.8660002511326051E-005
   115.00000000000000        5.6822709043795336E-005
   116.00000000000000        5.5036706031645873E-005
   117.00000000000000        5.3300863327956875E-005
   118.00000000000000        5.1614059875199434E-005
   119.00000000000000        4.9975184655873852E-005
   120.00000000000000        4.8383137562357346E-005
   121.00000000000000        4.6836830190313735E-005
   122.00000000000000        4.5335186559835057E-005
   123.00000000000000        4.3877143768299742E-005
   124.00000000000000        4.2461652578757781E-005
   125.00000000000000        4.1087677947482496E-005
   126.00000000000000        3.9754199494171900E-005
   127.00000000000000        3.8460211918119772E-005
   128.00000000000000        3.7204725363526417E-005
   129.00000000000000        3.5986765736977574E-005
   130.00000000000000        3.4805374979976679E-005
   131.00000000000000        3.3659611299280961E-005
   132.00000000000000        3.2548549357665282E-005
   133.00000000000000        3.1471280427608642E-005
   134.00000000000000        3.0426912510284914E-005
   135.00000000000000        2.9414570422117584E-005
   136.00000000000000        2.8433395851053661E-005
   137.00000000000000        2.7482547384602416E-005
   138.00000000000000        2.6561200511585372E-005
   139.00000000000000        2.5668547599444080E-005
   140.00000000000000        2.4803797848862023E-005
   141.00000000000000        2.3966177227363719E-005
   142.00000000000000        2.3154928383471118E-005
   143.00000000000000        2.2369310542913913E-005
   144.00000000000000        2.1608599388311473E-005
   145.00000000000000        2.0872086923670433E-005
   146.00000000000000        2.0159081324966636E-005
   147.00000000000000        1.9468906778015106E-005
   148.00000000000000        1.8800903304762807E-005
   149.00000000000000        1.8154426579077196E-005
   150.00000000000000        1.7528847733043078E-005
   151.00000000000000        1.6923553154724073E-005
   152.00000000000000        1.6337944278286714E-005
   153.00000000000000        1.5771437367337397E-005
   154.00000000000000        1.5223463292268718E-005
   155.00000000000000        1.4693467302366321E-005
   156.00000000000000        1.4180908793380408E-005
   157.00000000000000        1.3685261071224833E-005
   158.00000000000000        1.3206011112422645E-005
   159.00000000000000        1.2742659321880916E-005
   160.00000000000000        1.2294719288538155E-005
   161.00000000000000        1.1861717539392578E-005
   162.00000000000000        1.1443193292386359E-005
   163.00000000000000        1.1038698208588746E-005
   164.00000000000000        1.0647796144089572E-005
   165.00000000000000        1.0270062901987142E-005
   166.00000000000000        9.9050859848263800E-006
   167.00000000000000        9.5524643478165567E-006
   168.00000000000000        9.2118081531343249E-006
   169.00000000000000        8.8827385255937705E-006
   170.00000000000000        8.5648873099431767E-006
   171.00000000000000        8.2578968300271481E-006
   172.00000000000000        7.9614196500330144E-006
   173.00000000000000        7.6751183380222785E-006
   174.00000000000000        7.3986652319284792E-006
   175.00000000000000        7.1317422081887220E-006
   176.00000000000000        6.8740404531576801E-006
   177.00000000000000        6.6252602374400908E-006
   178.00000000000000        6.3851106932621692E-006
   179.00000000000000        6.1533095949909115E-006
   180.00000000000000        5.9295831428959279E-006
   181.00000000000000        5.7136657502382446E-006
   182.00000000000000        5.5052998337590188E-006
   183.00000000000000        5.3042356076306957E-006
   184.00000000000000        5.1102308809238732E-006
   185.00000000000000        4.9230508586336803E-006
   186.00000000000000        4.7424679463016643E-006
   187.00000000000000        4.5682615582603242E-006
   188.00000000000000        4.4002179295212471E-006
   189.00000000000000        4.2381299313199019E-006
   190.00000000000000        4.0817968903242865E-006
   191.00000000000000        3.9310244115087278E-006
   192.00000000000000        3.7856242046882777E-006
   193.00000000000000        3.6454139147041615E-006
   194.00000000000000        3.5102169552463465E-006
   195.00000000000000        3.3798623462943342E-006
   196.00000000000000        3.2541845551536472E-006
   197.00000000000000        3.1330233410618234E-006
   198.00000000000000        3.0162236033339332E-006
   199.00000000000000        2.9036352330150406E-006
   200.00000000000000        2.7951129680037970E-006
   201.00000000000000        2.6905162516088952E-006
   202.00000000000000        2.5897090944980292E-006
   203.00000000000000        2.4925599399964124E-006
   204.00000000000000        2.3989415326904334E-006
   205.00000000000000        2.3087307902902199E-006
   206.00000000000000        2.2218086787033300E-006
   207.00000000000000        2.1380600902705273E-006
   208.00000000000000        2.0573737251133981E-006
   209.00000000000000        1.9796419755427516E-006
   210.00000000000000        1.9047608134756971E-006
   211.00000000000000        1.8326296808086633E-006
   212.00000000000000        1.7631513826931295E-006
   213.00000000000000        1.6962319836604062E-006
   214.00000000000000        1.6317807065411180E-006
   215.00000000000000        1.5697098341255511E-006
   216.00000000000000        1.5099346135099405E-006
   217.00000000000000        1.4523731630746503E-006
   218.00000000000000        1.3969463820395787E-006
   219.00000000000000        1.3435778625425499E-006
   220.00000000000000        1.2921938041866997E-006
   221.00000000000000        1.2427229310028617E-006
   222.00000000000000        1.1950964107735599E-006
   223.00000000000000        1.1492477766654581E-006
   224.00000000000000        1.1051128511175236E-006
   225.00000000000000        1.0626296719327683E-006
   226.00000000000000        1.0217384205218569E-006
   227.00000000000000        9.8238135224742660E-007
   228.00000000000000        9.4450272881865667E-007
   229.00000000000000        9.0804875268617160E-007
   230.00000000000000        8.7296750338802951E-007
   231.00000000000000        8.3920887579835550E-007
   232.00000000000000        8.0672452023063124E-007
   233.00000000000000        7.7546778434871526E-007
   234.00000000000000        7.4539365683913644E-007
   235.00000000000000        7.1645871279909860E-007
   236.00000000000000        6.8862106079540768E-007
   237.00000000000000        6.6184029155028014E-007
   238.00000000000000        6.3607742821081793E-007
   239.00000000000000        6.1129487815968639E-007
   240.00000000000000        5.8745638632544272E-007
   241.00000000000000        5.6452698995164514E-007
   242.00000000000000        5.4247297478477783E-007
   243.00000000000000        5.2126183264180737E-007
   244.00000000000000        5.0086222031900225E-007
   245.00000000000000        4.8124391980445442E-007
   246.00000000000000        4.6237779975756117E-007
   247.00000000000000        4.4423577821951526E-007
   248.00000000000000        4.2679078651967310E-007
   249.00000000000000        4.1001673434342938E-007
   250.00000000000000        3.9388847592805738E-007
   251.00000000000000        3.7838177735371775E-007
   252.00000000000000        3.6347328489763397E-007
   253.00000000000000        3.4914049442017472E-007
   254.00000000000000        3.3536172175237485E-007
   255.00000000000000        3.2211607405511376E-007
   256.00000000000000        3.0938342212098437E-007
   257.00000000000000        2.9714437359051787E-007
   258.00000000000000        2.8538024705522928E-007
   259.00000000000000        2.7407304702060043E-007
   260.00000000000000        2.6320543970282581E-007
   261.00000000000000        2.5276072963382003E-007
   262.00000000000000        2.4272283704966701E-007
   263.00000000000000        2.3307627603834522E-007
   264.00000000000000        2.2380613342318496E-007
   265.00000000000000        2.1489804835919497E-007
   266.00000000000000        2.0633819261995767E-007
   267.00000000000000        1.9811325155345742E-007
   268.00000000000000        1.9021040568575821E-007
   269.00000000000000        1.8261731295206246E-007
   270.00000000000000        1.7532209153523485E-007
   271.00000000000000        1.6831330329245064E-007
   272.00000000000000        1.6157993775115523E-007
   273.00000000000000        1.5511139665608845E-007
   274.00000000000000        1.4889747904961660E-007
   275.00000000000000        1.4292836686815604E-007
   276.00000000000000        1.3719461103794530E-007
   277.00000000000000        1.3168711805394545E-007
   278.00000000000000        1.2639713702608685E-007
   279.00000000000000        1.2131624717757153E-007
   280.00000000000000        1.1643634578039387E-007
   281.00000000000000        1.1174963651366566E-007
   282.00000000000000        1.0724861823078759E-007
   283.00000000000000        1.0292607412191444E-007
   284.00000000000000        9.8775061258575421E-008
   285.00000000000000        9.4788900507717065E-008
   286.00000000000000        9.0961166802812146E-008
   287.00000000000000        8.7285679760074988E-008
   288.00000000000000        8.3756494628175904E-008
   289.00000000000000        8.0367893560220422E-008
   290.00000000000000        7.7114377197093730E-008
   291.00000000000000        7.3990656551635739E-008
   292.00000000000000        7.0991645183408389E-008
   293.00000000000000        6.8112451654174851E-008
   294.00000000000000        6.5348372254495585E-008
   295.00000000000000        6.2694883992166397E-008
   296.00000000000000        6.0147637833512882E-008
   297.00000000000000        5.7702452188843476E-008
   298.00000000000000        5.5355306633647514E-008
   299.00000000000000        5.3102335857384675E-008
   300.00000000000000        5.0939823831992267E-008
   301.00000000000000        4.8864198192472822E-008
   302.00000000000000        4.6872024822190634E-008
   303.00000000000000        4.4960002635737840E-008
   304.00000000000000        4.3124958552459535E-008
   305.00000000000000        4.1363842653972779E-008
   306.00000000000000        3.9673723519208429E-008
   307.00000000000000        3.8051783730742850E-008
   308.00000000000000        3.6495315546378941E-008
   309.00000000000000        3.5001716730141004E-008
   310.00000000000000        3.3568486537040272E-008
   311.00000000000000        3.2193221846166939E-008
   312.00000000000000        3.0873613436828220E-008
   313.00000000000000        2.9607442402650783E-008
   314.00000000000000        2.8392576698721550E-008
   315.00000000000000        2.7226967817015369E-008
   316.00000000000000        2.6108647585517519E-008
   317.00000000000000        2.5035725086604832E-008
   318.00000000000000        2.4006383690399611E-008
   319.00000000000000        2.3018878198960145E-008
   320.00000000000000        2.2071532097310021E-008
   321.00000000000000        2.1162734907446768E-008
   322.00000000000000        2.0290939641606037E-008
   323.00000000000000        1.9454660351180074E-008
   324.00000000000000        1.8652469767821736E-008
   325.00000000000000        1.7882997033377371E-008
   326.00000000000000        1.7144925515415434E-008
   327.00000000000000        1.6436990705227883E-008
   328.00000000000000        1.5757978195286534E-008
   329.00000000000000        1.5106721733250543E-008
   330.00000000000000        1.4482101349714979E-008
   331.00000000000000        1.3883041556993781E-008
   332.00000000000000        1.3308509616324551E-008
   333.00000000000000        1.2757513870974712E-008
   334.00000000000000        1.2229102142817068E-008
   335.00000000000000        1.1722360190030926E-008
   336.00000000000000        1.1236410223666874E-008
   337.00000000000000        1.0770409480892341E-008
   338.00000000000000        1.0323548852816517E-008
   339.00000000000000        9.8950515648649147E-009
   340.00000000000000        9.4841719077484416E-009
   341.00000000000000        9.0901940171405319E-009
   342.00000000000000        8.7124307002457360E-009
   343.00000000000000        8.3502223075056549E-009
   344.00000000000000        8.0029356477543295E-009
   345.00000000000000        7.6699629451942336E-009
   346.00000000000000        7.3507208366230695E-009
   347.00000000000000        7.0446494073990589E-009
   348.00000000000000        6.7512112646886530E-009
   349.00000000000000        6.4698906465890745E-009
   350.00000000000000        6.2001925657751601E-009
   351.00000000000000        5.9416419863650521E-009
   352.00000000000000        5.6937830327486858E-009
   353.00000000000000        5.4561782291686953E-009
   354.00000000000000        5.2284077688878213E-009
   355.00000000000000        5.0100688118197015E-009
   356.00000000000000        4.8007748095414370E-009
   357.00000000000000        4.6001548566453395E-009
   358.00000000000000        4.4078530674270403E-009
   359.00000000000000        4.2235279769432424E-009
   360.00000000000000        4.0468519655082259E-009
   361.00000000000000        3.8775107057336748E-009
   362.00000000000000        3.7152026312479712E-009
   363.00000000000000        3.5596384262648946E-009
   364.00000000000000        3.4105405352017842E-009
   365.00000000000000        3.2676426915765524E-009
   366.00000000000000        3.1306894654429110E-009
   367.00000000000000        2.9994358286499279E-009
   368.00000000000000        2.8736467372389946E-009
   369.00000000000000        2.7530967303172842E-009
   370.00000000000000        2.6375695447711935E-009
   371.00000000000000        2.5268577452077260E-009
   372.00000000000000        2.4207623685339550E-009
   373.00000000000000        2.3190925826082639E-009
   374.00000000000000        2.2216653584166839E-009
   375.00000000000000        2.1283051552501953E-009
   376.00000000000000        2.0388436183772002E-009
   377.00000000000000        1.9531192887251996E-009
   378.00000000000000        1.8709773241043061E-009
   379.00000000000000        1.7922692315224372E-009
   380.00000000000000        1.7168526101594804E-009
   381.00000000000000        1.6445909045844207E-009
   382.00000000000000        1.5753531678146120E-009
   383.00000000000000        1.5090138338325257E-009
   384.00000000000000        1.4454524991890455E-009
   385.00000000000000        1.3845537133375970E-009
   386.00000000000000        1.3262067773562127E-009
   387.00000000000000        1.2703055507281089E-009
   388.00000000000000        1.2167482658641061E-009
   389.00000000000000        1.1654373500620783E-009
   390.00000000000000        1.1162792546107076E-009
   391.00000000000000        1.0691842907557971E-009
   392.00000000000000        1.0240664722584849E-009
   393.00000000000000        9.8084336428486089E-010
   394.00000000000000        9.3943593837703413E-010
   395.00000000000000        8.9976843326477612E-010
   396.00000000000000        8.6176822128669097E-010
   397.00000000000000        8.2536568019856843E-010
   398.00000000000000        7.9049407015524873E-010
   399.00000000000000        7.5708941566067887E-010
   400.00000000000000        7.2509039228873493E-010
   401.00000000000000        6.9443821798515994E-010
   402.00000000000000        6.6507654876839008E-010
   403.00000000000000        6.3695137865392992E-010
   404.00000000000000        6.1001094363408670E-010
   405.00000000000000        5.8420562955121871E-010
   406.00000000000000        5.5948788370909789E-010
   407.00000000000000        5.3581213007303292E-010
   408.00000000000000        5.1313468791524871E-010
   409.00000000000000        4.9141369376766093E-010
   410.00000000000000        4.7060902654968461E-010
   411.00000000000000        4.5068223574365405E-010
   412.00000000000000        4.3159647249581647E-010
   413.00000000000000        4.1331642352536333E-010
   414.00000000000000        3.9580824772874351E-010
   415.00000000000000        3.7903951537090937E-010
   416.00000000000000        3.6297914975944555E-010
   417.00000000000000        3.4759737130163284E-010
   418.00000000000000        3.3286564384843182E-010
   419.00000000000000        3.1875662323320968E-010
   420.00000000000000        3.0524410791667736E-010
   421.00000000000000        2.9230299165297916E-010
   422.00000000000000        2.7990921809531976E-010
   423.00000000000000        2.6803973726268639E-010
   424.00000000000000        2.5667246379241197E-010
   425.00000000000000        2.4578623690622998E-010
   426.00000000000000        2.3536078202047448E-010
   427.00000000000000        2.2537667393371872E-010
   428.00000000000000        2.1581530152789308E-010
   429.00000000000000        2.0665883392146515E-010
   430.00000000000000        1.9789018801564269E-010
   431.00000000000000        1.8949299737705599E-010
   432.00000000000000        1.8145158240250322E-010
   433.00000000000000        1.7375092171360934E-010
   434.00000000000000        1.6637662473133146E-010
   435.00000000000000        1.5931490538218001E-010
   436.00000000000000        1.5255255689008316E-010
   437.00000000000000        1.4607692760951503E-010
   438.00000000000000        1.3987589785746658E-010
   439.00000000000000        1.3393785770339857E-010
   440.00000000000000        1.2825168567803168E-010
   441.00000000000000        1.2280672836340571E-010
   442.00000000000000        1.1759278082813922E-010
   443.00000000000000        1.1260006787327160E-010
   444.00000000000000        1.0781922605548637E-010
   445.00000000000000        1.0324128645584789E-010
   446.00000000000000        9.8857658163452647E-011
   447.00000000000000        9.4660112444681724E-011
   448.00000000000000        9.0640767569877378E-011
   449.00000000000000        8.6792074270430623E-011
   450.00000000000000        8.3106801800389027E-011
   451.00000000000000        7.9578024577667456E-011
   452.00000000000000        7.6199109381067725E-011
   453.00000000000000        7.2963703080162394E-011
   454.00000000000000        6.9865720876127059E-011
   455.00000000000000        6.6899335032437378E-011
   456.00000000000000        6.4058964075230454E-011
   457.00000000000000        6.1339262443948667E-011
   458.00000000000000        5.8735110573674961E-011
   459.00000000000000        5.6241605391321919E-011
   460.00000000000000        5.3854051208572957E-011
   461.00000000000000        5.1567950995166889E-011
   462.00000000000000        4.9378998016784695E-011
   463.00000000000000        4.7283067822457454E-011
   464.00000000000000        4.5276210567002661E-011
   465.00000000000000        4.3354643654623501E-011
   466.00000000000000        4.1514744690344285E-011
   467.00000000000000        3.9753044726518824E-011
   468.00000000000000        3.8066221792169741E-011
   469.00000000000000        3.6451094693409997E-011
   470.00000000000000        3.4904617073691479E-011
   471.00000000000000        3.3423871723084461E-011
   472.00000000000000        3.2006065126229685E-011
   473.00000000000000        3.0648522239038865E-011
   474.00000000000000        2.9348681484625102E-011
   475.00000000000000        2.8104089959336274E-011
   476.00000000000000        2.6912398840136299E-011
   477.00000000000000        2.5771358984953027E-011
   478.00000000000000        2.4678816717937972E-011
   479.00000000000000        2.3632709791934931E-011
   480.00000000000000        2.2631063520759561E-011
   481.00000000000000        2.1671987074202765E-011
   482.00000000000000        2.0753669928961159E-011
   483.00000000000000        1.9874378468985392E-011
   484.00000000000000        1.9032452728995442E-011
   485.00000000000000        1.8226303275181156E-011
   486.00000000000000        1.7454408217349209E-011
   487.00000000000000        1.6715310347016263E-011
   488.00000000000000        1.6007614396173951E-011
   489.00000000000000        1.5329984411675629E-011
   490.00000000000000        1.4681141240399024E-011
   491.00000000000000        1.4059860120542970E-011
   492.00000000000000        1.3464968374607937E-011
   493.00000000000000        1.2895343199795600E-011
   494.00000000000000        1.2349909551741363E-011
   495.00000000000000        1.1827638117659065E-011
   496.00000000000000        1.1327543375148468E-011
   497.00000000000000        1.0848681733063726E-011
   498.00000000000000        1.0390149750994297E-011
   499.00000000000000        9.9510824340577964E-012
   500.00000000000000        9.5306515998345943E-012
   501.00000000000000        9.1280643144103755E-012
   502.00000000000000        8.7425613946205947E-012
   503.00000000000000        8.3734159737074214E-012
   504.00000000000000        8.0199321277215314E-012
   505.00000000000000        7.6814435601090963E-012
   506.00000000000000        7.3573123420334159E-012
   507.00000000000000        7.0469277060798531E-012
   508.00000000000000        6.7497048910965843E-012
   509.00000000000000        6.4650840360122463E-012
   510.00000000000000        6.1925291205650117E-012
   511.00000000000000        5.9315269509638489E-012
   512.00000000000000        5.6815861885845639E-012
   513.00000000000000        5.4422364198839037E-012
   514.00000000000000        5.2130272657906106E-012
   515.00000000000000        4.9935275289059325E-012
   516.00000000000000        4.7833243769144578E-012
   517.00000000000000        4.5820225606761307E-012
   518.00000000000000        4.3892436655319987E-012
   519.00000000000000        4.2046253944183615E-012
   520.00000000000000        4.0278208814448059E-012
   521.00000000000000        3.8584980346455728E-012
   522.00000000000000        3.6963389066703858E-012
   523.00000000000000        3.5410390922305335E-012
   524.00000000000000        3.3923071511681112E-012
   525.00000000000000        3.2498640560621643E-012
   526.00000000000000        3.1134426633321983E-012
   527.00000000000000        2.9827872068432358E-012
   528.00000000000000        2.8576528130580339E-012
   529.00000000000000        2.7378050368231037E-012
   530.00000000000000        2.6230194169131797E-012
   531.00000000000000        2.5130810504957294E-012
   532.00000000000000        2.4077841857127907E-012
   533.00000000000000        2.3069318316110952E-012
   534.00000000000000        2.2103353846837221E-012
   535.00000000000000        2.1178142713183414E-012
   536.00000000000000        2.0291956054758308E-012
   537.00000000000000        1.9443138609529263E-012
   538.00000000000000        1.8630105576086412E-012
   539.00000000000000        1.7851339609612473E-012
   540.00000000000000        1.7105387945874834E-012
   541.00000000000000        1.6390859647796305E-012
   542.00000000000000        1.5706422969391508E-012
   543.00000000000000        1.5050802832078303E-012
   544.00000000000000        1.4422778408582682E-012
   545.00000000000000        1.3821180809858576E-012
   546.00000000000000        1.3244890870642105E-012
   547.00000000000000        1.2692837029437261E-012
   548.00000000000000        1.2163993298917526E-012
   549.00000000000000        1.1657377322890903E-012
   550.00000000000000        1.1172048516144016E-012
   551.00000000000000        1.0707106283633024E-012
   552.00000000000000        1.0261688315645187E-012
   553.00000000000000        9.8349689556910489E-013
   554.00000000000000        9.4261576380294422E-013
   555.00000000000000        9.0344973918587093E-013
   556.00000000000000        8.6592634093318015E-013
   557.00000000000000        8.2997616746740786E-013
   558.00000000000000        7.9553276518009924E-013
   559.00000000000000        7.6253250279391168E-013
   560.00000000000000        7.3091445108637179E-013
   561.00000000000000        7.0062026774652819E-013
   562.00000000000000        6.7159408714567368E-013
   563.00000000000000        6.4378241481241732E-013
   564.00000000000000        6.1713402641147832E-013
   565.00000000000000        5.9159987103402121E-013
   566.00000000000000        5.6713297861545886E-013
   567.00000000000000        5.4368837130484269E-013
   568.00000000000000        5.2122297861683186E-013
   569.00000000000000        4.9969555620515175E-013
   570.00000000000000        4.7906660810264249E-013
   571.00000000000000        4.5929831228013889E-013
   572.00000000000000        4.4035444938238889E-013
   573.00000000000000        4.2220033450534416E-013
   574.00000000000000        4.0480275188504917E-013
   575.00000000000000        3.8812989237365701E-013
   576.00000000000000        3.7215129358374657E-013
   577.00000000000000        3.5683778258680162E-013
   578.00000000000000        3.4216142105683259E-013
   579.00000000000000        3.2809545275477330E-013
   580.00000000000000        3.1461425325355191E-013
   581.00000000000000        3.0169328180822708E-013
   582.00000000000000        2.8930903527947566E-013
   583.00000000000000        2.7743900402281606E-013
   584.00000000000000        2.6606162965946296E-013
   585.00000000000000        2.5515626464858090E-013
   586.00000000000000        2.4470313358381421E-013
   587.00000000000000        2.3468329614059100E-013
   588.00000000000000        2.2507861160353331E-013
   589.00000000000000        2.1587170490658532E-013
   590.00000000000000        2.0704593412112501E-013
   591.00000000000000        1.9858535933027687E-013
   592.00000000000000        1.9047471283016860E-013
   593.00000000000000        1.8269937060142240E-013
   594.00000000000000        1.7524532499665600E-013
   595.00000000000000        1.6809915859201120E-013
   596.00000000000000        1.6124801915297682E-013
   597.00000000000000        1.5467959566691311E-013
   598.00000000000000        1.4838209539673347E-013
   599.00000000000000        1.4234422191206080E-013
   600.00000000000000        1.3655515405614683E-013
   601.00000000000000        1.3100452580859281E-013
   602.00000000000000        1.2568240700555060E-013
   603.00000000000000        1.2057928488084600E-013
   604.00000000000000        1.1568604639291445E-013
   605.00000000000000        1.1099396130401312E-013
   606.00000000000000        1.0649466597956535E-013
   607.00000000000000        1.0218014787690841E-013
   608.00000000000000        9.8042730693976279E-014
   609.00000000000000        9.4075060149769731E-014
   610.00000000000000        9.0270090369613128E-014
   611.00000000000000        8.6621070849398732E-014
   612.00000000000000        8.3121533974089092E-014
   613.00000000000000        7.9765283066824023E-014
   614.00000000000000        7.6546380945990229E-014
   615.00000000000000        7.3459138968563938E-014
   616.00000000000000        7.0498106538978298E-014
   617.00000000000000        6.7658061063664875E-014
   618.00000000000000        6.4933998332233927E-014
   619.00000000000000        6.2321123307110441E-014
   620.00000000000000        5.9814841304188115E-014
   621.00000000000000        5.7410749547842823E-014
   622.00000000000000        5.5104629084311478E-014
   623.00000000000000        5.2892437038189904E-014
   624.00000000000000        5.0770299197393513E-014
   625.00000000000000        4.8734502912594099E-014
   626.00000000000000        4.6781490297711979E-014
   627.00000000000000        4.4907851718657728E-014
   628.00000000000000        4.3110319558016158E-014
   629.00000000000000        4.1385762243927423E-014
   630.00000000000000        3.9731178531907616E-014
   631.00000000000000        3.8143692028842698E-014
   632.00000000000000        3.6620545948823055E-014
   633.00000000000000        3.5159098090972945E-014
   634.00000000000000        3.3756816029799244E-014
   635.00000000000000        3.2411272509030336E-014
   636.00000000000000        3.1120141030276195E-014
   637.00000000000000        2.9881191628224056E-014
   638.00000000000000        2.8692286824430600E-014
   639.00000000000000        2.7551377752114169E-014
   640.00000000000000        2.6456500444678779E-014
   641.00000000000000        2.5405772281001762E-014
   642.00000000000000        2.4397388580827416E-014
   643.00000000000000        2.3429619343878517E-014
   644.00000000000000        2.2500806126589202E-014
   645.00000000000000        2.1609359050599672E-014
   646.00000000000000        2.0753753937428960E-014
   647.00000000000000        1.9932529563955471E-014
   648.00000000000000        1.9144285033583976E-014
   649.00000000000000        1.8387677258185399E-014
   650.00000000000000        1.7661418546107352E-014
   651.00000000000000        1.6964274291756364E-014
   652.00000000000000        1.6295060762443399E-014
   653.00000000000000        1.5652642978365889E-014
   654.00000000000000        1.5035932681779006E-014
   655.00000000000000        1.4443886391574243E-014
   656.00000000000000        1.3875503539648716E-014
   657.00000000000000        1.3329824685594526E-014
   658.00000000000000        1.2805929806395704E-014
   659.00000000000000        1.2302936657955632E-014
   660.00000000000000        1.1819999205410591E-014
   661.00000000000000        1.1356306119322787E-014
   662.00000000000000        1.0911079334961950E-014
   663.00000000000000        1.0483572672008333E-014
   664.00000000000000        1.0073070512122224E-014
   665.00000000000000        9.6788865319320115E-015
   666.00000000000000        9.3003624891003529E-015
   667.00000000000000        8.9368670592247203E-015
   668.00000000000000        8.5877947214250936E-015
   669.00000000000000        8.2525646905633840E-015
   670.00000000000000        7.9306198941259329E-015
   671.00000000000000        7.6214259918831613E-015
   672.00000000000000        7.3244704365235267E-015
   673.00000000000000        7.0392615735322253E-015
   674.00000000000000        6.7653277786602312E-015
   675.00000000000000        6.5022166313999291E-015
   676.00000000000000        6.2494941229494466E-015
   677.00000000000000        6.0067438972130975E-015
   678.00000000000000        5.7735665234474684E-015
   679.00000000000000        5.5495787992203277E-015
   680.00000000000000        5.3344130824072620E-015
   681.00000000000000        5.1277166510043827E-015
   682.00000000000000        4.9291510895872307E-015
   683.00000000000000        4.7383917012965384E-015
   684.00000000000000        4.5551269442774421E-015
   685.00000000000000        4.3790578915446648E-015
   686.00000000000000        4.2098977132917222E-015
   687.00000000000000        4.0473711806994663E-015
   688.00000000000000        3.8912141903441930E-015
   689.00000000000000        3.7411733083401327E-015
   690.00000000000000        3.5970053333882796E-015
   691.00000000000000        3.4584768779413518E-015
   692.00000000000000        3.3253639667229213E-015
   693.00000000000000        3.1974516518762603E-015
   694.00000000000000        3.0745336440456925E-015
   695.00000000000000        2.9564119587238119E-015
   696.00000000000000        2.8428965772255548E-015
   697.00000000000000        2.7338051216786911E-015
   698.00000000000000        2.6289625434434855E-015
   699.00000000000000        2.5282008244013546E-015
   700.00000000000000        2.4313586905745550E-015
   701.00000000000000        2.3382813375623117E-015
   702.00000000000000        2.2488201673005855E-015
   703.00000000000000        2.1628325356723044E-015
   704.00000000000000        2.0801815105162948E-015
   705.00000000000000        2.0007356396018799E-015
   706.00000000000000        1.9243687281526049E-015
   707.00000000000000        1.8509596255230354E-015
   708.00000000000000        1.7803920206464989E-015
   709.00000000000000        1.7125542458895570E-015
   710.00000000000000        1.6473390889630084E-015
   711.00000000000000        1.5846436125549309E-015
   712.00000000000000        1.5243689813650202E-015
   713.00000000000000        1.4664202962321400E-015
   714.00000000000000        1.4107064350615109E-015
   715.00000000000000        1.3571399002687606E-015
   716.00000000000000        1.3056366724708045E-015
   717.00000000000000        1.2561160701645873E-015
   718.00000000000000        1.2085006151454467E-015
   719.00000000000000        1.1627159034275232E-015
   720.00000000000000        1.1186904814384292E-015
   721.00000000000000        1.0763557272697248E-015
   722.00000000000000        1.0356457367744607E-015
   723.00000000000000        9.9649721431114184E-016
   724.00000000000000        9.5884936794220713E-016
   725.00000000000000        9.2264380890306844E-016
   726.00000000000000        8.8782445516547944E-016
   727.00000000000000        8.5433743892616246E-016
   728.00000000000000        8.2213101785908645E-016
   729.00000000000000        7.9115548997591228E-016
   730.00000000000000        7.6136311194634245E-016
   731.00000000000000        7.3270802073551102E-016
   732.00000000000000        7.0514615842240986E-016
   733.00000000000000        6.7863520006791924E-016
   734.00000000000000        6.5313448450753801E-016
   735.00000000000000        6.2860494794836053E-016
   736.00000000000000        6.0500906025530232E-016
   737.00000000000000        5.8231076381601578E-016
   738.00000000000000        5.6047541487881620E-016
   739.00000000000000        5.3946972726219573E-016
   740.00000000000000        5.1926171833865298E-016
   741.00000000000000        4.9982065719979857E-016
   742.00000000000000        4.8111701491328512E-016
   743.00000000000000        4.6312241678609052E-016
   744.00000000000000        4.4580959655207842E-016
   745.00000000000000        4.2915235240505364E-016
   746.00000000000000        4.1312550480212350E-016
   747.00000000000000        3.9770485596492169E-016
   748.00000000000000        3.8286715100947574E-016
   749.00000000000000        3.6859004063827488E-016
   750.00000000000000        3.5485204533086908E-016
   751.00000000000000        3.4163252097192829E-016
   752.00000000000000        3.2891162585823773E-016
   753.00000000000000        3.1667028902852117E-016
   754.00000000000000        3.0489017986230672E-016
   755.00000000000000        2.9355367889615718E-016
   756.00000000000000        2.8264384980794885E-016
   757.00000000000000        2.7214441252165183E-016
   758.00000000000000        2.6203971738718526E-016
   759.00000000000000        2.5231472039175660E-016
   760.00000000000000        2.4295495936085975E-016
   761.00000000000000        2.3394653110881960E-016
   762.00000000000000        2.2527606950048425E-016
   763.00000000000000        2.1693072438715506E-016
   764.00000000000000        2.0889814138139409E-016
   765.00000000000000        2.0116644243686581E-016
   766.00000000000000        1.9372420720060771E-016
   767.00000000000000        1.8656045510660071E-016
   768.00000000000000        1.7966462818073887E-016
   769.00000000000000        1.7302657452844621E-016
   770.00000000000000        1.6663653247753412E-016
   771.00000000000000        1.6048511534978865E-016
   772.00000000000000        1.5456329683609206E-016
   773.00000000000000        1.4886239695071818E-016
   774.00000000000000        1.4337406854156607E-016
   775.00000000000000        1.3809028433396345E-016
   776.00000000000000        1.3300332448663596E-016
   777.00000000000000        1.2810576463927580E-016
   778.00000000000000        1.2339046443200012E-016
   779.00000000000000        1.1885055647777478E-016
   780.00000000000000        1.1447943576967395E-016
   781.00000000000000        1.1027074950554524E-016
   782.00000000000000        1.0621838731340505E-016
   783.00000000000000        1.0231647186152363E-016
   784.00000000000000        9.8559349837827145E-017
   785.00000000000000        9.4941583283877529E-017
   786.00000000000000        9.1457941269274213E-017
   787.00000000000000        8.8103391892889243E-017
   788.00000000000000        8.4873094597926110E-017
   789.00000000000000        8.1762392788279108E-017
   790.00000000000000        7.8766806734215696E-017
   791.00000000000000        7.5882026755859698E-017
   792.00000000000000        7.3103906673425004E-017
   793.00000000000000        7.0428457513613581E-017
   794.00000000000000        6.7851841461991648E-017
   795.00000000000000        6.5370366051581266E-017
   796.00000000000000        6.2980478578304759E-017
   797.00000000000000        6.0678760734291658E-017
   798.00000000000000        5.8461923450394502E-017
   799.00000000000000        5.6326801939668331E-017
   800.00000000000000        5.4270350933823899E-017
   801.00000000000000        5.2289640105053394E-017
   802.00000000000000        5.0381849665883656E-017
   803.00000000000000        4.8544266140041176E-017
   804.00000000000000        4.6774278297564895E-017
   805.00000000000000        4.5069373247702944E-017
   806.00000000000000        4.3427132683360101E-017
   807.00000000000000        4.1845229271141064E-017
   808.00000000000000        4.0321423181238187E-017
   809.00000000000000        3.8853558751684273E-017
   810.00000000000000        3.7439561281667832E-017
   811.00000000000000        3.6077433948851089E-017
   812.00000000000000        3.4765254845816982E-017
   813.00000000000000        3.3501174130971105E-017
   814.00000000000000        3.2283411289409617E-017
   815.00000000000000        3.1110252499443495E-017
   816.00000000000000        2.9980048100637596E-017
   817.00000000000000        2.8891210159397158E-017
   818.00000000000000        2.7842210128279928E-017
   819.00000000000000        2.6831576595368934E-017
   820.00000000000000        2.5857893120195134E-017
   821.00000000000000        2.4919796152821867E-017
   822.00000000000000        2.4015973032848496E-017
   823.00000000000000        2.3145160065220431E-017
   824.00000000000000        2.2306140669847181E-017
   825.00000000000000        2.1497743602157055E-017
   826.00000000000000        2.0718841241825968E-017
   827.00000000000000        1.9968347947028573E-017
   828.00000000000000        1.9245218471666730E-017
   829.00000000000000        1.8548446443124067E-017
   830.00000000000000        1.7877062898202729E-017
   831.00000000000000        1.7230134874980112E-017
   832.00000000000000        1.6606764058418114E-017
   833.00000000000000        1.6006085477644742E-017
   834.00000000000000        1.5427266252904766E-017
   835.00000000000000        1.4869504390254156E-017
   836.00000000000000        1.4332027622159313E-017
   837.00000000000000        1.3814092292218289E-017
   838.00000000000000        1.3314982282305888E-017
   839.00000000000000        1.2834007980501599E-017
   840.00000000000000        1.2370505288226056E-017
   841.00000000000000        1.1923834665079511E-017
   842.00000000000000        1.1493380209921720E-017
   843.00000000000000        1.1078548776804070E-017
   844.00000000000000        1.0678769124410435E-017
   845.00000000000000        1.0293491097716326E-017
   846.00000000000000        9.9221848406307383E-018
   847.00000000000000        9.5643400384284328E-018
   848.00000000000000        9.2194651888295697E-018
   849.00000000000000        8.8870869006287630E-018
   850.00000000000000        8.5667492188146077E-018
   851.00000000000000        8.2580129751674122E-018
   852.00000000000000        7.9604551633577374E-018
   853.00000000000000        7.6736683376079801E-018
   854.00000000000000        7.3972600340168049E-018
   855.00000000000000        7.1308522136788704E-018
   856.00000000000000        6.8740807267681434E-018
   857.00000000000000        6.6265947967839843E-018
   858.00000000000000        6.3880565241903992E-018
   859.00000000000000        6.1581404087096209E-018
   860.00000000000000        5.9365328895587114E-018
   861.00000000000000        5.7229319029451544E-018
   862.00000000000000        5.5170464561654705E-018
   863.00000000000000        5.3185962176754031E-018
   864.00000000000000        5.1273111225222802E-018
   865.00000000000000        4.9429309925591531E-018
   866.00000000000000        4.7652051708764346E-018
   867.00000000000000        4.5938921699129853E-018
   868.00000000000000        4.4287593327276823E-018
   869.00000000000000        4.2695825069319003E-018
   870.00000000000000        4.1161457308037890E-018
   871.00000000000000        3.9682409311233366E-018
   872.00000000000000        3.8256676322836246E-018
   873.00000000000000        3.6882326762533413E-018
   874.00000000000000        3.5557499529789086E-018
   875.00000000000000        3.4280401408327727E-018
   876.00000000000000        3.3049304567283441E-018
   877.00000000000000        3.1862544155366567E-018
   878.00000000000000        3.0718515984546046E-018
   879.00000000000000        2.9615674299859074E-018
   880.00000000000000        2.8552529632125224E-018
   881.00000000000000        2.7527646730424082E-018
   882.00000000000000        2.6539642571345909E-018
   883.00000000000000        2.5587184442126153E-018
   884.00000000000000        2.4668988094887094E-018
   885.00000000000000        2.3783815969311926E-018
   886.00000000000000        2.2930475481189382E-018
   887.00000000000000        2.2107817374351378E-018
   888.00000000000000        2.1314734133625923E-018
   889.00000000000000        2.0550158456525112E-018
   890.00000000000000        1.9813061781459589E-018
   891.00000000000000        1.9102452870369613E-018
   892.00000000000000        1.8417376443732674E-018
   893.00000000000000        1.7756911865989472E-018
   894.00000000000000        1.7120171879505571E-018
   895.00000000000000        1.6506301385253024E-018
   896.00000000000000        1.5914476268468999E-018
   897.00000000000000        1.5343902267610762E-018
   898.00000000000000        1.4793813884996013E-018
   899.00000000000000        1.4263473337569651E-018
   900.00000000000000        1.3752169546304378E-018
   901.00000000000000        1.3259217162798028E-018
   902.00000000000000        1.2783955631678338E-018
   903.00000000000000        1.2325748287486636E-018
   904.00000000000000        1.1883981484757786E-018
   905.00000000000000        1.1458063760061596E-018
   906.00000000000000        1.1047425024817875E-018
   907.00000000000000        1.0651515787745048E-018
   908.00000000000000        1.0269806405839892E-018
   909.00000000000000        9.9017863628315435E-019
   910.00000000000000        9.5469635740907132E-019
   911.00000000000000        9.2048637170136979E-019
   912.00000000000000        8.8750295859377748E-019
   913.00000000000000        8.5570204706802896E-019
   914.00000000000000        8.2504115578260369E-019
   915.00000000000000        7.9547933539226200E-019
   916.00000000000000        7.6697711297739574E-019
   917.00000000000000        7.3949643850512473E-019
   918.00000000000000        7.1300063324727668E-019
   919.00000000000000        6.8745434008279962E-019
   920.00000000000000        6.6282347561521919E-019
   921.00000000000000        6.3907518403821017E-019
   922.00000000000000        6.1617779268471105E-019
   923.00000000000000        5.9410076919770089E-019
   924.00000000000000        5.7281468026271783E-019
   925.00000000000000        5.5229115184486336E-019
   926.00000000000000        5.3250283087470618E-019
   927.00000000000000        5.1342334832994385E-019
   928.00000000000000        4.9502728366139976E-019
   929.00000000000000        4.7729013051404534E-019
   930.00000000000000        4.6018826369536499E-019
   931.00000000000000        4.4369890734540376E-019
   932.00000000000000        4.2780010426420773E-019
   933.00000000000000        4.1247068635443268E-019
   934.00000000000000        3.9769024613794434E-019
   935.00000000000000        3.8343910930728745E-019
   936.00000000000000        3.6969830827399639E-019
   937.00000000000000        3.5644955667718150E-019
   938.00000000000000        3.4367522481734065E-019
   939.00000000000000        3.3135831598149399E-019
   940.00000000000000        3.1948244362701704E-019
   941.00000000000000        3.0803180939275200E-019
   942.00000000000000        2.9699118190724640E-019
   943.00000000000000        2.8634587636489693E-019
   944.00000000000000        2.7608173484198091E-019
   945.00000000000000        2.6618510732558829E-019
   946.00000000000000        2.5664283342941947E-019
   947.00000000000000        2.4744222477133453E-019
   948.00000000000000        2.3857104798863166E-019
   949.00000000000000        2.3001750836771004E-019
   950.00000000000000        2.2177023406574145E-019
   951.00000000000000        2.1381826090283530E-019
   952.00000000000000        2.0615101770388089E-019
   953.00000000000000        1.9875831217003094E-019
   954.00000000000000        1.9163031726062090E-019
   955.00000000000000        1.8475755806690597E-019
   956.00000000000000        1.7813089915972526E-019
   957.00000000000000        1.7174153239391374E-019
   958.00000000000000        1.6558096515280372E-019
   959.00000000000000        1.5964100901686387E-019
   960.00000000000000        1.5391376884106504E-019
   961.00000000000000        1.4839163222614494E-019
   962.00000000000000        1.4306725936943592E-019
   963.00000000000000        1.3793357328154333E-019
   964.00000000000000        1.3298375035555606E-019
   965.00000000000000        1.2821121127604124E-019
   966.00000000000000        1.2360961225547768E-019
   967.00000000000000        1.1917283658628228E-019
   968.00000000000000        1.1489498649701148E-019
   969.00000000000000        1.1077037530167583E-019
   970.00000000000000        1.0679351983160335E-019
   971.00000000000000        1.0295913313960367E-019
   972.00000000000000        9.9262117466588895E-020
   973.00000000000000        9.5697557461143695E-020
   974.00000000000000        9.2260713642916590E-020
   975.00000000000000        8.8947016101010635E-020
   976.00000000000000        8.5752058418878035E-020
   977.00000000000000        8.2671591817533921E-020
   978.00000000000000        7.9701519509216407E-020
   979.00000000000000        7.6837891253881934E-020
   980.00000000000000        7.4076898111206256E-020
   981.00000000000000        7.1414867381064252E-020
   982.00000000000000        6.8848257725652844E-020
   983.00000000000000        6.6373654466728231E-020
   984.00000000000000        6.3987765051636388E-020
   985.00000000000000        6.1687414682047560E-020
   986.00000000000000        5.9469542099533831E-020
   987.00000000000000        5.7331195522337950E-020
   988.00000000000000        5.5269528727879811E-020
   989.00000000000000        5.3281797275769257E-020
   990.00000000000000        5.1365354866236736E-020
   991.00000000000000        4.9517649829135369E-020
   992.00000000000000        4.7736221738797340E-020
   993.00000000000000        4.6018698150222027E-020
   994.00000000000000        4.4362791452225883E-020
   995.00000000000000        4.2766295833356738E-020
   996.00000000000000        4.1227084356503695E-020
   997.00000000000000        3.9743106138306036E-020
   998.00000000000000        3.8312383629589584E-020
   999.00000000000000        3.6933009993197862E-020
   1000.0000000000000        3.5603146575721849E-020
