# Recoil energy (kev)        Event rate (events/gev)
   1.0000000000000000        1.5220855098796583E-005
   2.0000000000000000        1.1872275154451112E-004
   3.0000000000000000        3.9061675651738209E-004
   4.0000000000000000        9.0247326173572564E-004
   5.0000000000000000        1.7177278105068967E-003
   6.0000000000000000        2.8920872218268726E-003
   7.0000000000000000        4.4739340584068485E-003
   8.0000000000000000        6.5047277038832512E-003
   9.0000000000000000        9.0194005163353567E-003
   10.000000000000000        1.2046747711587306E-002
   11.000000000000000        1.5609809801552544E-002
   12.000000000000000        1.9726246570988044E-002
   13.000000000000000        2.4408701721316577E-002
   14.000000000000000        2.9665157443454906E-002
   15.000000000000000        3.5499278303626980E-002
   16.000000000000000        4.1910743937665640E-002
   17.000000000000000        4.8895570151010911E-002
   18.000000000000000        5.6446418114142256E-002
   19.000000000000000        6.4552891427161224E-002
   20.000000000000000        7.3201820903248949E-002
   21.000000000000000        8.2377536989311897E-002
   22.000000000000000        9.2062129803819365E-002
   23.000000000000000       0.10223569682712387     
   24.000000000000000       0.11287657832889415     
   25.000000000000000       0.12396158066112287     
   26.000000000000000       0.13546618758390624     
   27.000000000000000       0.14736475982522246     
   28.000000000000000       0.15963072310560508     
   29.000000000000000       0.17223674488428273     
   30.000000000000000       0.18515490010533725     
   31.000000000000000       0.19835682624103013     
   32.000000000000000       0.21181386794493740     
   33.000000000000000       0.22549721164018255     
   34.000000000000000       0.23937801037810832     
   35.000000000000000       0.25342749931042358     
   36.000000000000000       0.26761710212338707     
   37.000000000000000       0.28191852878619561     
   38.000000000000000       0.29630386496754824     
   39.000000000000000       0.31074565347461541     
   40.000000000000000       0.32521696806743899     
   41.000000000000000       0.33969147999933069     
   42.000000000000000       0.35414351763022683     
   43.000000000000000       0.36854811945535582     
   44.000000000000000       0.38288108088606976     
   45.000000000000000       0.39711899511342430     
   46.000000000000000       0.41123928837813839     
   47.000000000000000       0.42522024996303193     
   48.000000000000000       0.43904105721603531     
   49.000000000000000       0.45268179590340296     
   50.000000000000000       0.46612347618400679     
   51.000000000000000       0.47934804448652768     
   52.000000000000000       0.49233839156209724     
   53.000000000000000       0.50507835697552317     
   54.000000000000000       0.51755273028870574     
   55.000000000000000       0.52974724918027116     
   56.000000000000000       0.54164859473582594     
   57.000000000000000       0.55324438413366206     
   58.000000000000000       0.56452316094120747     
   59.000000000000000       0.57547438322804811     
   60.000000000000000       0.58608840969203213     
   61.000000000000000       0.59635648398569663     
   62.000000000000000       0.60627071742129779     
   63.000000000000000       0.61582407022371666     
   64.000000000000000       0.62501033149191554     
   65.000000000000000       0.63382409802106132     
   66.000000000000000       0.64226075212917810     
   67.000000000000000       0.65031643862410704     
   68.000000000000000       0.65798804103872877     
   69.000000000000000       0.66527315725481007     
   70.000000000000000       0.67217007462847889     
   71.000000000000000       0.67867774472320885     
   72.000000000000000       0.68479575774935941     
   73.000000000000000       0.69052431680267601     
   74.000000000000000       0.69586421198781279     
   75.000000000000000       0.70081679450679701     
   76.000000000000000       0.70538395078652194     
   77.000000000000000       0.70956807671368849     
   78.000000000000000       0.71337205204026766     
   79.000000000000000       0.71679921501737709     
   80.000000000000000       0.71985333731060941     
   81.000000000000000       0.72253859924508590     
   82.000000000000000       0.72485956542414554     
   83.000000000000000       0.72682116076128400     
   84.000000000000000       0.72842864696096443     
   85.000000000000000       0.72968759948010287     
   86.000000000000000       0.73060388499844520     
   87.000000000000000       0.73118363942261067     
   88.000000000000000       0.73143324644541108     
   89.000000000000000       0.73135931667898191     
   90.000000000000000       0.73096866737743527     
   91.000000000000000       0.73026830276207133     
   92.000000000000000       0.72926539495966847     
   93.000000000000000       0.72796726556203828     
   94.000000000000000       0.72638136781281226     
   95.000000000000000       0.72451526942543254     
   96.000000000000000       0.72237663603437541     
   97.000000000000000       0.71997321527988956     
   98.000000000000000       0.71731282152492093     
   99.000000000000000       0.71440332120133865     
   100.00000000000000       0.71125261878126256     
   101.00000000000000       0.70786864336793909     
   102.00000000000000       0.70425933589952061     
   103.00000000000000       0.70043263695799662     
   104.00000000000000       0.69639647517458514     
   105.00000000000000       0.69215875622200418     
   106.00000000000000       0.68772735238328908     
   107.00000000000000       0.68311009268610257     
   108.00000000000000       0.67831475359086757     
   109.00000000000000       0.67334905022051816     
   110.00000000000000       0.66822062811919103     
   111.00000000000000       0.66293705552675031     
   112.00000000000000       0.65750581615572412     
   113.00000000000000       0.65193430245691775     
   114.00000000000000       0.64622980935975849     
   115.00000000000000       0.64039952847321213     
   116.00000000000000       0.63445054273301882     
   117.00000000000000       0.62838982148087486     
   118.00000000000000       0.62222421596114530     
   119.00000000000000       0.61596045522068377     
   120.00000000000000       0.60960514239737884     
   121.00000000000000       0.60316475138306158     
   122.00000000000000       0.59664562384653452     
   123.00000000000000       0.59005396660260023     
   124.00000000000000       0.58339584931306221     
   125.00000000000000       0.57667720250588139     
   126.00000000000000       0.56990381589886085     
   127.00000000000000       0.56308133701437779     
   128.00000000000000       0.55621527007196747     
   129.00000000000000       0.54931097514576077     
   130.00000000000000       0.54237366757404681     
   131.00000000000000       0.53540841760847535     
   132.00000000000000       0.52842015029070533     
   133.00000000000000       0.52141364554457448     
   134.00000000000000       0.51439353847214131     
   135.00000000000000       0.50736431984230412     
   136.00000000000000       0.50033033676090422     
   137.00000000000000       0.49329579351162695     
   138.00000000000000       0.48626475255725055     
   139.00000000000000       0.47924113569113463     
   140.00000000000000       0.47222872532915927     
   141.00000000000000       0.46523116593259689     
   142.00000000000000       0.45825196555276998     
   143.00000000000000       0.45129449748859424     
   144.00000000000000       0.44436200204848936     
   145.00000000000000       0.43745758840836224     
   146.00000000000000       0.43058423655775152     
   147.00000000000000       0.42374479932647197     
   148.00000000000000       0.41694200448441138     
   149.00000000000000       0.41017845690743521     
   150.00000000000000       0.40345664080261862     
   151.00000000000000       0.39677892198635023     
   152.00000000000000       0.39014755020907982     
   153.00000000000000       0.38356466152079410     
   154.00000000000000       0.37703228067157468     
   155.00000000000000       0.37055232354181561     
   156.00000000000000       0.36412659959698146     
   157.00000000000000       0.35775681436201306     
   158.00000000000000       0.35144457191072875     
   159.00000000000000       0.34519137736581940     
   160.00000000000000       0.33899863940526626     
   161.00000000000000       0.33286767277122381     
   162.00000000000000       0.32679970077764225     
   163.00000000000000       0.32079585781310832     
   164.00000000000000       0.31485719183559630     
   165.00000000000000       0.30898466685599618     
   166.00000000000000       0.30317916540753598     
   167.00000000000000       0.29744149099832218     
   168.00000000000000       0.29177237054446348     
   169.00000000000000       0.28617245678140352     
   170.00000000000000       0.28064233065123018     
   171.00000000000000       0.27518250366392266     
   172.00000000000000       0.26979342023063457     
   173.00000000000000       0.26447545996725857     
   174.00000000000000       0.25922893996667806     
   175.00000000000000       0.25405411703823333     
   176.00000000000000       0.24895118991305479     
   177.00000000000000       0.24392030141407425     
   178.00000000000000       0.23896154058960753     
   179.00000000000000       0.23407494480953756     
   180.00000000000000       0.22926050182323787     
   181.00000000000000       0.22451815177847556     
   182.00000000000000       0.21984778920063086     
   183.00000000000000       0.21524926493167457     
   184.00000000000000       0.21072238802842438     
   185.00000000000000       0.20626692761969542     
   186.00000000000000       0.20188261472203992     
   187.00000000000000       0.19756914401384287     
   188.00000000000000       0.19332617556762455     
   189.00000000000000       0.18915333654045247     
   190.00000000000000       0.18505022282245309     
   191.00000000000000       0.18101640064345195     
   192.00000000000000       0.17705140813784592     
   193.00000000000000       0.17315475686785700     
   194.00000000000000       0.16932593330536772     
   195.00000000000000       0.16556440027258959     
   196.00000000000000       0.16186959834185438     
   197.00000000000000       0.15824094719487200     
   198.00000000000000       0.15467784694181513     
   199.00000000000000       0.15117967940064736     
   200.00000000000000       0.14774580933713713     
   201.00000000000000       0.14437558566602277     
   202.00000000000000       0.14106834261383361     
   203.00000000000000       0.13782340084388889     
   204.00000000000000       0.13464006854402064     
   205.00000000000000       0.13151764247759512     
   206.00000000000000       0.12845540899841448     
   207.00000000000000       0.12545264503010384     
   208.00000000000000       0.12250861901060672     
   209.00000000000000       0.11962259180241955     
   210.00000000000000       0.11679381756920473     
   211.00000000000000       0.11402154461944765     
   212.00000000000000       0.11130501621780606     
   213.00000000000000       0.10864347136483425     
   214.00000000000000       0.10603614554574566     
   215.00000000000000       0.10348227144890353     
   216.00000000000000       0.10098107965471192     
   217.00000000000000        9.8531799295598896E-002
   218.00000000000000        9.6133658687772197E-002
   219.00000000000000        9.3785885935431967E-002
   220.00000000000000        9.1487709508128220E-002
   221.00000000000000        8.9238358791936839E-002
   222.00000000000000        8.7037064615139118E-002
   223.00000000000000        8.4883059749075007E-002
   224.00000000000000        8.2775579384840425E-002
   225.00000000000000        8.0713861586493865E-002
   226.00000000000000        7.8697147721433866E-002
   227.00000000000000        7.6724682868590480E-002
   228.00000000000000        7.4795716205088375E-002
   229.00000000000000        7.2909501372010160E-002
   230.00000000000000        7.1065296819891419E-002
   231.00000000000000        6.9262366134573761E-002
   232.00000000000000        6.7499978344022854E-002
   233.00000000000000        6.5777408206716528E-002
   234.00000000000000        6.4093936482201713E-002
   235.00000000000000        6.2448850184395936E-002
   236.00000000000000        6.0841442818217073E-002
   237.00000000000000        5.9271014600100126E-002
   238.00000000000000        5.7736872662957572E-002
   239.00000000000000        5.6238331246123943E-002
   240.00000000000000        5.4774711870823889E-002
   241.00000000000000        5.3345343501677495E-002
   242.00000000000000        5.1949562694761191E-002
   243.00000000000000        5.0586713732720494E-002
   244.00000000000000        4.9256148747427293E-002
   245.00000000000000        4.7957227830655036E-002
   246.00000000000000        4.6689319133246955E-002
   247.00000000000000        4.5451798953224862E-002
   248.00000000000000        4.4244051813291545E-002
   249.00000000000000        4.3065470528156173E-002
   250.00000000000000        4.1915456262108207E-002
   251.00000000000000        4.0793418577253021E-002
   252.00000000000000        3.9698775472809422E-002
   253.00000000000000        3.8630953415862236E-002
   254.00000000000000        3.7589387363947298E-002
   255.00000000000000        3.6573520779843605E-002
   256.00000000000000        3.5582805638927399E-002
   257.00000000000000        3.4616702429441065E-002
   258.00000000000000        3.3674680146014435E-002
   259.00000000000000        3.2756216276767468E-002
   260.00000000000000        3.1860796784314797E-002
   261.00000000000000        3.0987916080980810E-002
   262.00000000000000        3.0137076998525355E-002
   263.00000000000000        2.9307790752670957E-002
   264.00000000000000        2.8499576902712636E-002
   265.00000000000000        2.7711963306482849E-002
   266.00000000000000        2.6944486070933086E-002
   267.00000000000000        2.6196689498590262E-002
   268.00000000000000        2.5468126030129469E-002
   269.00000000000000        2.4758356183303711E-002
   270.00000000000000        2.4066948488457862E-002
   271.00000000000000        2.3393479420849086E-002
   272.00000000000000        2.2737533329986861E-002
   273.00000000000000        2.2098702366196345E-002
   274.00000000000000        2.1476586404605622E-002
   275.00000000000000        2.0870792966745353E-002
   276.00000000000000        2.0280937139944250E-002
   277.00000000000000        1.9706641494697860E-002
   278.00000000000000        1.9147536000178687E-002
   279.00000000000000        1.8603257938050906E-002
   280.00000000000000        1.8073451814746004E-002
   281.00000000000000        1.7557769272348343E-002
   282.00000000000000        1.7055868998235788E-002
   283.00000000000000        1.6567416633611075E-002
   284.00000000000000        1.6092084681057491E-002
   285.00000000000000        1.5629552411244044E-002
   286.00000000000000        1.5179505768900261E-002
   287.00000000000000        1.4741637278177037E-002
   288.00000000000000        1.4315645947502840E-002
   289.00000000000000        1.3901237174039792E-002
   290.00000000000000        1.3498122647840588E-002
   291.00000000000000        1.3106020255801034E-002
   292.00000000000000        1.2724653985498826E-002
   293.00000000000000        1.2353753829005056E-002
   294.00000000000000        1.1993055686750608E-002
   295.00000000000000        1.1642301271524070E-002
   296.00000000000000        1.1301238012676762E-002
   297.00000000000000        1.0969618960602627E-002
   298.00000000000000        1.0647202691560552E-002
   299.00000000000000        1.0333753212900748E-002
   300.00000000000000        1.0029039868754636E-002
   301.00000000000000        9.7328372462426559E-003
   302.00000000000000        9.4449250822534383E-003
   303.00000000000000        9.1650881708428972E-003
   304.00000000000000        8.8931162712984537E-003
   305.00000000000000        8.6288040169132212E-003
   306.00000000000000        8.3719508245084524E-003
   307.00000000000000        8.1223608047431024E-003
   308.00000000000000        7.8798426732449352E-003
   309.00000000000000        7.6442096625957395E-003
   310.00000000000000        7.4152794352000256E-003
   311.00000000000000        7.1928739970663199E-003
   312.00000000000000        6.9768196125245653E-003
   313.00000000000000        6.7669467199047550E-003
   314.00000000000000        6.5630898481966763E-003
   315.00000000000000        6.3650875347113865E-003
   316.00000000000000        6.1727822437602029E-003
   317.00000000000000        5.9860202863687853E-003
   318.00000000000000        5.8046517410385032E-003
   319.00000000000000        5.6285303755685941E-003
   320.00000000000000        5.4575135699490313E-003
   321.00000000000000        5.2914622403337913E-003
   322.00000000000000        5.1302407641022774E-003
   323.00000000000000        4.9737169060150212E-003
   324.00000000000000        4.8217617454690736E-003
   325.00000000000000        4.6742496048570092E-003
   326.00000000000000        4.5310579790320635E-003
   327.00000000000000        4.3920674658811864E-003
   328.00000000000000        4.2571616980066201E-003
   329.00000000000000        4.1262272755154669E-003
   330.00000000000000        3.9991536999156819E-003
   331.00000000000000        3.8758333091167174E-003
   332.00000000000000        3.7561612135311381E-003
   333.00000000000000        3.6400352332736103E-003
   334.00000000000000        3.5273558364524644E-003
   335.00000000000000        3.4180260785483122E-003
   336.00000000000000        3.3119515428740626E-003
   337.00000000000000        3.2090402821089064E-003
   338.00000000000000        3.1092027608998945E-003
   339.00000000000000        3.0123517995224234E-003
   340.00000000000000        2.9184025185918653E-003
   341.00000000000000        2.8272722848170714E-003
   342.00000000000000        2.7388806577869828E-003
   343.00000000000000        2.6531493377800527E-003
   344.00000000000000        2.5700021145868531E-003
   345.00000000000000        2.4893648173352520E-003
   346.00000000000000        2.4111652653074083E-003
   347.00000000000000        2.3353332197375070E-003
   348.00000000000000        2.2618003365790294E-003
   349.00000000000000        2.1905001202297955E-003
   350.00000000000000        2.1213678782030982E-003
   351.00000000000000        2.0543406767329271E-003
   352.00000000000000        1.9893572973010464E-003
   353.00000000000000        1.9263581940735654E-003
   354.00000000000000        1.8652854522345883E-003
   355.00000000000000        1.8060827472043733E-003
   356.00000000000000        1.7486953047291191E-003
   357.00000000000000        1.6930698618298037E-003
   358.00000000000000        1.6391546285970846E-003
   359.00000000000000        1.5868992508193979E-003
   360.00000000000000        1.5362547734312951E-003
   361.00000000000000        1.4871736047690101E-003
   362.00000000000000        1.4396094816203821E-003
   363.00000000000000        1.3935174350559825E-003
   364.00000000000000        1.3488537570286320E-003
   365.00000000000000        1.3055759677282138E-003
   366.00000000000000        1.2636427836790417E-003
   367.00000000000000        1.2230140865666949E-003
   368.00000000000000        1.1836508927817039E-003
   369.00000000000000        1.1455153236672227E-003
   370.00000000000000        1.1085705764579930E-003
   371.00000000000000        1.0727808958980859E-003
   372.00000000000000        1.0381115465247772E-003
   373.00000000000000        1.0045287856062699E-003
   374.00000000000000        9.7199983672075017E-004
   375.00000000000000        9.4049286396478168E-004
   376.00000000000000        9.0997694677867570E-004
   377.00000000000000        8.8042205537705457E-004
   378.00000000000000        8.5179902677257893E-004
   379.00000000000000        8.2407954138114079E-004
   380.00000000000000        7.9723610019691597E-004
   381.00000000000000        7.7124200252571596E-004
   382.00000000000000        7.4607132426531008E-004
   383.00000000000000        7.2169889672154294E-004
   384.00000000000000        6.9810028594903756E-004
   385.00000000000000        6.7525177260568600E-004
   386.00000000000000        6.5313033231002317E-004
   387.00000000000000        6.3171361649090433E-004
   388.00000000000000        6.1097993371893604E-004
   389.00000000000000        5.9090823150932366E-004
   390.00000000000000        5.7147807858597382E-004
   391.00000000000000        5.5266964759675681E-004
   392.00000000000000        5.3446369827006004E-004
   393.00000000000000        5.1684156100283531E-004
   394.00000000000000        4.9978512087071035E-004
   395.00000000000000        4.8327680205050976E-004
   396.00000000000000        4.6729955264608153E-004
   397.00000000000000        4.5183682990824700E-004
   398.00000000000000        4.3687258583986809E-004
   399.00000000000000        4.2239125317730750E-004
   400.00000000000000        4.0837773173949899E-004
   401.00000000000000        3.9481737513623777E-004
   402.00000000000000        3.8169597782725426E-004
   403.00000000000000        3.6899976252388058E-004
   404.00000000000000        3.5671536792528672E-004
   405.00000000000000        3.4482983678133476E-004
   406.00000000000000        3.3333060427433501E-004
   407.00000000000000        3.2220548671205163E-004
   408.00000000000000        3.1144267052452256E-004
   409.00000000000000        3.0103070155736340E-004
   410.00000000000000        2.9095847465438943E-004
   411.00000000000000        2.8121522352248212E-004
   412.00000000000000        2.7179051087186494E-004
   413.00000000000000        2.6267421882498034E-004
   414.00000000000000        2.5385653958737083E-004
   415.00000000000000        2.4532796637408600E-004
   416.00000000000000        2.3707928458526216E-004
   417.00000000000000        2.2910156322464249E-004
   418.00000000000000        2.2138614655497222E-004
   419.00000000000000        2.1392464598431313E-004
   420.00000000000000        2.0670893217742569E-004
   421.00000000000000        1.9973112738652895E-004
   422.00000000000000        1.9298359799586290E-004
   423.00000000000000        1.8645894727457811E-004
   424.00000000000000        1.8015000833262735E-004
   425.00000000000000        1.7404983727442892E-004
   426.00000000000000        1.6815170654519758E-004
   427.00000000000000        1.6244909846496077E-004
   428.00000000000000        1.5693569894536640E-004
   429.00000000000000        1.5160539138453434E-004
   430.00000000000000        1.4645225073526712E-004
   431.00000000000000        1.4147053774210165E-004
   432.00000000000000        1.3665469334271673E-004
   433.00000000000000        1.3199933322938521E-004
   434.00000000000000        1.2749924256621356E-004
   435.00000000000000        1.2314937085802107E-004
   436.00000000000000        1.1894482696683086E-004
   437.00000000000000        1.1488087427200615E-004
   438.00000000000000        1.1095292597018818E-004
   439.00000000000000        1.0715654051127142E-004
   440.00000000000000        1.0348741716673809E-004
   441.00000000000000        9.9941391726777383E-005
   442.00000000000000        9.6514432322685671E-005
   443.00000000000000        9.3202635371148929E-005
   444.00000000000000        9.0002221637060996E-005
   445.00000000000000        8.6909532411654712E-005
   446.00000000000000        8.3921025802765006E-005
   447.00000000000000        8.1033273134145043E-005
   448.00000000000000        7.8242955450828509E-005
   449.00000000000000        7.5546860127593673E-005
   450.00000000000000        7.2941877577688719E-005
   451.00000000000000        7.0424998059004165E-005
   452.00000000000000        6.7993308575007151E-005
   453.00000000000000        6.5643989867761917E-005
   454.00000000000000        6.3374313500470491E-005
   455.00000000000000        6.1181639027022727E-005
   456.00000000000000        5.9063411246095683E-005
   457.00000000000000        5.7017157537427649E-005
   458.00000000000000        5.5040485277933311E-005
   459.00000000000000        5.3131079335406581E-005
   460.00000000000000        5.1286699637599737E-005
   461.00000000000000        4.9505178814533812E-005
   462.00000000000000        4.7784419911952800E-005
   463.00000000000000        4.6122394173887408E-005
   464.00000000000000        4.4517138892340514E-005
   465.00000000000000        4.2966755322176293E-005
   466.00000000000000        4.1469406659329344E-005
   467.00000000000000        4.0023316080505973E-005
   468.00000000000000        3.8626764842607433E-005
   469.00000000000000        3.7278090440137399E-005
   470.00000000000000        3.5975684818914867E-005
   471.00000000000000        3.4717992644452299E-005
   472.00000000000000        3.3503509623407948E-005
   473.00000000000000        3.2330780876560696E-005
   474.00000000000000        3.1198399361801457E-005
   475.00000000000000        3.0105004345672375E-005
   476.00000000000000        2.9049279922030731E-005
   477.00000000000000        2.8029953576447336E-005
   478.00000000000000        2.7045794794995459E-005
   479.00000000000000        2.6095613716112154E-005
   480.00000000000000        2.5178259824265566E-005
   481.00000000000000        2.4292620684180441E-005
   482.00000000000000        2.3437620714422853E-005
   483.00000000000000        2.2612219999171559E-005
   484.00000000000000        2.1815413137034322E-005
   485.00000000000000        2.1046228125808349E-005
   486.00000000000000        2.0303725282104156E-005
   487.00000000000000        1.9586996194793200E-005
   488.00000000000000        1.8895162711258517E-005
   489.00000000000000        1.8227375955466642E-005
   490.00000000000000        1.7582815376899217E-005
   491.00000000000000        1.6960687829414933E-005
   492.00000000000000        1.6360226679136025E-005
   493.00000000000000        1.5780690940481592E-005
   494.00000000000000        1.5221364439494174E-005
   495.00000000000000        1.4681555003628593E-005
   496.00000000000000        1.4160593677202947E-005
   497.00000000000000        1.3657833961724409E-005
   498.00000000000000        1.3172651080333651E-005
   499.00000000000000        1.2704441265631508E-005
   500.00000000000000        1.2252621070169100E-005
   501.00000000000000        1.1816626698910316E-005
   502.00000000000000        1.1395913362988422E-005
   503.00000000000000        1.0989954654105185E-005
   504.00000000000000        1.0598241938934018E-005
   505.00000000000000        1.0220283772912697E-005
   506.00000000000000        9.8556053328246844E-006
   507.00000000000000        9.5037478675889228E-006
   508.00000000000000        9.1642681666942786E-006
   509.00000000000000        8.8367380457305230E-006
   510.00000000000000        8.5207438484847674E-006
   511.00000000000000        8.2158859650891140E-006
   512.00000000000000        7.9217783657177159E-006
   513.00000000000000        7.6380481493502587E-006
   514.00000000000000        7.3643351071285300E-006
   515.00000000000000        7.1002912998526034E-006
   516.00000000000000        6.8455806491709572E-006
   517.00000000000000        6.5998785420372487E-006
   518.00000000000000        6.3628714480152257E-006
   519.00000000000000        6.1342565490287615E-006
   520.00000000000000        5.9137413811651129E-006
   521.00000000000000        5.7010434881503614E-006
   522.00000000000000        5.4958900861299814E-006
   523.00000000000000        5.2980177393954594E-006
   524.00000000000000        5.1071720467120409E-006
   525.00000000000000        4.9231073379104750E-006
   526.00000000000000        4.7455863804174137E-006
   527.00000000000000        4.5743800954088155E-006
   528.00000000000000        4.4092672832800658E-006
   529.00000000000000        4.2500343581359855E-006
   530.00000000000000        4.0964750910129910E-006
   531.00000000000000        3.9483903615549712E-006
   532.00000000000000        3.8055879178721663E-006
   533.00000000000000        3.6678821443213877E-006
   534.00000000000000        3.5350938369536773E-006
   535.00000000000000        3.4070499863833167E-006
   536.00000000000000        3.2835835678399204E-006
   537.00000000000000        3.1645333381727108E-006
   538.00000000000000        3.0497436395827873E-006
   539.00000000000000        2.9390642098668519E-006
   540.00000000000000        2.8323499989622992E-006
   541.00000000000000        2.7294609915897534E-006
   542.00000000000000        2.6302620357962627E-006
   543.00000000000000        2.5346226772077906E-006
   544.00000000000000        2.4424169988061515E-006
   545.00000000000000        2.3535234660509234E-006
   546.00000000000000        2.2678247771730091E-006
   547.00000000000000        2.1852077184711651E-006
   548.00000000000000        2.1055630244493149E-006
   549.00000000000000        2.0287852426362009E-006
   550.00000000000000        1.9547726029350171E-006
   551.00000000000000        1.8834268913549602E-006
   552.00000000000000        1.8146533279815555E-006
   553.00000000000000        1.7483604490467110E-006
   554.00000000000000        1.6844599929646228E-006
   555.00000000000000        1.6228667902031142E-006
   556.00000000000000        1.5634986568646181E-006
   557.00000000000000        1.5062762918550253E-006
   558.00000000000000        1.4511231775220809E-006
   559.00000000000000        1.3979654836494361E-006
   560.00000000000000        1.3467319746954106E-006
   561.00000000000000        1.2973539201696550E-006
   562.00000000000000        1.2497650080439187E-006
   563.00000000000000        1.2039012610967115E-006
   564.00000000000000        1.1597009560947806E-006
   565.00000000000000        1.1171045457173244E-006
   566.00000000000000        1.0760545831321548E-006
   567.00000000000000        1.0364956491356709E-006
   568.00000000000000        9.9837428177157759E-007
   569.00000000000000        9.6163890834589092E-007
   570.00000000000000        9.2623977975838249E-007
   571.00000000000000        8.9212890707355564E-007
   572.00000000000000        8.5926000025613358E-007
   573.00000000000000        8.2758840899913879E-007
   574.00000000000000        7.9707106557452109E-007
   575.00000000000000        7.6766642963861123E-007
   576.00000000000000        7.3933443492712768E-007
   577.00000000000000        7.1203643777657437E-007
   578.00000000000000        6.8573516741032408E-007
   579.00000000000000        6.6039467793074069E-007
   580.00000000000000        6.3598030195968784E-007
   581.00000000000000        6.1245860587205212E-007
   582.00000000000000        5.8979734656885511E-007
   583.00000000000000        5.6796542973792966E-007
   584.00000000000000        5.4693286955210287E-007
   585.00000000000000        5.2667074975644474E-007
   586.00000000000000        5.0715118609754087E-007
   587.00000000000000        4.8834729004964975E-007
   588.00000000000000        4.7023313379368584E-007
   589.00000000000000        4.5278371640676808E-007
   590.00000000000000        4.3597493122127153E-007
   591.00000000000000        4.1978353431370657E-007
   592.00000000000000        4.0418711408516586E-007
   593.00000000000000        3.8916406189620224E-007
   594.00000000000000        3.7469354372033896E-007
   595.00000000000000        3.6075547278155100E-007
   596.00000000000000        3.4733048314224243E-007
   597.00000000000000        3.3439990420926563E-007
   598.00000000000000        3.2194573612684423E-007
   599.00000000000000        3.0995062602590818E-007
   600.00000000000000        2.9839784510080797E-007
   601.00000000000000        2.8727126648500407E-007
   602.00000000000000        2.7655534389843205E-007
   603.00000000000000        2.6623509104016134E-007
   604.00000000000000        2.5629606170075914E-007
   605.00000000000000        2.4672433056976345E-007
   606.00000000000000        2.3750647471433900E-007
   607.00000000000000        2.2862955570609879E-007
   608.00000000000000        2.2008110237385940E-007
   609.00000000000000        2.1184909416074203E-007
   610.00000000000000        2.0392194506485795E-007
   611.00000000000000        1.9628848814347683E-007
   612.00000000000000        1.8893796056125426E-007
   613.00000000000000        1.8185998916374955E-007
   614.00000000000000        1.7504457655812011E-007
   615.00000000000000        1.6848208768343844E-007
   616.00000000000000        1.6216323685375675E-007
   617.00000000000000        1.5607907525753061E-007
   618.00000000000000        1.5022097889760580E-007
   619.00000000000000        1.4458063695652457E-007
   620.00000000000000        1.3915004057240293E-007
   621.00000000000000        1.3392147201112725E-007
   622.00000000000000        1.2888749422110959E-007
   623.00000000000000        1.2404094075733019E-007
   624.00000000000000        1.1937490606181821E-007
   625.00000000000000        1.1488273608815882E-007
   626.00000000000000        1.1055801925808258E-007
   627.00000000000000        1.0639457773852891E-007
   628.00000000000000        1.0238645902805409E-007
   629.00000000000000        9.8527927841752961E-008
   630.00000000000000        9.4813458284300703E-008
   631.00000000000000        9.1237726301044812E-008
   632.00000000000000        8.7795602397415391E-008
   633.00000000000000        8.4482144617293903E-008
   634.00000000000000        8.1292591771249000E-008
   635.00000000000000        7.8222356905901252E-008
   636.00000000000000        7.5267021005974512E-008
   637.00000000000000        7.2422326920853221E-008
   638.00000000000000        6.9684173507786586E-008
   639.00000000000000        6.7048609984112370E-008
   640.00000000000000        6.4511830481179162E-008
   641.00000000000000        6.2070168792850592E-008
   642.00000000000000        5.9720093311761780E-008
   643.00000000000000        5.7458202146713712E-008
   644.00000000000000        5.5281218414820099E-008
   645.00000000000000        5.3185985702247444E-008
   646.00000000000000        5.1169463687612259E-008
   647.00000000000000        4.9228723922274730E-008
   648.00000000000000        4.7360945762002733E-008
   649.00000000000000        4.5563412444653461E-008
   650.00000000000000        4.3833507308705643E-008
   651.00000000000000        4.2168710147660586E-008
   652.00000000000000        4.0566593695500144E-008
   653.00000000000000        3.9024820238566713E-008
   654.00000000000000        3.7541138349365756E-008
   655.00000000000000        3.6113379737988102E-008
   656.00000000000000        3.4739456216960955E-008
   657.00000000000000        3.3417356775504378E-008
   658.00000000000000        3.2145144759313865E-008
   659.00000000000000        3.0920955152097675E-008
   660.00000000000000        2.9742991955273938E-008
   661.00000000000000        2.8609525662306225E-008
   662.00000000000000        2.7518890824334980E-008
   663.00000000000000        2.6469483703823180E-008
   664.00000000000000        2.5459760013099461E-008
   665.00000000000000        2.4488232734758758E-008
   666.00000000000000        2.3553470020998665E-008
   667.00000000000000        2.2654093169075230E-008
   668.00000000000000        2.1788774670154510E-008
   669.00000000000000        2.0956236328937094E-008
   670.00000000000000        2.0155247451521279E-008
   671.00000000000000        1.9384623099062048E-008
   672.00000000000000        1.8643222404869690E-008
   673.00000000000000        1.7929946952675725E-008
   674.00000000000000        1.7243739213866371E-008
   675.00000000000000        1.6583581041575574E-008
   676.00000000000000        1.5948492219588034E-008
   677.00000000000000        1.5337529064092297E-008
   678.00000000000000        1.4749783076375232E-008
   679.00000000000000        1.4184379644630904E-008
   680.00000000000000        1.3640476793117508E-008
   681.00000000000000        1.3117263976954004E-008
   682.00000000000000        1.2613960920914337E-008
   683.00000000000000        1.2129816500635408E-008
   684.00000000000000        1.1664107664704608E-008
   685.00000000000000        1.1216138396157065E-008
   686.00000000000000        1.0785238711956608E-008
   687.00000000000000        1.0370763699089610E-008
   688.00000000000000        9.9720925859496140E-009
   689.00000000000000        9.5886278477340615E-009
   690.00000000000000        9.2197943446261490E-009
   691.00000000000000        8.8650384915724930E-009
   692.00000000000000        8.5238274585137312E-009
   693.00000000000000        8.1956483999642110E-009
   694.00000000000000        7.8800077128774113E-009
   695.00000000000000        7.5764303217702615E-009
   696.00000000000000        7.2844589901183474E-009
   697.00000000000000        7.0036536570675137E-009
   698.00000000000000        6.7335907985412376E-009
   699.00000000000000        6.4738628118608815E-009
   700.00000000000000        6.2240774230179051E-009
   701.00000000000000        5.9838571157807697E-009
   702.00000000000000        5.7528385818356664E-009
   703.00000000000000        5.5306721911994399E-009
   704.00000000000000        5.3170214821635036E-009
   705.00000000000000        5.1115626700590729E-009
   706.00000000000000        4.9139841741546625E-009
   707.00000000000000        4.7239861620264901E-009
   708.00000000000000        4.5412801107627438E-009
   709.00000000000000        4.3655883843876131E-009
   710.00000000000000        4.1966438269111608E-009
   711.00000000000000        4.0341893704355772E-009
   712.00000000000000        3.8779776577656671E-009
   713.00000000000000        3.7277706789932554E-009
   714.00000000000000        3.5833394215439380E-009
   715.00000000000000        3.4444635331934442E-009
   716.00000000000000        3.3109309975774107E-009
   717.00000000000000        3.1825378217374596E-009
   718.00000000000000        3.0590877352615743E-009
   719.00000000000000        2.9403919005932814E-009
   720.00000000000000        2.8262686340999119E-009
   721.00000000000000        2.7165431375041919E-009
   722.00000000000000        2.6110472392990220E-009
   723.00000000000000        2.5096191457777236E-009
   724.00000000000000        2.4121032013265613E-009
   725.00000000000000        2.3183496576382398E-009
   726.00000000000000        2.2282144515186290E-009
   727.00000000000000        2.1415589909691385E-009
   728.00000000000000        2.0582499492410283E-009
   729.00000000000000        1.9781590665665643E-009
   730.00000000000000        1.9011629592849500E-009
   731.00000000000000        1.8271429360890934E-009
   732.00000000000000        1.7559848211313264E-009
   733.00000000000000        1.6875787837341239E-009
   734.00000000000000        1.6218191744618711E-009
   735.00000000000000        1.5586043673187865E-009
   736.00000000000000        1.4978366078460747E-009
   737.00000000000000        1.4394218669004449E-009
   738.00000000000000        1.3832696999033175E-009
   739.00000000000000        1.3292931113583582E-009
   740.00000000000000        1.2774084244422354E-009
   741.00000000000000        1.2275351554801743E-009
   742.00000000000000        1.1795958931257797E-009
   743.00000000000000        1.1335161820699897E-009
   744.00000000000000        1.0892244111116860E-009
   745.00000000000000        1.0466517054274100E-009
   746.00000000000000        1.0057318228847298E-009
   747.00000000000000        9.6640105424886286E-010
   748.00000000000000        9.2859812713748154E-010
   749.00000000000000        8.9226411358481309E-010
   750.00000000000000        8.5734234108050709E-010
   751.00000000000000        8.2377830695385791E-010
   752.00000000000000        7.9151959597891317E-010
   753.00000000000000        7.6051580108051479E-010
   754.00000000000000        7.3071844702559889E-010
   755.00000000000000        7.0208091698856780E-010
   756.00000000000000        6.7455838188340993E-010
   757.00000000000000        6.4810773235949989E-010
   758.00000000000000        6.2268751336138120E-010
   759.00000000000000        5.9825786115707869E-010
   760.00000000000000        5.7478044274254901E-010
   761.00000000000000        5.5221839753339652E-010
   762.00000000000000        5.3053628125853016E-010
   763.00000000000000        5.0970001197324158E-010
   764.00000000000000        4.8967681811242348E-010
   765.00000000000000        4.7043518850760256E-010
   766.00000000000000        4.5194482429422456E-010
   767.00000000000000        4.3417659263825948E-010
   768.00000000000000        4.1710248221421673E-010
   769.00000000000000        4.0069556036849862E-010
   770.00000000000000        3.8492993190529012E-010
   771.00000000000000        3.6978069943377290E-010
   772.00000000000000        3.5522392521827523E-010
   773.00000000000000        3.4123659447476738E-010
   774.00000000000000        3.2779658005943692E-010
   775.00000000000000        3.1488260849703707E-010
   776.00000000000000        3.0247422729857041E-010
   777.00000000000000        2.9055177351988447E-010
   778.00000000000000        2.7909634351442208E-010
   779.00000000000000        2.6808976383526237E-010
   780.00000000000000        2.5751456324305565E-010
   781.00000000000000        2.4735394577830042E-010
   782.00000000000000        2.3759176485782177E-010
   783.00000000000000        2.2821249835679220E-010
   784.00000000000000        2.1920122463918188E-010
   785.00000000000000        2.1054359950086269E-010
   786.00000000000000        2.0222583399086141E-010
   787.00000000000000        1.9423467307767974E-010
   788.00000000000000        1.8655737512868714E-010
   789.00000000000000        1.7918169217194755E-010
   790.00000000000000        1.7209585091083830E-010
   791.00000000000000        1.6528853446303092E-010
   792.00000000000000        1.5874886479642669E-010
   793.00000000000000        1.5246638583567446E-010
   794.00000000000000        1.4643104721388248E-010
   795.00000000000000        1.4063318864510866E-010
   796.00000000000000        1.3506352489407612E-010
   797.00000000000000        1.2971313132054269E-010
   798.00000000000000        1.2457342997647653E-010
   799.00000000000000        1.1963617623511376E-010
   800.00000000000000        1.1489344593171838E-010
   801.00000000000000        1.1033762299659261E-010
   802.00000000000000        1.0596138756170371E-010
   803.00000000000000        1.0175770452289160E-010
   804.00000000000000        9.7719812540374367E-011
   805.00000000000000        9.3841213460899071E-011
   806.00000000000000        9.0115662145487070E-011
   807.00000000000000        8.6537156687371016E-011
   808.00000000000000        8.3099929005259699E-011
   809.00000000000000        7.9798435797668637E-011
   810.00000000000000        7.6627349844548199E-011
   811.00000000000000        7.3581551642991494E-011
   812.00000000000000        7.0656121364310280E-011
   813.00000000000000        6.7846331120199164E-011
   814.00000000000000        6.5147637526232753E-011
   815.00000000000000        6.2555674551347543E-011
   816.00000000000000        6.0066246642386819E-011
   817.00000000000000        5.7675322113235270E-011
   818.00000000000000        5.5379026788416726E-011
   819.00000000000000        5.3173637891458842E-011
   820.00000000000000        5.1055578168650562E-011
   821.00000000000000        4.9021410239233036E-011
   822.00000000000000        4.7067831163324473E-011
   823.00000000000000        4.5191667219283048E-011
   824.00000000000000        4.3389868882489243E-011
   825.00000000000000        4.1659505997835999E-011
   826.00000000000000        3.9997763138505932E-011
   827.00000000000000        3.8401935143927162E-011
   828.00000000000000        3.6869422830006139E-011
   829.00000000000000        3.5397728865076466E-011
   830.00000000000000        3.3984453805177777E-011
   831.00000000000000        3.2627292282580906E-011
   832.00000000000000        3.1324029341662882E-011
   833.00000000000000        3.0072536916495132E-011
   834.00000000000000        2.8870770444687455E-011
   835.00000000000000        2.7716765612275121E-011
   836.00000000000000        2.6608635224599850E-011
   837.00000000000000        2.5544566198357270E-011
   838.00000000000000        2.4522816670146542E-011
   839.00000000000000        2.3541713217046610E-011
   840.00000000000000        2.2599648184909235E-011
   841.00000000000000        2.1695077120226729E-011
   842.00000000000000        2.0826516301588936E-011
   843.00000000000000        1.9992540366896138E-011
   844.00000000000000        1.9191780032637807E-011
   845.00000000000000        1.8422919901696000E-011
   846.00000000000000        1.7684696356259969E-011
   847.00000000000000        1.6975895532570765E-011
   848.00000000000000        1.6295351374341927E-011
   849.00000000000000        1.5641943761825490E-011
   850.00000000000000        1.5014596713597986E-011
   851.00000000000000        1.4412276658267830E-011
   852.00000000000000        1.3833990773398413E-011
   853.00000000000000        1.3278785389056677E-011
   854.00000000000000        1.2745744453488386E-011
   855.00000000000000        1.2233988058518399E-011
   856.00000000000000        1.1742671022372557E-011
   857.00000000000000        1.1270981527694590E-011
   858.00000000000000        1.0818139812628726E-011
   859.00000000000000        1.0383396912913194E-011
   860.00000000000000        9.9660334530097517E-012
   861.00000000000000        9.5653584843733545E-012
   862.00000000000000        9.1807083690340651E-012
   863.00000000000000        8.8114457067388619E-012
   864.00000000000000        8.4569583039628133E-012
   865.00000000000000        8.1166581831702948E-012
   866.00000000000000        7.7899806307618855E-012
   867.00000000000000        7.4763832822108597E-012
   868.00000000000000        7.1753452429433281E-012
   869.00000000000000        6.8863662435770606E-012
   870.00000000000000        6.6089658281845293E-012
   871.00000000000000        6.3426825742986874E-012
   872.00000000000000        6.0870733434277679E-012
   873.00000000000000        5.8417125608944994E-012
   874.00000000000000        5.6061915238605911E-012
   875.00000000000000        5.3801177364396568E-012
   876.00000000000000        5.1631142708463976E-012
   877.00000000000000        4.9548191535692856E-012
   878.00000000000000        4.7548847755925347E-012
   879.00000000000000        4.5629773257316434E-012
   880.00000000000000        4.3787762461838975E-012
   881.00000000000000        4.2019737094267541E-012
   882.00000000000000        4.0322741156345776E-012
   883.00000000000000        3.8693936098124462E-012
   884.00000000000000        3.7130596178806194E-012
   885.00000000000000        3.5630104009690587E-012
   886.00000000000000        3.4189946272128713E-012
   887.00000000000000        3.2807709603658919E-012
   888.00000000000000        3.1481076645759934E-012
   889.00000000000000        3.0207822246912654E-012
   890.00000000000000        2.8985809814916150E-012
   891.00000000000000        2.7812987812614074E-012
   892.00000000000000        2.6687386391442681E-012
   893.00000000000000        2.5607114157411016E-012
   894.00000000000000        2.4570355064334570E-012
   895.00000000000000        2.3575365429351462E-012
   896.00000000000000        2.2620471065936861E-012
   897.00000000000000        2.1704064529818433E-012
   898.00000000000000        2.0824602473381749E-012
   899.00000000000000        1.9980603104308148E-012
   900.00000000000000        1.9170643744375741E-012
   901.00000000000000        1.8393358484494347E-012
   902.00000000000000        1.7647435932205075E-012
   903.00000000000000        1.6931617048026583E-012
   904.00000000000000        1.6244693067159717E-012
   905.00000000000000        1.5585503503207458E-012
   906.00000000000000        1.4952934230693842E-012
   907.00000000000000        1.4345915643290025E-012
   908.00000000000000        1.3763420884776945E-012
   909.00000000000000        1.3204464149892175E-012
   910.00000000000000        1.2668099052314223E-012
   911.00000000000000        1.2153417057150033E-012
   912.00000000000000        1.1659545975392026E-012
   913.00000000000000        1.1185648517908380E-012
   914.00000000000000        1.0730920906630442E-012
   915.00000000000000        1.0294591540682851E-012
   916.00000000000000        9.8759197153034040E-013
   917.00000000000000        9.4741943914700535E-013
   918.00000000000000        9.0887330142435961E-013
   919.00000000000000        8.7188803779085487E-013
   920.00000000000000        8.3640075360680048E-013
   921.00000000000000        8.0235107549264969E-013
   922.00000000000000        7.6968105080554761E-013
   923.00000000000000        7.3833505110105356E-013
   924.00000000000000        7.0825967942286584E-013
   925.00000000000000        6.7940368126969948E-013
   926.00000000000000        6.5171785909431319E-013
   927.00000000000000        6.2515499019547715E-013
   928.00000000000000        5.9966974786897288E-013
   929.00000000000000        5.7521862568895316E-013
   930.00000000000000        5.5175986479645269E-013
   931.00000000000000        5.2925338407588326E-013
   932.00000000000000        5.0766071310579003E-013
   933.00000000000000        4.8694492777429800E-013
   934.00000000000000        4.6707058845369197E-013
   935.00000000000000        4.4800368063337796E-013
   936.00000000000000        4.2971155791377488E-013
   937.00000000000000        4.1216288726790312E-013
   938.00000000000000        3.9532759648099704E-013
   939.00000000000000        3.7917682368193514E-013
   940.00000000000000        3.6368286888375149E-013
   941.00000000000000        3.4881914745373490E-013
   942.00000000000000        3.3456014543665214E-013
   943.00000000000000        3.2088137665783598E-013
   944.00000000000000        3.0775934153548217E-013
   945.00000000000000        2.9517148753462819E-013
   946.00000000000000        2.8309617119758708E-013
   947.00000000000000        2.7151262168846771E-013
   948.00000000000000        2.6040090579167313E-013
   949.00000000000000        2.4974189430680815E-013
   950.00000000000000        2.3951722978447066E-013
   951.00000000000000        2.2970929554987356E-013
   952.00000000000000        2.2030118596307147E-013
   953.00000000000000        2.1127667786677580E-013
   954.00000000000000        2.0262020317454795E-013
   955.00000000000000        1.9431682255414720E-013
   956.00000000000000        1.8635220016243294E-013
   957.00000000000000        1.7871257939014382E-013
   958.00000000000000        1.7138475957632830E-013
   959.00000000000000        1.6435607365393546E-013
   960.00000000000000        1.5761436668948117E-013
   961.00000000000000        1.5114797528131899E-013
   962.00000000000000        1.4494570778224109E-013
   963.00000000000000        1.3899682531370383E-013
   964.00000000000000        1.3329102354011835E-013
   965.00000000000000        1.2781841517295135E-013
   966.00000000000000        1.2256951317559547E-013
   967.00000000000000        1.1753521464105295E-013
   968.00000000000000        1.1270678531568628E-013
   969.00000000000000        1.0807584474321953E-013
   970.00000000000000        1.0363435200433873E-013
   971.00000000000000        9.9374592028071019E-014
   972.00000000000000        9.5289162452215009E-014
   973.00000000000000        9.1370961010849946E-014
   974.00000000000000        8.7613173427944983E-014
   975.00000000000000        8.4009261796852647E-014
   976.00000000000000        8.0552953426279796E-014
   977.00000000000000        7.7238230134131406E-014
   978.00000000000000        7.4059317971331569E-014
   979.00000000000000        7.1010677358439125E-014
   980.00000000000000        6.8086993618566910E-014
   981.00000000000000        6.5283167890790120E-014
   982.00000000000000        6.2594308408785584E-014
   983.00000000000000        6.0015722130150519E-014
   984.00000000000000        5.7542906702338257E-014
   985.00000000000000        5.5171542751765340E-014
   986.00000000000000        5.2897486483148993E-014
   987.00000000000000        5.0716762576674355E-014
   988.00000000000000        4.8625557371041202E-014
   989.00000000000000        4.6620212320977645E-014
   990.00000000000000        4.4697217718204834E-014
   991.00000000000000        4.2853206665305558E-014
   992.00000000000000        4.1084949292367489E-014
   993.00000000000000        3.9389347206670287E-014
   994.00000000000000        3.7763428166067902E-014
   995.00000000000000        3.6204340967110257E-014
   996.00000000000000        3.4709350539276808E-014
   997.00000000000000        3.3275833237068312E-014
   998.00000000000000        3.1901272322009184E-014
   999.00000000000000        3.0583253626945875E-014
   1000.0000000000000        2.9319461395313059E-014
