# Recoil energy (kev)        Event rate (events/gev)
   1.0000000000000000        72.668498228954846     
   2.0000000000000000        141.17005686432725     
   3.0000000000000000        205.64382866559865     
   4.0000000000000000        266.22785746426081     
   5.0000000000000000        323.05881543793021     
   6.0000000000000000        376.27176727474625     
   7.0000000000000000        425.99995941873419     
   8.0000000000000000        472.37463268615500     
   9.0000000000000000        515.52485663754544     
   10.000000000000000        555.57738418038855     
   11.000000000000000        592.65652496332723     
   12.000000000000000        626.88403620461622     
   13.000000000000000        658.37902967541334     
   14.000000000000000        687.25789363265108     
   15.000000000000000        713.63422856656530     
   16.000000000000000        737.61879569501559     
   17.000000000000000        759.31947720036021     
   18.000000000000000        778.84124726497907     
   19.000000000000000        796.28615301902198     
   20.000000000000000        811.75330456827362     
   21.000000000000000        825.33887332174459     
   22.000000000000000        837.13609788748704     
   23.000000000000000        847.23529685149504     
   24.000000000000000        855.72388779858750     
   25.000000000000000        862.68641197559873     
   26.000000000000000        868.20456403671278     
   27.000000000000000        872.35722634795172     
   28.000000000000000        875.22050736298957     
   29.000000000000000        876.86778361579877     
   30.000000000000000        877.36974490702698     
   31.000000000000000        876.79444229062335     
   32.000000000000000        875.20733849528699     
   33.000000000000000        872.67136044166989     
   34.000000000000000        869.24695354110952     
   35.000000000000000        864.99213748520742     
   36.000000000000000        859.96256325747015     
   37.000000000000000        854.21157111917455     
   38.000000000000000        847.79024934099107     
   39.000000000000000        840.74749347031991     
   40.000000000000000        833.13006594154706     
   41.000000000000000        824.98265585253489     
   42.000000000000000        816.34793874588706     
   43.000000000000000        807.26663624772561     
   44.000000000000000        797.77757543006010     
   45.000000000000000        787.91774777525870     
   46.000000000000000        777.72236763280841     
   47.000000000000000        767.22493006945626     
   48.000000000000000        756.45726802398269     
   49.000000000000000        745.44960868731573     
   50.000000000000000        734.23062903760217     
   51.000000000000000        722.82751046801809     
   52.000000000000000        711.26599245275622     
   53.000000000000000        699.57042520383425     
   54.000000000000000        687.76382127779891     
   55.000000000000000        675.86790609768377     
   56.000000000000000        663.90316736113368     
   57.000000000000000        651.88890331085872     
   58.000000000000000        639.84326984847098     
   59.000000000000000        627.78332647709567     
   60.000000000000000        615.72508106234341     
   61.000000000000000        603.68353340494684     
   62.000000000000000        591.67271762179189     
   63.000000000000000        579.70574333526679     
   64.000000000000000        567.79483567367981     
   65.000000000000000        555.95137408814389     
   66.000000000000000        544.18592999369264     
   67.000000000000000        532.50830324453045     
   68.000000000000000        520.92755745524653     
   69.000000000000000        509.45205418158395     
   70.000000000000000        498.08948597589102     
   71.000000000000000        486.84690833375595     
   72.000000000000000        475.73077054956462     
   73.000000000000000        464.74694549977869     
   74.000000000000000        453.90075837366766     
   75.000000000000000        443.19701437203747     
   76.000000000000000        432.64002539517583     
   77.000000000000000        422.23363574182144     
   78.000000000000000        411.98124684142749     
   79.000000000000000        401.88584104236281     
   80.000000000000000        391.95000447902169     
   81.000000000000000        382.17594904096990     
   82.000000000000000        372.56553346745255     
   83.000000000000000        363.12028359061168     
   84.000000000000000        353.84141175081095     
   85.000000000000000        344.72983540739710     
   86.000000000000000        335.78619496813064     
   87.000000000000000        327.01087086039314     
   88.000000000000000        318.40399986707200     
   89.000000000000000        309.96549074981391     
   90.000000000000000        301.69503918207840     
   91.000000000000000        293.59214201412777     
   92.000000000000000        285.65611089178662     
   93.000000000000000        277.88608525046453     
   94.000000000000000        270.28104470554456     
   95.000000000000000        262.83982085992670     
   96.000000000000000        255.56110854904355     
   97.000000000000000        248.44347654331582     
   98.000000000000000        241.48537772756870     
   99.000000000000000        234.68515877650376     
   100.00000000000000        228.04106934489118     
   101.00000000000000        221.55127079068964     
   102.00000000000000        215.21384444887704     
   103.00000000000000        209.02679947329517     
   104.00000000000000        202.98808026338747     
   105.00000000000000        197.09557349223249     
   106.00000000000000        191.34711475183983     
   107.00000000000000        185.74049483122201     
   108.00000000000000        180.27346564229128     
   109.00000000000000        174.94374580821685     
   110.00000000000000        169.74902592840138     
   111.00000000000000        164.68697353383101     
   112.00000000000000        159.75523774609854     
   113.00000000000000        154.95145365299240     
   114.00000000000000        150.27324641311398     
   115.00000000000000        145.71823510157827     
   116.00000000000000        141.28403630845025     
   117.00000000000000        136.96826750116986     
   118.00000000000000        132.76855016182844     
   119.00000000000000        128.68251270978121     
   120.00000000000000        124.70779321970829     
   121.00000000000000        120.84204194486121     
   122.00000000000000        117.08292365489153     
   123.00000000000000        113.42811979730261     
   124.00000000000000        109.87533049122229     
   125.00000000000000        106.42227636186574     
   126.00000000000000        103.06670022374864     
   127.00000000000000        99.806368620378478     
   128.00000000000000        96.639073227855746     
   129.00000000000000        93.562632129526364     
   130.00000000000000        90.574890968531875     
   131.00000000000000        87.673723984825429     
   132.00000000000000        84.857034942957839     
   133.00000000000000        82.122757956664145     
   134.00000000000000        79.468858216041738     
   135.00000000000000        76.893332622853563     
   136.00000000000000        74.394210339255267     
   137.00000000000000        71.969553255018766     
   138.00000000000000        69.617456378097529     
   139.00000000000000        67.336048153163460     
   140.00000000000000        65.123490712547166     
   141.00000000000000        62.977980063795989     
   142.00000000000000        60.897746217888930     
   143.00000000000000        58.881053261948004     
   144.00000000000000        56.926199380113694     
   145.00000000000000        55.031516826075539     
   146.00000000000000        53.195371850581800     
   147.00000000000000        51.416164587095963     
   148.00000000000000        49.692328898607620     
   149.00000000000000        48.022332188462244     
   150.00000000000000        46.404675177927160     
   151.00000000000000        44.837891653080170     
   152.00000000000000        43.320548183467224     
   153.00000000000000        41.851243814856375     
   154.00000000000000        40.428609738292678     
   155.00000000000000        39.051308937537790     
   156.00000000000000        37.718035816873765     
   157.00000000000000        36.427515811138441     
   158.00000000000000        35.178504979758451     
   159.00000000000000        33.969789586450538     
   160.00000000000000        32.800185666165753     
   161.00000000000000        31.668538580761389     
   162.00000000000000        30.573722564801027     
   163.00000000000000        29.514640262801091     
   164.00000000000000        28.490222259163399     
   165.00000000000000        27.499426601956319     
   166.00000000000000        26.541238321644190     
   167.00000000000000        25.614668945783066     
   168.00000000000000        24.718756010649187     
   169.00000000000000        23.852562570696669     
   170.00000000000000        23.015176706685217     
   171.00000000000000        22.205711033261494     
   172.00000000000000        21.423302206724244     
   173.00000000000000        20.667110433654468     
   174.00000000000000        19.936318981040319     
   175.00000000000000        19.230133688484592     
   176.00000000000000        18.547782483034517     
   177.00000000000000        17.888514897137089     
   178.00000000000000        17.251601590179380     
   179.00000000000000        16.636333874040268     
   180.00000000000000        16.042023243040994     
   181.00000000000000        15.468000908652094     
   182.00000000000000        14.913617339279432     
   183.00000000000000        14.378241805425338     
   184.00000000000000        13.861261930489766     
   185.00000000000000        13.362083247451942     
   186.00000000000000        12.880128761647184     
   187.00000000000000        12.414838519828598     
   188.00000000000000        11.965669185683748     
   189.00000000000000        11.532093621952216     
   190.00000000000000        11.113600479272929     
   191.00000000000000        10.709693791869777     
   192.00000000000000        10.319892580167563     
   193.00000000000000        9.9437304604133132     
   194.00000000000000        9.5807552613631959     
   195.00000000000000        9.2305286480809965     
   196.00000000000000        8.8926257528795496     
   197.00000000000000        8.5666348134263899     
   198.00000000000000        8.2521568180200049     
   199.00000000000000        7.9488051580354506     
   200.00000000000000        7.6562052875256494     
   201.00000000000000        7.3739943899564278     
   202.00000000000000        7.1018210520445244     
   203.00000000000000        6.8393449446596062     
   204.00000000000000        6.5862365107436869     
   205.00000000000000        6.3421766601956149     
   206.00000000000000        6.1068564716604632     
   207.00000000000000        5.8799769011592957     
   208.00000000000000        5.6612484974886232     
   209.00000000000000        5.4503911243147956     
   210.00000000000000        5.2471336888836833     
   211.00000000000000        5.0512138772625912     
   212.00000000000000        4.8623778960273221     
   213.00000000000000        4.6803802203049960     
   214.00000000000000        4.5049833480791799     
   215.00000000000000        4.3359575606631733     
   216.00000000000000        4.1730806892432364     
   217.00000000000000        4.0161378873934463     
   218.00000000000000        3.8649214094611173     
   219.00000000000000        3.7192303947207752     
   220.00000000000000        3.5788706571942064     
   221.00000000000000        3.4436544810319423     
   222.00000000000000        3.3134004213524393     
   223.00000000000000        3.1879331104335056     
   224.00000000000000        3.0670830691511242     
   225.00000000000000        2.9506865235602109     
   226.00000000000000        2.8385852265125795     
   227.00000000000000        2.7306262842064868     
   228.00000000000000        2.6266619875639599     
   229.00000000000000        2.5265496483313639     
   230.00000000000000        2.4301514397998147     
   231.00000000000000        2.3373342420430419     
   232.00000000000000        2.2479694915702706     
   233.00000000000000        2.1619330352935391     
   234.00000000000000        2.0791049887093331     
   235.00000000000000        1.9993695981953428     
   236.00000000000000        1.9226151073249371     
   237.00000000000000        1.8487336271023935     
   238.00000000000000        1.7776210100237335     
   239.00000000000000        1.7091767278688803     
   240.00000000000000        1.6433037531327497     
   241.00000000000000        1.5799084440035374     
   242.00000000000000        1.5189004327986215     
   243.00000000000000        1.4601925177694175     
   244.00000000000000        1.4037005581883097     
   245.00000000000000        1.3493433726320299     
   246.00000000000000        1.2970426403777100     
   247.00000000000000        1.2467228058288864     
   248.00000000000000        1.1983109858908103     
   249.00000000000000        1.1517368802155126     
   250.00000000000000        1.1069326842388512     
   251.00000000000000        1.0638330049333486     
   252.00000000000000        1.0223747792020397     
   253.00000000000000       0.98249719484019538     
   254.00000000000000       0.94414161399331620     
   255.00000000000000       0.90725149904133817     
   256.00000000000000       0.87177234084052346     
   257.00000000000000       0.83765158925597838     
   258.00000000000000       0.80483858591936597     
   259.00000000000000       0.77328449914775810     
   260.00000000000000       0.74294226096113725     
   261.00000000000000       0.71376650613747816     
   262.00000000000000       0.68571351324582519     
   263.00000000000000       0.65874114759920943     
   264.00000000000000       0.63280880607061862     
   265.00000000000000       0.60787736371674372     
   266.00000000000000       0.58390912215541169     
   267.00000000000000       0.56086775964424573     
   268.00000000000000       0.53871828280910861     
   269.00000000000000       0.51742697997248943     
   270.00000000000000       0.49696137603309543     
   271.00000000000000       0.47729018884926294     
   272.00000000000000       0.45838328708004511     
   273.00000000000000       0.44021164943902108     
   274.00000000000000       0.42274732531712883     
   275.00000000000000       0.40596339673197435     
   276.00000000000000       0.38983394156218409     
   277.00000000000000       0.37433399802661615     
   278.00000000000000       0.35943953036923065     
   279.00000000000000       0.34512739571157153     
   280.00000000000000       0.33137531203589332     
   281.00000000000000       0.31816182726293935     
   282.00000000000000       0.30546628938947895     
   283.00000000000000       0.29326881765163271     
   284.00000000000000       0.28155027468104649     
   285.00000000000000       0.27029223962189480     
   286.00000000000000       0.25947698217760951     
   287.00000000000000       0.24908743755719373     
   288.00000000000000       0.23910718229180847     
   289.00000000000000       0.22952041089319733     
   290.00000000000000       0.22031191332638897     
   291.00000000000000       0.21146705326990153     
   292.00000000000000       0.20297174713748570     
   293.00000000000000       0.19481244383624366     
   294.00000000000000       0.18697610523669686     
   295.00000000000000       0.17945018733112139     
   296.00000000000000       0.17222262205722302     
   297.00000000000000       0.16528179976487561     
   298.00000000000000       0.15861655230438301     
   299.00000000000000       0.15221613671535436     
   300.00000000000000       0.14607021949596005     
   301.00000000000000       0.14016886143293361     
   302.00000000000000       0.13450250297333552     
   303.00000000000000       0.12906195011967805     
   304.00000000000000       0.12383836083056113     
   305.00000000000000       0.11882323190960377     
   306.00000000000000       0.11400838636591938     
   307.00000000000000       0.10938596122998642     
   308.00000000000000       0.10494839580924722     
   309.00000000000000       0.10068842036828353     
   310.00000000000000        9.6599045218887736E-002
   311.00000000000000        9.2673550205870980E-002
   312.00000000000000        8.8905474574835275E-002
   313.00000000000000        8.5288607208665157E-002
   314.00000000000000        8.1816977219862308E-002
   315.00000000000000        7.8484844886311009E-002
   316.00000000000000        7.5286692918443615E-002
   317.00000000000000        7.2217218046195408E-002
   318.00000000000000        6.9271322914497307E-002
   319.00000000000000        6.6444108276451058E-002
   320.00000000000000        6.3730865473677858E-002
   321.00000000000000        6.1127069193686594E-002
   322.00000000000000        5.8628370494454782E-002
   323.00000000000000        5.6230590086726304E-002
   324.00000000000000        5.3929711864871839E-002
   325.00000000000000        5.1721876677448965E-002
   326.00000000000000        4.9603376328909446E-002
   327.00000000000000        4.7570647804187023E-002
   328.00000000000000        4.5620267708176933E-002
   329.00000000000000        4.3748946912401360E-002
   330.00000000000000        4.1953525401404214E-002
   331.00000000000000        4.0230967311686835E-002
   332.00000000000000        3.8578356156233722E-002
   333.00000000000000        3.6992890227924458E-002
   334.00000000000000        3.5471878175350573E-002
   335.00000000000000        3.4012734744788518E-002
   336.00000000000000        3.2612976682294750E-002
   337.00000000000000        3.1270218790089184E-002
   338.00000000000000        2.9982170131614479E-002
   339.00000000000000        2.8746630379834871E-002
   340.00000000000000        2.7561486303544640E-002
   341.00000000000000        2.6424708386626000E-002
   342.00000000000000        2.5334347575387876E-002
   343.00000000000000        2.4288532149273397E-002
   344.00000000000000        2.3285464710403346E-002
   345.00000000000000        2.2323419287574649E-002
   346.00000000000000        2.1400738550491110E-002
   347.00000000000000        2.0515831130152349E-002
   348.00000000000000        1.9667169041475335E-002
   349.00000000000000        1.8853285204355391E-002
   350.00000000000000        1.8072771059516147E-002
   351.00000000000000        1.7324274275626415E-002
   352.00000000000000        1.6606496544283908E-002
   353.00000000000000        1.5918191459593542E-002
   354.00000000000000        1.5258162479182880E-002
   355.00000000000000        1.4625260963610553E-002
   356.00000000000000        1.4018384291235329E-002
   357.00000000000000        1.3436474045716114E-002
   358.00000000000000        1.2878514273419982E-002
   359.00000000000000        1.2343529808110687E-002
   360.00000000000000        1.1830584660385862E-002
   361.00000000000000        1.1338780469425942E-002
   362.00000000000000        1.0867255014702853E-002
   363.00000000000000        1.0415180785385163E-002
   364.00000000000000        9.9817636052585614E-003
   365.00000000000000        9.5662413110588120E-003
   366.00000000000000        9.1678824821939484E-003
   367.00000000000000        8.7859852199048422E-003
   368.00000000000000        8.4198759739862582E-003
   369.00000000000000        8.0689084152586465E-003
   370.00000000000000        7.7324623520487528E-003
   371.00000000000000        7.4099426890010490E-003
   372.00000000000000        7.1007784266034985E-003
   373.00000000000000        6.8044216998730030E-003
   374.00000000000000        6.5203468547001472E-003
   375.00000000000000        6.2480495604133037E-003
   376.00000000000000        5.9870459571711556E-003
   377.00000000000000        5.7368718368476252E-003
   378.00000000000000        5.4970818561221055E-003
   379.00000000000000        5.2672487805354639E-003
   380.00000000000000        5.0469627583195750E-003
   381.00000000000000        4.8358306228526550E-003
   382.00000000000000        4.6334752226347437E-003
   383.00000000000000        4.4395347777214812E-003
   384.00000000000000        4.2536622615909460E-003
   385.00000000000000        4.0755248074608010E-003
   386.00000000000000        3.9048031381069127E-003
   387.00000000000000        3.7411910182720701E-003
   388.00000000000000        3.5843947287878004E-003
   389.00000000000000        3.4341325615644207E-003
   390.00000000000000        3.2901343346384664E-003
   391.00000000000000        3.1521409264953218E-003
   392.00000000000000        3.0199038289160712E-003
   393.00000000000000        2.8931847176251729E-003
   394.00000000000000        2.7717550400445687E-003
   395.00000000000000        2.6553956194841351E-003
   396.00000000000000        2.5438962751261319E-003
   397.00000000000000        2.4370554571847653E-003
   398.00000000000000        2.3346798966455335E-003
   399.00000000000000        2.2365842690128071E-003
   400.00000000000000        2.1425908715145691E-003
   401.00000000000000        2.0525293132360664E-003
   402.00000000000000        1.9662362176731214E-003
   403.00000000000000        1.8835549372159973E-003
   404.00000000000000        1.8043352790937154E-003
   405.00000000000000        1.7284332423264874E-003
   406.00000000000000        1.6557107652515985E-003
   407.00000000000000        1.5860354832049081E-003
   408.00000000000000        1.5192804959561854E-003
   409.00000000000000        1.4553241445121208E-003
   410.00000000000000        1.3940497969160989E-003
   411.00000000000000        1.3353456426874047E-003
   412.00000000000000        1.2791044955576412E-003
   413.00000000000000        1.2252236041743157E-003
   414.00000000000000        1.1736044704550668E-003
   415.00000000000000        1.1241526752881453E-003
   416.00000000000000        1.0767777112866202E-003
   417.00000000000000        1.0313928223152891E-003
   418.00000000000000        9.8791484952006421E-004
   419.00000000000000        9.4626408360054656E-004
   420.00000000000000        9.0636412307622846E-004
   421.00000000000000        8.6814173830682031E-004
   422.00000000000000        8.3152674103660748E-004
   423.00000000000000        7.9645185924153426E-004
   424.00000000000000        7.6285261706678543E-004
   425.00000000000000        7.3066721965055583E-004
   426.00000000000000        6.9983644263818805E-004
   427.00000000000000        6.7030352619817110E-004
   428.00000000000000        6.4201407335925237E-004
   429.00000000000000        6.1491595249490061E-004
   430.00000000000000        5.8895920378813384E-004
   431.00000000000000        5.6409594951662898E-004
   432.00000000000000        5.4028030800398253E-004
   433.00000000000000        5.1746831108947079E-004
   434.00000000000000        4.9561782497426008E-004
   435.00000000000000        4.7468847430769958E-004
   436.00000000000000        4.5464156938291168E-004
   437.00000000000000        4.3544003631579775E-004
   438.00000000000000        4.1704835008693074E-004
   439.00000000000000        3.9943247033032088E-004
   440.00000000000000        3.8255977975779044E-004
   441.00000000000000        3.6639902511213009E-004
   442.00000000000000        3.5092026054650089E-004
   443.00000000000000        3.3609479333151414E-004
   444.00000000000000        3.2189513179551617E-004
   445.00000000000000        3.0829493540731180E-004
   446.00000000000000        2.9526896691415487E-004
   447.00000000000000        2.8279304645143318E-004
   448.00000000000000        2.7084400754374065E-004
   449.00000000000000        2.5939965492024466E-004
   450.00000000000000        2.4843872407049044E-004
   451.00000000000000        2.3794084246947977E-004
   452.00000000000000        2.2788649240409775E-004
   453.00000000000000        2.1825697533530612E-004
   454.00000000000000        2.0903437773346593E-004
   455.00000000000000        2.0020153832651344E-004
   456.00000000000000        1.9174201670318762E-004
   457.00000000000000        1.8364006321585637E-004
   458.00000000000000        1.7588059012971132E-004
   459.00000000000000        1.6844914396724705E-004
   460.00000000000000        1.6133187899902785E-004
   461.00000000000000        1.5451553183371095E-004
   462.00000000000000        1.4798739706219200E-004
   463.00000000000000        1.4173530391262170E-004
   464.00000000000000        1.3574759387468573E-004
   465.00000000000000        1.3001309925337961E-004
   466.00000000000000        1.2452112261398244E-004
   467.00000000000000        1.1926141708156974E-004
   468.00000000000000        1.1422416745989820E-004
   469.00000000000000        1.0939997213587028E-004
   470.00000000000000        1.0477982573722131E-004
   471.00000000000000        1.0035510251236087E-004
   472.00000000000000        9.6117540402563533E-005
   473.00000000000000        9.2059225777934320E-005
   474.00000000000000        8.8172578809735515E-005
   475.00000000000000        8.4450339452776983E-005
   476.00000000000000        8.0885554012639078E-005
   477.00000000000000        7.7471562273558731E-005
   478.00000000000000        7.4201985163758964E-005
   479.00000000000000        7.1070712935976743E-005
   480.00000000000000        6.8071893841859692E-005
   481.00000000000000        6.5199923279748930E-005
   482.00000000000000        6.2449433396233477E-005
   483.00000000000000        5.9815283122659508E-005
   484.00000000000000        5.7292548628529183E-005
   485.00000000000000        5.4876514174498478E-005
   486.00000000000000        5.2562663348370519E-005
   487.00000000000000        5.0346670668175559E-005
   488.00000000000000        4.8224393537069907E-005
   489.00000000000000        4.6191864535432080E-005
   490.00000000000000        4.4245284036123235E-005
   491.00000000000000        4.2381013129465796E-005
   492.00000000000000        4.0595566845037793E-005
   493.00000000000000        3.8885607657922588E-005
   494.00000000000000        3.7247939267566547E-005
   495.00000000000000        3.5679500637861315E-005
   496.00000000000000        3.4177360287584179E-005
   497.00000000000000        3.2738710820726462E-005
   498.00000000000000        3.1360863686706645E-005
   499.00000000000000        3.0041244160876554E-005
   500.00000000000000        2.8777386536108675E-005
   501.00000000000000        2.7566929516648171E-005
   502.00000000000000        2.6407611805778856E-005
   503.00000000000000        2.5297267879191599E-005
   504.00000000000000        2.4233823936292366E-005
   505.00000000000000        2.3215294022001255E-005
   506.00000000000000        2.2239776311908517E-005
   507.00000000000000        2.1305449553939996E-005
   508.00000000000000        2.0410569659985392E-005
   509.00000000000000        1.9553466441197347E-005
   510.00000000000000        1.8732540480941557E-005
   511.00000000000000        1.7946260139627911E-005
   512.00000000000000        1.7193158685885903E-005
   513.00000000000000        1.6471831548788213E-005
   514.00000000000000        1.5780933686036057E-005
   515.00000000000000        1.5119177063243386E-005
   516.00000000000000        1.4485328239646913E-005
   517.00000000000000        1.3878206055776879E-005
   518.00000000000000        1.3296679418800016E-005
   519.00000000000000        1.2739665181427905E-005
   520.00000000000000        1.2206126110459474E-005
   521.00000000000000        1.1695068941183639E-005
   522.00000000000000        1.1205542514032474E-005
   523.00000000000000        1.0736635990019551E-005
   524.00000000000000        1.0287477141650353E-005
   525.00000000000000        9.8572307161237239E-006
   526.00000000000000        9.4450968677798719E-006
   527.00000000000000        9.0503096568776319E-006
   528.00000000000000        8.6721356119052428E-006
   529.00000000000000        8.3098723527453529E-006
   530.00000000000000        7.9628472721293324E-006
   531.00000000000000        7.6304162729215401E-006
   532.00000000000000        7.3119625588781084E-006
   533.00000000000000        7.0068954766239599E-006
   534.00000000000000        6.7146494066852199E-006
   535.00000000000000        6.4346827015069850E-006
   536.00000000000000        6.1664766684710873E-006
   537.00000000000000        5.9095345960140765E-006
   538.00000000000000        5.6633808210235488E-006
   539.00000000000000        5.4275598357685660E-006
   540.00000000000000        5.2016354326934033E-006
   541.00000000000000        4.9851898854737648E-006
   542.00000000000000        4.7778231648016184E-006
   543.00000000000000        4.5791521874300729E-006
   544.00000000000000        4.3888100970714310E-006
   545.00000000000000        4.2064455757997032E-006
   546.00000000000000        4.0317221846680776E-006
   547.00000000000000        3.8643177323029430E-006
   548.00000000000000        3.7039236702915774E-006
   549.00000000000000        3.5502445142276700E-006
   550.00000000000000        3.4029972893288860E-006
   551.00000000000000        3.2619109995846232E-006
   552.00000000000000        3.1267261194383354E-006
   553.00000000000000        2.9971941070481244E-006
   554.00000000000000        2.8730769382120349E-006
   555.00000000000000        2.7541466600816047E-006
   556.00000000000000        2.6401849638249151E-006
   557.00000000000000        2.5309827754355222E-006
   558.00000000000000        2.4263398639179231E-006
   559.00000000000000        2.3260644661122964E-006
   560.00000000000000        2.2299729274528509E-006
   561.00000000000000        2.1378893579835015E-006
   562.00000000000000        2.0496453029839499E-006
   563.00000000000000        1.9650794275853744E-006
   564.00000000000000        1.8840372147829924E-006
   565.00000000000000        1.8063706762757746E-006
   566.00000000000000        1.7319380755893425E-006
   567.00000000000000        1.6606036629606215E-006
   568.00000000000000        1.5922374214842035E-006
   569.00000000000000        1.5267148240429930E-006
   570.00000000000000        1.4639166005641806E-006
   571.00000000000000        1.4037285151628459E-006
   572.00000000000000        1.3460411527525673E-006
   573.00000000000000        1.2907497147210100E-006
   574.00000000000000        1.2377538232855822E-006
   575.00000000000000        1.1869573341597596E-006
   576.00000000000000        1.1382681571775955E-006
   577.00000000000000        1.0915980845378578E-006
   578.00000000000000        1.0468626263437324E-006
   579.00000000000000        1.0039808531286024E-006
   580.00000000000000        9.6287524507043250E-007
   581.00000000000000        9.2347154761058661E-007
   582.00000000000000        8.8569863320493238E-007
   583.00000000000000        8.4948836894649243E-007
   584.00000000000000        8.1477548980975158E-007
   585.00000000000000        7.8149747727813831E-007
   586.00000000000000        7.4959444312510735E-007
   587.00000000000000        7.1900901813041175E-007
   588.00000000000000        6.8968624552106493E-007
   589.00000000000000        6.6157347893661026E-007
   590.00000000000000        6.3462028472592791E-007
   591.00000000000000        6.0877834839157467E-007
   592.00000000000000        5.8400138500528229E-007
   593.00000000000000        5.6024505342562114E-007
   594.00000000000000        5.3746687415629573E-007
   595.00000000000000        5.1562615069011912E-007
   596.00000000000000        4.9468389419048799E-007
   597.00000000000000        4.7460275136838871E-007
   598.00000000000000        4.5534693541920059E-007
   599.00000000000000        4.3688215988890245E-007
   600.00000000000000        4.1917557534534752E-007
   601.00000000000000        4.0219570873527382E-007
   602.00000000000000        3.8591240531270549E-007
   603.00000000000000        3.7029677302964819E-007
   604.00000000000000        3.5532112928411746E-007
   605.00000000000000        3.4095894992553226E-007
   606.00000000000000        3.2718482042127979E-007
   607.00000000000000        3.1397438909268106E-007
   608.00000000000000        3.0130432233239154E-007
   609.00000000000000        2.8915226171893511E-007
   610.00000000000000        2.7749678294779261E-007
   611.00000000000000        2.6631735650179006E-007
   612.00000000000000        2.5559430998689015E-007
   613.00000000000000        2.4530879206258714E-007
   614.00000000000000        2.3544273789916046E-007
   615.00000000000000        2.2597883609687558E-007
   616.00000000000000        2.1690049700504503E-007
   617.00000000000000        2.0819182238145780E-007
   618.00000000000000        1.9983757633523223E-007
   619.00000000000000        1.9182315749858850E-007
   620.00000000000000        1.8413457237532110E-007
   621.00000000000000        1.7675840981603832E-007
   622.00000000000000        1.6968181657224330E-007
   623.00000000000000        1.6289247388352778E-007
   624.00000000000000        1.5637857505398985E-007
   625.00000000000000        1.5012880397583453E-007
   626.00000000000000        1.4413231456003302E-007
   627.00000000000000        1.3837871103547253E-007
   628.00000000000000        1.3285802907979586E-007
   629.00000000000000        1.2756071774659670E-007
   630.00000000000000        1.2247762215521108E-007
   631.00000000000000        1.1759996691077030E-007
   632.00000000000000        1.1291934022348457E-007
   633.00000000000000        1.0842767869759540E-007
   634.00000000000000        1.0411725276151182E-007
   635.00000000000000        9.9980652712003490E-008
   636.00000000000000        9.6010775346416957E-008
   637.00000000000000        9.2200811157976709E-008
   638.00000000000000        8.8544232070327223E-008
   639.00000000000000        8.5034779688456017E-008
   640.00000000000000        8.1666454044150789E-008
   641.00000000000000        7.8433502815015161E-008
   642.00000000000000        7.5330410997016163E-008
   643.00000000000000        7.2351891011349911E-008
   644.00000000000000        6.9492873227250894E-008
   645.00000000000000        6.6748496883128312E-008
   646.00000000000000        6.4114101389203417E-008
   647.00000000000000        6.1585217995477786E-008
   648.00000000000000        5.9157561809604184E-008
   649.00000000000000        5.6827024149857404E-008
   650.00000000000000        5.4589665219039958E-008
   651.00000000000000        5.2441707085754598E-008
   652.00000000000000        5.0379526960060984E-008
   653.00000000000000        4.8399650751081589E-008
   654.00000000000000        4.6498746894634482E-008
   655.00000000000000        4.4673620439510929E-008
   656.00000000000000        4.2921207381464445E-008
   657.00000000000000        4.1238569234455445E-008
   658.00000000000000        3.9622887829155520E-008
   659.00000000000000        3.8071460329103625E-008
   660.00000000000000        3.6581694455353998E-008
   661.00000000000000        3.5151103910805057E-008
   662.00000000000000        3.3777303995817989E-008
   663.00000000000000        3.2458007407033514E-008
   664.00000000000000        3.1191020211695799E-008
   665.00000000000000        2.9974237990073182E-008
   666.00000000000000        2.8805642138907016E-008
   667.00000000000000        2.7683296329105184E-008
   668.00000000000000        2.6605343111192254E-008
   669.00000000000000        2.5570000662299439E-008
   670.00000000000000        2.4575559668739890E-008
   671.00000000000000        2.3620380338467769E-008
   672.00000000000000        2.2702889537964991E-008
   673.00000000000000        2.1821578048326316E-008
   674.00000000000000        2.0974997935529788E-008
   675.00000000000000        2.0161760030106497E-008
   676.00000000000000        1.9380531511607671E-008
   677.00000000000000        1.8630033593478868E-008
   678.00000000000000        1.7909039304123362E-008
   679.00000000000000        1.7216371360120378E-008
   680.00000000000000        1.6550900127739641E-008
   681.00000000000000        1.5911541669044561E-008
   682.00000000000000        1.5297255869043436E-008
   683.00000000000000        1.4707044640495679E-008
   684.00000000000000        1.4139950203116014E-008
   685.00000000000000        1.3595053434067393E-008
   686.00000000000000        1.3071472286759423E-008
   687.00000000000000        1.2568360275091308E-008
   688.00000000000000        1.2084905020408316E-008
   689.00000000000000        1.1620326858546139E-008
   690.00000000000000        1.1173877504454869E-008
   691.00000000000000        1.0744838771997678E-008
   692.00000000000000        1.0332521346618818E-008
   693.00000000000000        9.9362636086766383E-009
   694.00000000000000        9.5554305053268050E-009
   695.00000000000000        9.1894124689304423E-009
   696.00000000000000        8.8376243800489832E-009
   697.00000000000000        8.4995045731674960E-009
   698.00000000000000        8.1745138833641415E-009
   699.00000000000000        7.8621347322267460E-009
   700.00000000000000        7.5618702513745948E-009
   701.00000000000000        7.2732434420296142E-009
   702.00000000000000        6.9957963691308147E-009
   703.00000000000000        6.7290893885600539E-009
   704.00000000000000        6.4727004061005876E-009
   705.00000000000000        6.2262241668140773E-009
   706.00000000000000        5.9892715735680114E-009
   707.00000000000000        5.7614690335080634E-009
   708.00000000000000        5.5424578313137836E-009
   709.00000000000000        5.3318935281286806E-009
   710.00000000000000        5.1294453850980125E-009
   711.00000000000000        4.9347958104977312E-009
   712.00000000000000        4.7476398294761294E-009
   713.00000000000000        4.5676845754716798E-009
   714.00000000000000        4.3946488024111094E-009
   715.00000000000000        4.2282624168286173E-009
   716.00000000000000        4.0682660290813865E-009
   717.00000000000000        3.9144105228736744E-009
   718.00000000000000        3.7664566423327343E-009
   719.00000000000000        3.6241745959118928E-009
   720.00000000000000        3.4873436764270475E-009
   721.00000000000000        3.3557518965602231E-009
   722.00000000000000        3.2291956391940870E-009
   723.00000000000000        3.1074793219644791E-009
   724.00000000000000        2.9904150754472307E-009
   725.00000000000000        2.8778224344163365E-009
   726.00000000000000        2.7695280416374342E-009
   727.00000000000000        2.6653653636790924E-009
   728.00000000000000        2.5651744182500783E-009
   729.00000000000000        2.4688015125869812E-009
   730.00000000000000        2.3760989924402564E-009
   731.00000000000000        2.2869250012220536E-009
   732.00000000000000        2.2011432489005805E-009
   733.00000000000000        2.1186227902399122E-009
   734.00000000000000        2.0392378120032069E-009
   735.00000000000000        1.9628674287518157E-009
   736.00000000000000        1.8893954868883559E-009
   737.00000000000000        1.8187103766066692E-009
   738.00000000000000        1.7507048514248398E-009
   739.00000000000000        1.6852758549917597E-009
   740.00000000000000        1.6223243548699080E-009
   741.00000000000000        1.5617551830092254E-009
   742.00000000000000        1.5034768826395789E-009
   743.00000000000000        1.4474015613192821E-009
   744.00000000000000        1.3934447498894653E-009
   745.00000000000000        1.3415252670928103E-009
   746.00000000000000        1.2915650896267242E-009
   747.00000000000000        1.2434892274093862E-009
   748.00000000000000        1.1972256038464501E-009
   749.00000000000000        1.1527049408953993E-009
   750.00000000000000        1.1098606487325258E-009
   751.00000000000000        1.0686287198354067E-009
   752.00000000000000        1.0289476273017770E-009
   753.00000000000000        9.9075822723291746E-010
   754.00000000000000        9.5400366501681876E-010
   755.00000000000000        9.1862928535286561E-010
   756.00000000000000        8.8458254586674748E-010
   757.00000000000000        8.5181293417015610E-010
   758.00000000000000        8.2027188822575522E-010
   759.00000000000000        7.8991271988410241E-010
   760.00000000000000        7.6069054146410081E-010
   761.00000000000000        7.3256219525400241E-010
   762.00000000000000        7.0548618581535966E-010
   763.00000000000000        6.7942261497655489E-010
   764.00000000000000        6.5433311940762215E-010
   765.00000000000000        6.3018081067229526E-010
   766.00000000000000        6.0693021765759081E-010
   767.00000000000000        5.8454723128502092E-010
   768.00000000000000        5.6299905141205948E-010
   769.00000000000000        5.4225413583523464E-010
   770.00000000000000        5.2228215131104740E-010
   771.00000000000000        5.0305392651311253E-010
   772.00000000000000        4.8454140684827823E-010
   773.00000000000000        4.6671761105680835E-010
   774.00000000000000        4.4955658952537995E-010
   775.00000000000000        4.3303338424410492E-010
   776.00000000000000        4.1712399034186562E-010
   777.00000000000000        4.0180531913672988E-010
   778.00000000000000        3.8705516264092150E-010
   779.00000000000000        3.7285215946220528E-010
   780.00000000000000        3.5917576204587261E-010
   781.00000000000000        3.4600620520384608E-010
   782.00000000000000        3.3332447587958558E-010
   783.00000000000000        3.2111228409946618E-010
   784.00000000000000        3.0935203506337583E-010
   785.00000000000000        2.9802680232922373E-010
   786.00000000000000        2.8712030204772524E-010
   787.00000000000000        2.7661686820581081E-010
   788.00000000000000        2.6650142883842885E-010
   789.00000000000000        2.5675948317042970E-010
   790.00000000000000        2.4737707965148399E-010
   791.00000000000000        2.3834079484867418E-010
   792.00000000000000        2.2963771316273337E-010
   793.00000000000000        2.2125540733528118E-010
   794.00000000000000        2.1318191971575492E-010
   795.00000000000000        2.0540574425797493E-010
   796.00000000000000        1.9791580921743647E-010
   797.00000000000000        1.9070146052170882E-010
   798.00000000000000        1.8375244578728222E-010
   799.00000000000000        1.7705889895738407E-010
   800.00000000000000        1.7061132553625569E-010
   801.00000000000000        1.6440058839634550E-010
   802.00000000000000        1.5841789413589928E-010
   803.00000000000000        1.5265477996521771E-010
   804.00000000000000        1.4710310110080335E-010
   805.00000000000000        1.4175501864742720E-010
   806.00000000000000        1.3660298794891231E-010
   807.00000000000000        1.3163974738925236E-010
   808.00000000000000        1.2685830762635140E-010
   809.00000000000000        1.2225194124146355E-010
   810.00000000000000        1.1781417278797554E-010
   811.00000000000000        1.1353876922392004E-010
   812.00000000000000        1.0941973071320423E-010
   813.00000000000000        1.0545128178108459E-010
   814.00000000000000        1.0162786281006713E-010
   815.00000000000000        9.7944121862926261E-011
   816.00000000000000        9.4394906820031754E-011
   817.00000000000000        9.0975257818774933E-011
   818.00000000000000        8.7680399983240803E-011
   819.00000000000000        8.4505736432867939E-011
   820.00000000000000        8.1446841559179567E-011
   821.00000000000000        7.8499454560206463E-011
   822.00000000000000        7.5659473222500043E-011
   823.00000000000000        7.2922947941169882E-011
   824.00000000000000        7.0286075968667374E-011
   825.00000000000000        6.7745195883438210E-011
   826.00000000000000        6.5296782269895941E-011
   827.00000000000000        6.2937440601551617E-011
   828.00000000000000        6.0663902319381405E-011
   829.00000000000000        5.8473020097909432E-011
   830.00000000000000        5.6361763291704794E-011
   831.00000000000000        5.4327213555337658E-011
   832.00000000000000        5.2366560630067829E-011
   833.00000000000000        5.0477098290839309E-011
   834.00000000000000        4.8656220447372542E-011
   835.00000000000000        4.6901417393422290E-011
   836.00000000000000        4.5210272198476075E-011
   837.00000000000000        4.3580457236405943E-011
   838.00000000000000        4.2009730845802346E-011
   839.00000000000000        4.0495934116909961E-011
   840.00000000000000        3.9036987800301715E-011
   841.00000000000000        3.7630889332610623E-011
   842.00000000000000        3.6275709974815389E-011
   843.00000000000000        3.4969592058765063E-011
   844.00000000000000        3.3710746337780383E-011
   845.00000000000000        3.2497449437344379E-011
   846.00000000000000        3.1328041402048542E-011
   847.00000000000000        3.0200923335097483E-011
   848.00000000000000        2.9114555126836194E-011
   849.00000000000000        2.8067453268894978E-011
   850.00000000000000        2.7058188750670056E-011
   851.00000000000000        2.6085385035001045E-011
   852.00000000000000        2.5147716110016907E-011
   853.00000000000000        2.4243904614242522E-011
   854.00000000000000        2.3372720032175861E-011
   855.00000000000000        2.2532976957640557E-011
   856.00000000000000        2.1723533422343836E-011
   857.00000000000000        2.0943289287144511E-011
   858.00000000000000        2.0191184693652952E-011
   859.00000000000000        1.9466198573866083E-011
   860.00000000000000        1.8767347215630043E-011
   861.00000000000000        1.8093682881813987E-011
   862.00000000000000        1.7444292481149280E-011
   863.00000000000000        1.6818296288783126E-011
   864.00000000000000        1.6214846714650914E-011
   865.00000000000000        1.5633127117865703E-011
   866.00000000000000        1.5072350665373120E-011
   867.00000000000000        1.4531759233202569E-011
   868.00000000000000        1.4010622348700067E-011
   869.00000000000000        1.3508236172193933E-011
   870.00000000000000        1.3023922516603638E-011
   871.00000000000000        1.2557027903560641E-011
   872.00000000000000        1.2106922654658902E-011
   873.00000000000000        1.1673000016514955E-011
   874.00000000000000        1.1254675318360128E-011
   875.00000000000000        1.0851385160939614E-011
   876.00000000000000        1.0462586635540123E-011
   877.00000000000000        1.0087756572012594E-011
   878.00000000000000        9.7263908146986446E-012
   879.00000000000000        9.3780035252109095E-012
   880.00000000000000        9.0421265110624178E-012
   881.00000000000000        8.7183085791689065E-012
   882.00000000000000        8.4061149132956096E-012
   883.00000000000000        8.1051264745463611E-012
   884.00000000000000        7.8149394240353514E-012
   885.00000000000000        7.5351645669069378E-012
   886.00000000000000        7.2654268169060299E-012
   887.00000000000000        7.0053646807299688E-012
   888.00000000000000        6.7546297614213146E-012
   889.00000000000000        6.5128862800895324E-012
   890.00000000000000        6.2798106152791637E-012
   891.00000000000000        6.0550908593217563E-012
   892.00000000000000        5.8384263910405028E-012
   893.00000000000000        5.6295274641973050E-012
   894.00000000000000        5.4281148110937610E-012
   895.00000000000000        5.2339192607632910E-012
   896.00000000000000        5.0466813712100863E-012
   897.00000000000000        4.8661510751712753E-012
   898.00000000000000        4.6920873389018374E-012
   899.00000000000000        4.5242578334941447E-012
   900.00000000000000        4.3624386182699412E-012
   901.00000000000000        4.2064138357942169E-012
   902.00000000000000        4.0559754180795615E-012
   903.00000000000000        3.9109228035672637E-012
   904.00000000000000        3.7710626644835220E-012
   905.00000000000000        3.6362086441874862E-012
   906.00000000000000        3.5061811041403360E-012
   907.00000000000000        3.3808068801394006E-012
   908.00000000000000        3.2599190474739010E-012
   909.00000000000000        3.1433566946729433E-012
   910.00000000000000        3.0309647055275017E-012
   911.00000000000000        2.9225935490805855E-012
   912.00000000000000        2.8180990772916212E-012
   913.00000000000000        2.7173423300911985E-012
   914.00000000000000        2.6201893475539958E-012
   915.00000000000000        2.5265109889264141E-012
   916.00000000000000        2.4361827582572442E-012
   917.00000000000000        2.3490846363872314E-012
   918.00000000000000        2.2651009190635265E-012
   919.00000000000000        2.1841200609536378E-012
   920.00000000000000        2.1060345253414352E-012
   921.00000000000000        2.0307406392966555E-012
   922.00000000000000        1.9581384541161419E-012
   923.00000000000000        1.8881316108433786E-012
   924.00000000000000        1.8206272106797229E-012
   925.00000000000000        1.7555356901075836E-012
   926.00000000000000        1.6927707005526852E-012
   927.00000000000000        1.6322489924189667E-012
   928.00000000000000        1.5738903033355990E-012
   929.00000000000000        1.5176172504615872E-012
   930.00000000000000        1.4633552267000246E-012
   931.00000000000000        1.4110323006776435E-012
   932.00000000000000        1.3605791203528094E-012
   933.00000000000000        1.3119288201188791E-012
   934.00000000000000        1.2650169312745959E-012
   935.00000000000000        1.2197812957392385E-012
   936.00000000000000        1.1761619828933315E-012
   937.00000000000000        1.1341012094308177E-012
   938.00000000000000        1.0935432621129793E-012
   939.00000000000000        1.0544344233178639E-012
   940.00000000000000        1.0167228992834231E-012
   941.00000000000000        9.8035875094603063E-013
   942.00000000000000        9.4529382727967371E-013
   943.00000000000000        9.1148170104494908E-013
   944.00000000000000        8.7887760685955307E-013
   945.00000000000000        8.4743838150640968E-013
   946.00000000000000        8.1712240639731250E-013
   947.00000000000000        7.8788955211407991E-013
   948.00000000000000        7.5970112495143558E-013
   949.00000000000000        7.3251981538898048E-013
   950.00000000000000        7.0630964842184829E-013
   951.00000000000000        6.8103593568288450E-013
   952.00000000000000        6.5666522929094807E-013
   953.00000000000000        6.3316527736287728E-013
   954.00000000000000        6.1050498112851857E-013
   955.00000000000000        5.8865435359092171E-013
   956.00000000000000        5.6758447967533574E-013
   957.00000000000000        5.4726747781329994E-013
   958.00000000000000        5.2767646290960850E-013
   959.00000000000000        5.0878551064219973E-013
   960.00000000000000        4.9056962304644808E-013
   961.00000000000000        4.7300469533773339E-013
   962.00000000000000        4.5606748392697149E-013
   963.00000000000000        4.3973557558636677E-013
   964.00000000000000        4.2398735772349502E-013
   965.00000000000000        4.0880198972377725E-013
   966.00000000000000        3.9415937532265269E-013
   967.00000000000000        3.8004013597021008E-013
   968.00000000000000        3.6642558515253040E-013
   969.00000000000000        3.5329770363500810E-013
   970.00000000000000        3.4063911559456001E-013
   971.00000000000000        3.2843306560839636E-013
   972.00000000000000        3.1666339646871142E-013
   973.00000000000000        3.0531452779321114E-013
   974.00000000000000        2.9437143540301552E-013
   975.00000000000000        2.8381963144010022E-013
   976.00000000000000        2.7364514519770135E-013
   977.00000000000000        2.6383450463794825E-013
   978.00000000000000        2.5437471857200198E-013
   979.00000000000000        2.4525325947878966E-013
   980.00000000000000        2.3645804693933941E-013
   981.00000000000000        2.2797743166465537E-013
   982.00000000000000        2.1980018009558124E-013
   983.00000000000000        2.1191545955426742E-013
   984.00000000000000        2.0431282392725224E-013
   985.00000000000000        1.9698219986112392E-013
   986.00000000000000        1.8991387345228220E-013
   987.00000000000000        1.8309847741309416E-013
   988.00000000000000        1.7652697869723082E-013
   989.00000000000000        1.7019066656779524E-013
   990.00000000000000        1.6408114109226945E-013
   991.00000000000000        1.5819030204894044E-013
   992.00000000000000        1.5251033823009020E-013
   993.00000000000000        1.4703371712765717E-013
   994.00000000000000        1.4175317498764696E-013
   995.00000000000000        1.3666170722009868E-013
   996.00000000000000        1.3175255915179501E-013
   997.00000000000000        1.2701921710947040E-013
   998.00000000000000        1.2245539982163707E-013
   999.00000000000000        1.1805505012763542E-013
   1000.0000000000000        1.1381232698284175E-013
