# Recoil energy (kev)        Event rate (events/gev)
   1.0000000000000000        3.5990578319659569E-005
   2.0000000000000000        6.9956857568313297E-005
   3.0000000000000000        1.0197358863600122E-004
   4.0000000000000000        1.3211374146437048E-004
   5.0000000000000000        1.6044850020675407E-004
   6.0000000000000000        1.8704726223369927E-004
   7.0000000000000000        2.1197764068257263E-004
   8.0000000000000000        2.3530547026686508E-004
   9.0000000000000000        2.5709481607701551E-004
   10.000000000000000        2.7740798512000957E-004
   11.000000000000000        2.9630554035971858E-004
   12.000000000000000        3.1384631703393361E-004
   13.000000000000000        3.3008744103737379E-004
   14.000000000000000        3.4508434917265271E-004
   15.000000000000000        3.5889081108319182E-004
   16.000000000000000        3.7155895269357358E-004
   17.000000000000000        3.8313928099370856E-004
   18.000000000000000        3.9368071001351151E-004
   19.000000000000000        4.0323058784462690E-004
   20.000000000000000        4.1183472457505206E-004
   21.000000000000000        4.1953742101134421E-004
   22.000000000000000        4.2638149807148860E-004
   23.000000000000000        4.3240832673942492E-004
   24.000000000000000        4.3765785847979597E-004
   25.000000000000000        4.4216865601854108E-004
   26.000000000000000        4.4597792440176197E-004
   27.000000000000000        4.4912154225163040E-004
   28.000000000000000        4.5163409314412682E-004
   29.000000000000000        4.5354889703911743E-004
   30.000000000000000        4.5489804169864548E-004
   31.000000000000000        4.5571241403436749E-004
   32.000000000000000        4.5602173132988481E-004
   33.000000000000000        4.5585457228820511E-004
   34.000000000000000        4.5523840785883179E-004
   35.000000000000000        4.5419963180298408E-004
   36.000000000000000        4.5276359095918872E-004
   37.000000000000000        4.5095461517507000E-004
   38.000000000000000        4.4879604687443728E-004
   39.000000000000000        4.4631027023191893E-004
   40.000000000000000        4.4351873993033001E-004
   41.000000000000000        4.4044200947866566E-004
   42.000000000000000        4.3709975907121700E-004
   43.000000000000000        4.3351082297068359E-004
   44.000000000000000        4.2969321640043260E-004
   45.000000000000000        4.2566416193311424E-004
   46.000000000000000        4.2144011536482471E-004
   47.000000000000000        4.1703679106582805E-004
   48.000000000000000        4.1246918680053153E-004
   49.000000000000000        4.0775160801099358E-004
   50.000000000000000        4.0289769155970624E-004
   51.000000000000000        3.9792042892874892E-004
   52.000000000000000        3.9283218887364087E-004
   53.000000000000000        3.8764473953144376E-004
   54.000000000000000        3.8236926998363351E-004
   55.000000000000000        3.7701641127533831E-004
   56.000000000000000        3.7159625689339086E-004
   57.000000000000000        3.6611838270646875E-004
   58.000000000000000        3.6059186637138642E-004
   59.000000000000000        3.5502530621025097E-004
   60.000000000000000        3.4942683956383985E-004
   61.000000000000000        3.4380416062713384E-004
   62.000000000000000        3.3816453777341977E-004
   63.000000000000000        3.3251483037386966E-004
   64.000000000000000        3.2686150511988273E-004
   65.000000000000000        3.2121065185585916E-004
   66.000000000000000        3.1556799893038957E-004
   67.000000000000000        3.0993892807412433E-004
   68.000000000000000        3.0432848881282456E-004
   69.000000000000000        2.9874141242431144E-004
   70.000000000000000        2.9318212544820999E-004
   71.000000000000000        2.8765476275751154E-004
   72.000000000000000        2.8216318020111124E-004
   73.000000000000000        2.7671096682656276E-004
   74.000000000000000        2.7130145669235429E-004
   75.000000000000000        2.6593774027905941E-004
   76.000000000000000        2.6062267550873316E-004
   77.000000000000000        2.5535889838193120E-004
   78.000000000000000        2.5014883324171614E-004
   79.000000000000000        2.4499470267397348E-004
   80.000000000000000        2.3989853705333561E-004
   81.000000000000000        2.3486218374392490E-004
   82.000000000000000        2.2988731596408179E-004
   83.000000000000000        2.2497544132413902E-004
   84.000000000000000        2.2012791004622214E-004
   85.000000000000000        2.1534592287494964E-004
   86.000000000000000        2.1063053868779043E-004
   87.000000000000000        2.0598268181372503E-004
   88.000000000000000        2.0140314906872208E-004
   89.000000000000000        1.9689261651641780E-004
   90.000000000000000        1.9245164596224317E-004
   91.000000000000000        1.8808069118910359E-004
   92.000000000000000        1.8378010394257092E-004
   93.000000000000000        1.7955013967340040E-004
   94.000000000000000        1.7539096304502113E-004
   95.000000000000000        1.7130265321351805E-004
   96.000000000000000        1.6728520888743871E-004
   97.000000000000000        1.6333855317462228E-004
   98.000000000000000        1.5946253822308055E-004
   99.000000000000000        1.5565694966279843E-004
   100.00000000000000        1.5192151085517363E-004
   101.00000000000000        1.4825588695663566E-004
   102.00000000000000        1.4465968880285064E-004
   103.00000000000000        1.4113247661973302E-004
   104.00000000000000        1.3767376356734983E-004
   105.00000000000000        1.3428301912263025E-004
   106.00000000000000        1.3095967230664611E-004
   107.00000000000000        1.2770311476207379E-004
   108.00000000000000        1.2451270368629024E-004
   109.00000000000000        1.2138776462541254E-004
   110.00000000000000        1.1832759413443621E-004
   111.00000000000000        1.1533146230848171E-004
   112.00000000000000        1.1239861519001372E-004
   113.00000000000000        1.0952827705676010E-004
   114.00000000000000        1.0671965259490717E-004
   115.00000000000000        1.0397192896202038E-004
   116.00000000000000        1.0128427774399923E-004
   117.00000000000000        9.8655856810241351E-005
   118.00000000000000        9.6085812071066519E-005
   119.00000000000000        9.3573279141315118E-005
   120.00000000000000        9.1117384913921092E-005
   121.00000000000000        8.8717249047125138E-005
   122.00000000000000        8.6371985368887224E-005
   123.00000000000000        8.4080703201930030E-005
   124.00000000000000        8.1842508612738901E-005
   125.00000000000000        7.9656505587722998E-005
   126.00000000000000        7.7521797139646777E-005
   127.00000000000000        7.5437486347322525E-005
   128.00000000000000        7.3402677331456831E-005
   129.00000000000000        7.1416476169444649E-005
   130.00000000000000        6.9477991751803035E-005
   131.00000000000000        6.7586336582843248E-005
   132.00000000000000        6.5740627528086410E-005
   133.00000000000000        6.3939986510836330E-005
   134.00000000000000        6.2183541160239542E-005
   135.00000000000000        6.0470425413070990E-005
   136.00000000000000        5.8799780071406224E-005
   137.00000000000000        5.7170753318257156E-005
   138.00000000000000        5.5582501193172817E-005
   139.00000000000000        5.4034188029727542E-005
   140.00000000000000        5.2524986856749667E-005
   141.00000000000000        5.1054079765067960E-005
   142.00000000000000        4.9620658241487896E-005
   143.00000000000000        4.8223923471640000E-005
   144.00000000000000        4.6863086613279356E-005
   145.00000000000000        4.5537369041552655E-005
   146.00000000000000        4.4246002567686538E-005
   147.00000000000000        4.2988229632494635E-005
   148.00000000000000        4.1763303476042141E-005
   149.00000000000000        4.0570488284752759E-005
   150.00000000000000        3.9409059317188207E-005
   151.00000000000000        3.8278303009682973E-005
   152.00000000000000        3.7177517062960638E-005
   153.00000000000000        3.6106010510817913E-005
   154.00000000000000        3.5063103771910078E-005
   155.00000000000000        3.4048128685631849E-005
   156.00000000000000        3.3060428533038880E-005
   157.00000000000000        3.2099358043720512E-005
   158.00000000000000        3.1164283389488059E-005
   159.00000000000000        3.0254582165707967E-005
   160.00000000000000        2.9369643361072160E-005
   161.00000000000000        2.8508867316558358E-005
   162.00000000000000        2.7671665674303507E-005
   163.00000000000000        2.6857461317077244E-005
   164.00000000000000        2.6065688299010309E-005
   165.00000000000000        2.5295791768203909E-005
   166.00000000000000        2.4547227881814615E-005
   167.00000000000000        2.3819463714182009E-005
   168.00000000000000        2.3111977158537980E-005
   169.00000000000000        2.2424256822811875E-005
   170.00000000000000        2.1755801920018228E-005
   171.00000000000000        2.1106122153691629E-005
   172.00000000000000        2.0474737598808350E-005
   173.00000000000000        1.9861178578613992E-005
   174.00000000000000        1.9264985537751276E-005
   175.00000000000000        1.8685708912067295E-005
   176.00000000000000        1.8122908995452951E-005
   177.00000000000000        1.7576155804054790E-005
   178.00000000000000        1.7045028938175746E-005
   179.00000000000000        1.6529117442169176E-005
   180.00000000000000        1.6028019662609102E-005
   181.00000000000000        1.5541343105006868E-005
   182.00000000000000        1.5068704289328326E-005
   183.00000000000000        1.4609728604549968E-005
   184.00000000000000        1.4164050162480456E-005
   185.00000000000000        1.3731311651058492E-005
   186.00000000000000        1.3311164187327439E-005
   187.00000000000000        1.2903267170272466E-005
   188.00000000000000        1.2507288133696802E-005
   189.00000000000000        1.2122902599300910E-005
   190.00000000000000        1.1749793930117919E-005
   191.00000000000000        1.1387653184449757E-005
   192.00000000000000        1.1036178970437429E-005
   193.00000000000000        1.0695077301389728E-005
   194.00000000000000        1.0364061451987644E-005
   195.00000000000000        1.0042851815470713E-005
   196.00000000000000        9.7311757619058828E-006
   197.00000000000000        9.4287674976307960E-006
   198.00000000000000        9.1353679259563165E-006
   199.00000000000000        8.8507245092065639E-006
   200.00000000000000        8.5745911321681204E-006
   201.00000000000000        8.3067279670135482E-006
   202.00000000000000        8.0469013397593539E-006
   203.00000000000000        7.7948835983120720E-006
   204.00000000000000        7.5504529821511995E-006
   205.00000000000000        7.3133934936932416E-006
   206.00000000000000        7.0834947713755742E-006
   207.00000000000000        6.8605519644948831E-006
   208.00000000000000        6.6443656098305068E-006
   209.00000000000000        6.4347415100793496E-006
   210.00000000000000        6.2314906141248616E-006
   211.00000000000000        6.0344288991589712E-006
   212.00000000000000        5.8433772546731275E-006
   213.00000000000000        5.6581613683310458E-006
   214.00000000000000        5.4786116137320627E-006
   215.00000000000000        5.3045629400731758E-006
   216.00000000000000        5.1358547637127568E-006
   217.00000000000000        4.9723308616385737E-006
   218.00000000000000        4.8138392668392050E-006
   219.00000000000000        4.6602321655760379E-006
   220.00000000000000        4.5113657965515511E-006
   221.00000000000000        4.3671003519669383E-006
   222.00000000000000        4.2272998804607492E-006
   223.00000000000000        4.0918321919188621E-006
   224.00000000000000        3.9605687641438766E-006
   225.00000000000000        3.8333846513713968E-006
   226.00000000000000        3.7101583946188089E-006
   227.00000000000000        3.5907719338511852E-006
   228.00000000000000        3.4751105219478340E-006
   229.00000000000000        3.3630626404520387E-006
   230.00000000000000        3.2545199170853120E-006
   231.00000000000000        3.1493770450072759E-006
   232.00000000000000        3.0475317038005812E-006
   233.00000000000000        2.9488844821605649E-006
   234.00000000000000        2.8533388022679722E-006
   235.00000000000000        2.7608008458228560E-006
   236.00000000000000        2.6711794817172107E-006
   237.00000000000000        2.5843861953234105E-006
   238.00000000000000        2.5003350193751866E-006
   239.00000000000000        2.4189424664173966E-006
   240.00000000000000        2.3401274628008499E-006
   241.00000000000000        2.2638112841978695E-006
   242.00000000000000        2.1899174926142949E-006
   243.00000000000000        2.1183718748733805E-006
   244.00000000000000        2.0491023825470329E-006
   245.00000000000000        1.9820390733095380E-006
   246.00000000000000        1.9171140536891679E-006
   247.00000000000000        1.8542614231927454E-006
   248.00000000000000        1.7934172197785346E-006
   249.00000000000000        1.7345193666526086E-006
   250.00000000000000        1.6775076203641627E-006
   251.00000000000000        1.6223235201751360E-006
   252.00000000000000        1.5689103386797231E-006
   253.00000000000000        1.5172130336494562E-006
   254.00000000000000        1.4671782010797506E-006
   255.00000000000000        1.4187540294138557E-006
   256.00000000000000        1.3718902549205316E-006
   257.00000000000000        1.3265381182017780E-006
   258.00000000000000        1.2826503218073004E-006
   259.00000000000000        1.2401809889326011E-006
   260.00000000000000        1.1990856231777873E-006
   261.00000000000000        1.1593210693444880E-006
   262.00000000000000        1.1208454752485093E-006
   263.00000000000000        1.0836182545261837E-006
   264.00000000000000        1.0476000504125520E-006
   265.00000000000000        1.0127527004699383E-006
   266.00000000000000        9.7903920224563720E-007
   267.00000000000000        9.4642367983786221E-007
   268.00000000000000        9.1487135134931180E-007
   269.00000000000000        8.8434849720807576E-007
   270.00000000000000        8.5482242933589250E-007
   271.00000000000000        8.2626146114411820E-007
   272.00000000000000        7.9863487833802243E-007
   273.00000000000000        7.7191291051044175E-007
   274.00000000000000        7.4606670350605185E-007
   275.00000000000000        7.2106829253791636E-007
   276.00000000000000        6.9689057603820972E-007
   277.00000000000000        6.7350729022547505E-007
   278.00000000000000        6.5089298437091896E-007
   279.00000000000000        6.2902299674672214E-007
   280.00000000000000        6.0787343123960530E-007
   281.00000000000000        5.8742113461318323E-007
   282.00000000000000        5.6764367440301447E-007
   283.00000000000000        5.4851931742854849E-007
   284.00000000000000        5.3002700890644727E-007
   285.00000000000000        5.1214635215016798E-007
   286.00000000000000        4.9485758884087259E-007
   287.00000000000000        4.7814157985516942E-007
   288.00000000000000        4.6197978663539041E-007
   289.00000000000000        4.4635425308847947E-007
   290.00000000000000        4.3124758799979717E-007
   291.00000000000000        4.1664294794855011E-007
   292.00000000000000        4.0252402071168852E-007
   293.00000000000000        3.8887500914355745E-007
   294.00000000000000        3.7568061551876490E-007
   295.00000000000000        3.6292602632605360E-007
   296.00000000000000        3.5059689750123481E-007
   297.00000000000000        3.3867934008749141E-007
   298.00000000000000        3.2715990631167742E-007
   299.00000000000000        3.1602557606541651E-007
   300.00000000000000        3.0526374378017298E-007
   301.00000000000000        2.9486220568560434E-007
   302.00000000000000        2.8480914744085979E-007
   303.00000000000000        2.7509313212867139E-007
   304.00000000000000        2.6570308860232892E-007
   305.00000000000000        2.5662830017592733E-007
   306.00000000000000        2.4785839364840678E-007
   307.00000000000000        2.3938332865224122E-007
   308.00000000000000        2.3119338731778506E-007
   309.00000000000000        2.2327916424453215E-007
   310.00000000000000        2.1563155677075084E-007
   311.00000000000000        2.0824175553320468E-007
   312.00000000000000        2.0110123530880338E-007
   313.00000000000000        1.9420174613031947E-007
   314.00000000000000        1.8753530466843879E-007
   315.00000000000000        1.8109418587264450E-007
   316.00000000000000        1.7487091486361005E-007
   317.00000000000000        1.6885825906997840E-007
   318.00000000000000        1.6304922060256420E-007
   319.00000000000000        1.5743702885923070E-007
   320.00000000000000        1.5201513335383481E-007
   321.00000000000000        1.4677719676282354E-007
   322.00000000000000        1.4171708818323893E-007
   323.00000000000000        1.3682887659602991E-007
   324.00000000000000        1.3210682452876215E-007
   325.00000000000000        1.2754538191194042E-007
   326.00000000000000        1.2313918012333810E-007
   327.00000000000000        1.1888302621487710E-007
   328.00000000000000        1.1477189731671627E-007
   329.00000000000000        1.1080093521340056E-007
   330.00000000000000        1.0696544108701684E-007
   331.00000000000000        1.0326087042246892E-007
   332.00000000000000        9.9682828070102940E-008
   333.00000000000000        9.6227063461050921E-008
   334.00000000000000        9.2889465970779721E-008
   335.00000000000000        8.9666060426470127E-008
   336.00000000000000        8.6553002753960492E-008
   337.00000000000000        8.3546575760105510E-008
   338.00000000000000        8.0643185046528181E-008
   339.00000000000000        7.7839355050845777E-008
   340.00000000000000        7.5131725211558717E-008
   341.00000000000000        7.2517046252905014E-008
   342.00000000000000        6.9992176586085256E-008
   343.00000000000000        6.7554078823355057E-008
   344.00000000000000        6.5199816401597268E-008
   345.00000000000000        6.2926550312068974E-008
   346.00000000000000        6.0731535933115077E-008
   347.00000000000000        5.8612119962733542E-008
   348.00000000000000        5.6565737447976069E-008
   349.00000000000000        5.4589908908224796E-008
   350.00000000000000        5.2682237549509489E-008
   351.00000000000000        5.0840406567079632E-008
   352.00000000000000        4.9062176533545169E-008
   353.00000000000000        4.7345382869966610E-008
   354.00000000000000        4.5687933397356245E-008
   355.00000000000000        4.4087805966128134E-008
   356.00000000000000        4.2543046161098362E-008
   357.00000000000000        4.1051765079715538E-008
   358.00000000000000        3.9612137181263401E-008
   359.00000000000000        3.8222398204847312E-008
   360.00000000000000        3.6880843154038431E-008
   361.00000000000000        3.5585824346114565E-008
   362.00000000000000        3.4335749523893074E-008
   363.00000000000000        3.3129080028215750E-008
   364.00000000000000        3.1964329029200862E-008
   365.00000000000000        3.0840059814429775E-008
   366.00000000000000        2.9754884132298543E-008
   367.00000000000000        2.8707460588809472E-008
   368.00000000000000        2.7696493096132364E-008
   369.00000000000000        2.6720729371318073E-008
   370.00000000000000        2.5778959483588790E-008
   371.00000000000000        2.4870014448684782E-008
   372.00000000000000        2.3992764868784303E-008
   373.00000000000000        2.3146119616568536E-008
   374.00000000000000        2.2329024562034414E-008
   375.00000000000000        2.1540461340712565E-008
   376.00000000000000        2.0779446161979401E-008
   377.00000000000000        2.0045028656195846E-008
   378.00000000000000        1.9336290759444786E-008
   379.00000000000000        1.8652345634673722E-008
   380.00000000000000        1.7992336628087276E-008
   381.00000000000000        1.7355436259670975E-008
   382.00000000000000        1.6740845246757997E-008
   383.00000000000000        1.6147791559588888E-008
   384.00000000000000        1.5575529507841272E-008
   385.00000000000000        1.5023338857143133E-008
   386.00000000000000        1.4490523974610207E-008
   387.00000000000000        1.3976413002478425E-008
   388.00000000000000        1.3480357058931914E-008
   389.00000000000000        1.3001729465254182E-008
   390.00000000000000        1.2539924998457119E-008
   391.00000000000000        1.2094359168569259E-008
   392.00000000000000        1.1664467519789955E-008
   393.00000000000000        1.1249704954739240E-008
   394.00000000000000        1.0849545081061501E-008
   395.00000000000000        1.0463479579658246E-008
   396.00000000000000        1.0091017593853346E-008
   397.00000000000000        9.7316851388124290E-009
   398.00000000000000        9.3850245305614042E-009
   399.00000000000000        9.0505938339681312E-009
   400.00000000000000        8.7279663290725279E-009
   401.00000000000000        8.4167299951686566E-009
   402.00000000000000        8.1164870120627859E-009
   403.00000000000000        7.8268532779468677E-009
   404.00000000000000        7.5474579433477979E-009
   405.00000000000000        7.2779429606270953E-009
   406.00000000000000        7.0179626485246862E-009
   407.00000000000000        6.7671832712543016E-009
   408.00000000000000        6.5252826316751582E-009
   409.00000000000000        6.2919496780793555E-009
   410.00000000000000        6.0668841241492147E-009
   411.00000000000000        5.8497960816517086E-009
   412.00000000000000        5.6404057054533336E-009
   413.00000000000000        5.4384428504499343E-009
   414.00000000000000        5.2436467400199480E-009
   415.00000000000000        5.0557656456219701E-009
   416.00000000000000        4.8745565771697133E-009
   417.00000000000000        4.6997849838288209E-009
   418.00000000000000        4.5312244648921476E-009
   419.00000000000000        4.3686564904003198E-009
   420.00000000000000        4.2118701311859051E-009
   421.00000000000000        4.0606617980291997E-009
   422.00000000000000        3.9148349896242568E-009
   423.00000000000000        3.7742000490632821E-009
   424.00000000000000        3.6385739285568280E-009
   425.00000000000000        3.5077799621165640E-009
   426.00000000000000        3.3816476459362336E-009
   427.00000000000000        3.2600124262150160E-009
   428.00000000000000        3.1427154941754155E-009
   429.00000000000000        3.0296035880367886E-009
   430.00000000000000        2.9205288017119761E-009
   431.00000000000000        2.8153484000037588E-009
   432.00000000000000        2.7139246400835962E-009
   433.00000000000000        2.6161245990430539E-009
   434.00000000000000        2.5218200073154099E-009
   435.00000000000000        2.4308870877703637E-009
   436.00000000000000        2.3432064002928041E-009
   437.00000000000000        2.2586626916611829E-009
   438.00000000000000        2.1771447505485651E-009
   439.00000000000000        2.0985452674741525E-009
   440.00000000000000        2.0227606995390929E-009
   441.00000000000000        1.9496911397861534E-009
   442.00000000000000        1.8792401910274961E-009
   443.00000000000000        1.8113148439906386E-009
   444.00000000000000        1.7458253596368243E-009
   445.00000000000000        1.6826851555116899E-009
   446.00000000000000        1.6218106959919059E-009
   447.00000000000000        1.5631213862967253E-009
   448.00000000000000        1.5065394701371641E-009
   449.00000000000000        1.4519899308799055E-009
   450.00000000000000        1.3994003961074126E-009
   451.00000000000000        1.3487010454589303E-009
   452.00000000000000        1.2998245216418719E-009
   453.00000000000000        1.2527058445057287E-009
   454.00000000000000        1.2072823280750277E-009
   455.00000000000000        1.1634935004408990E-009
   456.00000000000000        1.1212810264142284E-009
   457.00000000000000        1.0805886328466614E-009
   458.00000000000000        1.0413620365287686E-009
   459.00000000000000        1.0035488745778432E-009
   460.00000000000000        9.6709863723054393E-010
   461.00000000000000        9.3196260295855535E-010
   462.00000000000000        8.9809377582813726E-010
   463.00000000000000        8.6544682502712239E-010
   464.00000000000000        8.3397802648536227E-010
   465.00000000000000        8.0364520651726902E-010
   466.00000000000000        7.7440768741735308E-010
   467.00000000000000        7.4622623494204927E-010
   468.00000000000000        7.1906300761336211E-010
   469.00000000000000        6.9288150778198911E-010
   470.00000000000000        6.6764653438970039E-010
   471.00000000000000        6.4332413737281714E-010
   472.00000000000000        6.1988157365050769E-010
   473.00000000000000        5.9728726464359075E-010
   474.00000000000000        5.7551075527134291E-010
   475.00000000000000        5.5452267437556279E-010
   476.00000000000000        5.3429469652287926E-010
   477.00000000000000        5.1479950513796296E-010
   478.00000000000000        4.9601075692182488E-010
   479.00000000000000        4.7790304751105295E-010
   480.00000000000000        4.6045187833524442E-010
   481.00000000000000        4.4363362463136563E-010
   482.00000000000000        4.2742550457516012E-010
   483.00000000000000        4.1180554949114483E-010
   484.00000000000000        3.9675257510390939E-010
   485.00000000000000        3.8224615379484793E-010
   486.00000000000000        3.6826658782955166E-010
   487.00000000000000        3.5479488352237637E-010
   488.00000000000000        3.4181272630570736E-010
   489.00000000000000        3.2930245667272972E-010
   490.00000000000000        3.1724704696339377E-010
   491.00000000000000        3.0563007896442271E-010
   492.00000000000000        2.9443572229514980E-010
   493.00000000000000        2.8364871355196105E-010
   494.00000000000000        2.7325433618500916E-010
   495.00000000000000        2.6323840108182307E-010
   496.00000000000000        2.5358722783326704E-010
   497.00000000000000        2.4428762665815138E-010
   498.00000000000000        2.3532688096358524E-010
   499.00000000000000        2.2669273051902053E-010
   500.00000000000000        2.1837335522259404E-010
   501.00000000000000        2.1035735943919037E-010
   502.00000000000000        2.0263375689030287E-010
   503.00000000000000        1.9519195607648116E-010
   504.00000000000000        1.8802174621379460E-010
   505.00000000000000        1.8111328366641772E-010
   506.00000000000000        1.7445707885800200E-010
   507.00000000000000        1.6804398364513532E-010
   508.00000000000000        1.6186517913676963E-010
   509.00000000000000        1.5591216394402194E-010
   510.00000000000000        1.5017674284531384E-010
   511.00000000000000        1.4465101585233301E-010
   512.00000000000000        1.3932736766279331E-010
   513.00000000000000        1.3419845748645602E-010
   514.00000000000000        1.2925720923134356E-010
   515.00000000000000        1.2449680203754212E-010
   516.00000000000000        1.1991066114638653E-010
   517.00000000000000        1.1549244909330401E-010
   518.00000000000000        1.1123605721293824E-010
   519.00000000000000        1.0713559744560265E-010
   520.00000000000000        1.0318539443449931E-010
   521.00000000000000        9.9379977903467102E-011
   522.00000000000000        9.5714075305432478E-011
   523.00000000000000        9.2182604732016432E-011
   524.00000000000000        8.8780668075141953E-011
   525.00000000000000        8.5503544431758998E-011
   526.00000000000000        8.2346683743136306E-011
   527.00000000000000        7.9305700660466090E-011
   528.00000000000000        7.6376368628796422E-011
   529.00000000000000        7.3554614181615602E-011
   530.00000000000000        7.0836511438645898E-011
   531.00000000000000        6.8218276799689328E-011
   532.00000000000000        6.5696263827606738E-011
   533.00000000000000        6.3266958313751409E-011
   534.00000000000000        6.0926973519417229E-011
   535.00000000000000        5.8673045587083009E-011
   536.00000000000000        5.6502029115449081E-011
   537.00000000000000        5.4410892892483485E-011
   538.00000000000000        5.2396715780878381E-011
   539.00000000000000        5.0456682750531818E-011
   540.00000000000000        4.8588081052850483E-011
   541.00000000000000        4.6788296531844111E-011
   542.00000000000000        4.5054810067175499E-011
   543.00000000000000        4.3385194144484209E-011
   544.00000000000000        4.1777109548471516E-011
   545.00000000000000        4.0228302174394355E-011
   546.00000000000000        3.8736599953770170E-011
   547.00000000000000        3.7299909890230137E-011
   548.00000000000000        3.5916215201620889E-011
   549.00000000000000        3.4583572564572694E-011
   550.00000000000000        3.3300109457895511E-011
   551.00000000000000        3.2064021601290426E-011
   552.00000000000000        3.0873570485988241E-011
   553.00000000000000        2.9727080994042082E-011
   554.00000000000000        2.8622939103120262E-011
   555.00000000000000        2.7559589673757926E-011
   556.00000000000000        2.6535534316127450E-011
   557.00000000000000        2.5549329333496507E-011
   558.00000000000000        2.4599583739640711E-011
   559.00000000000000        2.3684957347574709E-011
   560.00000000000000        2.2804158927056456E-011
   561.00000000000000        2.1955944428413204E-011
   562.00000000000000        2.1139115270319216E-011
   563.00000000000000        2.0352516689247316E-011
   564.00000000000000        1.9595036148384353E-011
   565.00000000000000        1.8865601803893238E-011
   566.00000000000000        1.8163181026465676E-011
   567.00000000000000        1.7486778976194586E-011
   568.00000000000000        1.6835437228854202E-011
   569.00000000000000        1.6208232451752635E-011
   570.00000000000000        1.5604275127379290E-011
   571.00000000000000        1.5022708323139059E-011
   572.00000000000000        1.4462706505520291E-011
   573.00000000000000        1.3923474397106498E-011
   574.00000000000000        1.3404245874895416E-011
   575.00000000000000        1.2904282908443436E-011
   576.00000000000000        1.2422874536410042E-011
   577.00000000000000        1.1959335880122882E-011
   578.00000000000000        1.1513007192833293E-011
   579.00000000000000        1.1083252943385109E-011
   580.00000000000000        1.0669460933057232E-011
   581.00000000000000        1.0271041444390622E-011
   582.00000000000000        9.8874264208489645E-012
   583.00000000000000        9.5180686762057035E-012
   584.00000000000000        9.1624411325879993E-012
   585.00000000000000        8.8200360861472449E-012
   586.00000000000000        8.4903644993614472E-012
   587.00000000000000        8.1729553190121139E-012
   588.00000000000000        7.8673548189100879E-012
   589.00000000000000        7.5731259664799348E-012
   590.00000000000000        7.2898478123426422E-012
   591.00000000000000        7.0171149020684117E-012
   592.00000000000000        6.7545367093002034E-012
   593.00000000000000        6.5017370894769835E-012
   594.00000000000000        6.2583537534142704E-012
   595.00000000000000        6.0240377600252668E-012
   596.00000000000000        5.7984530274915980E-012
   597.00000000000000        5.5812758622170706E-012
   598.00000000000000        5.3721945049241312E-012
   599.00000000000000        5.1709086932709571E-012
   600.00000000000000        4.9771292403943326E-012
   601.00000000000000        4.7905776288019945E-012
   602.00000000000000        4.6109856190588813E-012
   603.00000000000000        4.4380948727328394E-012
   604.00000000000000        4.2716565890839915E-012
   605.00000000000000        4.1114311549996039E-012
   606.00000000000000        3.9571878076955831E-012
   607.00000000000000        3.8087043097223111E-012
   608.00000000000000        3.6657666358285302E-012
   609.00000000000000        3.5281686712545051E-012
   610.00000000000000        3.3957119210391831E-012
   611.00000000000000        3.2682052299430423E-012
   612.00000000000000        3.1454645126009289E-012
   613.00000000000000        3.0273124935340873E-012
   614.00000000000000        2.9135784566638099E-012
   615.00000000000000        2.8040980039813033E-012
   616.00000000000000        2.6987128230417294E-012
   617.00000000000000        2.5972704629622011E-012
   618.00000000000000        2.4996241186140023E-012
   619.00000000000000        2.4056324227120793E-012
   620.00000000000000        2.3151592455143631E-012
   621.00000000000000        2.2280735018543909E-012
   622.00000000000000        2.1442489652401728E-012
   623.00000000000000        2.0635640887629966E-012
   624.00000000000000        1.9859018325674506E-012
   625.00000000000000        1.9111494976448040E-012
   626.00000000000000        1.8391985657184176E-012
   627.00000000000000        1.7699445450005499E-012
   628.00000000000000        1.7032868216057268E-012
   629.00000000000000        1.6391285164149397E-012
   630.00000000000000        1.5773763471920050E-012
   631.00000000000000        1.5179404957606614E-012
   632.00000000000000        1.4607344800575611E-012
   633.00000000000000        1.4056750308837103E-012
   634.00000000000000        1.3526819731825525E-012
   635.00000000000000        1.3016781116797544E-012
   636.00000000000000        1.2525891207253151E-012
   637.00000000000000        1.2053434381846373E-012
   638.00000000000000        1.1598721632306406E-012
   639.00000000000000        1.1161089578943149E-012
   640.00000000000000        1.0739899522365559E-012
   641.00000000000000        1.0334536530086860E-012
   642.00000000000000        9.9444085567432757E-013
   643.00000000000000        9.5689455966943902E-013
   644.00000000000000        9.2075988678237007E-013
   645.00000000000000        8.8598400253940845E-013
   646.00000000000000        8.5251604048622200E-013
   647.00000000000000        8.2030702925875964E-013
   648.00000000000000        7.8930982234178401E-013
   649.00000000000000        7.5947903041647120E-013
   650.00000000000000        7.3077095620217526E-013
   651.00000000000000        7.0314353170103274E-013
   652.00000000000000        6.7655625775730953E-013
   653.00000000000000        6.5097014584659507E-013
   654.00000000000000        6.2634766201307558E-013
   655.00000000000000        6.0265267287608927E-013
   656.00000000000000        5.7985039363010104E-013
   657.00000000000000        5.5790733796477945E-013
   658.00000000000000        5.3679126983485232E-013
   659.00000000000000        5.1647115701173770E-013
   660.00000000000000        4.9691712635150288E-013
   661.00000000000000        4.7810042071614510E-013
   662.00000000000000        4.5999335748739178E-013
   663.00000000000000        4.4256928861451591E-013
   664.00000000000000        4.2580256213976646E-013
   665.00000000000000        4.0966848514708202E-013
   666.00000000000000        3.9414328808170558E-013
   667.00000000000000        3.7920409039032948E-013
   668.00000000000000        3.6482886743310239E-013
   669.00000000000000        3.5099641862073952E-013
   670.00000000000000        3.3768633673161500E-013
   671.00000000000000        3.2487897836536058E-013
   672.00000000000000        3.1255543549115505E-013
   673.00000000000000        3.0069750805034027E-013
   674.00000000000000        2.8928767757451448E-013
   675.00000000000000        2.7830908178169102E-013
   676.00000000000000        2.6774549011444035E-013
   677.00000000000000        2.5758128018530029E-013
   678.00000000000000        2.4780141509596971E-013
   679.00000000000000        2.3839142159807289E-013
   680.00000000000000        2.2933736906441421E-013
   681.00000000000000        2.2062584924083416E-013
   682.00000000000000        2.1224395674981018E-013
   683.00000000000000        2.0417927031809738E-013
   684.00000000000000        1.9641983470161925E-013
   685.00000000000000        1.8895414328186261E-013
   686.00000000000000        1.8177112130898756E-013
   687.00000000000000        1.7486010976770598E-013
   688.00000000000000        1.6821084984295593E-013
   689.00000000000000        1.6181346796315540E-013
   690.00000000000000        1.5565846139967309E-013
   691.00000000000000        1.4973668440199775E-013
   692.00000000000000        1.4403933484869361E-013
   693.00000000000000        1.3855794139512804E-013
   694.00000000000000        1.3328435109955366E-013
   695.00000000000000        1.2821071750983816E-013
   696.00000000000000        1.2332948919376055E-013
   697.00000000000000        1.1863339869649254E-013
   698.00000000000000        1.1411545190939132E-013
   699.00000000000000        1.0976891783488628E-013
   700.00000000000000        1.0558731873276841E-013
   701.00000000000000        1.0156442063374862E-013
   702.00000000000000        9.7694224206671127E-014
   703.00000000000000        9.3970955966243008E-014
   704.00000000000000        9.0389059808671707E-014
   705.00000000000000        8.6943188863046142E-014
   706.00000000000000        8.3628197646706954E-014
   707.00000000000000        8.0439134513370962E-014
   708.00000000000000        7.7371234383104071E-014
   709.00000000000000        7.4419911743694008E-014
   710.00000000000000        7.1580753913332446E-014
   711.00000000000000        6.8849514554905300E-014
   712.00000000000000        6.6222107432543125E-014
   713.00000000000000        6.3694600401412916E-014
   714.00000000000000        6.1263209622104601E-014
   715.00000000000000        5.8924293991238519E-014
   716.00000000000000        5.6674349780267186E-014
   717.00000000000000        5.4510005474721951E-014
   718.00000000000000        5.2428016806445108E-014
   719.00000000000000        5.0425261971630328E-014
   720.00000000000000        4.8498737027755385E-014
   721.00000000000000        4.6645551462740690E-014
   722.00000000000000        4.4862923929928497E-014
   723.00000000000000        4.3148178142708773E-014
   724.00000000000000        4.1498738922831878E-014
   725.00000000000000        3.9912128396697903E-014
   726.00000000000000        3.8385962334097956E-014
   727.00000000000000        3.6917946624101057E-014
   728.00000000000000        3.5505873882976836E-014
   729.00000000000000        3.4147620189223079E-014
   730.00000000000000        3.2841141940968622E-014
   731.00000000000000        3.1584472831172330E-014
   732.00000000000000        3.0375720936242078E-014
   733.00000000000000        2.9213065913822114E-014
   734.00000000000000        2.8094756305687348E-014
   735.00000000000000        2.7019106941814365E-014
   736.00000000000000        2.5984496441856084E-014
   737.00000000000000        2.4989364810376585E-014
   738.00000000000000        2.4032211122349069E-014
   739.00000000000000        2.3111591295542270E-014
   740.00000000000000        2.2226115946548438E-014
   741.00000000000000        2.1374448327328611E-014
   742.00000000000000        2.0555302339261919E-014
   743.00000000000000        1.9767440621805028E-014
   744.00000000000000        1.9009672712970522E-014
   745.00000000000000        1.8280853278933832E-014
   746.00000000000000        1.7579880410189229E-014
   747.00000000000000        1.6905693981760920E-014
   748.00000000000000        1.6257274075071241E-014
   749.00000000000000        1.5633639459161122E-014
   750.00000000000000        1.5033846129038546E-014
   751.00000000000000        1.4456985899016065E-014
   752.00000000000000        1.3902185048978056E-014
   753.00000000000000        1.3368603021596142E-014
   754.00000000000000        1.2855431168582190E-014
   755.00000000000000        1.2361891544141527E-014
   756.00000000000000        1.1887235743858899E-014
   757.00000000000000        1.1430743787312468E-014
   758.00000000000000        1.0991723042776162E-014
   759.00000000000000        1.0569507192433159E-014
   760.00000000000000        1.0163455236580800E-014
   761.00000000000000        9.7729505353626822E-015
   762.00000000000000        9.3973998866220353E-015
   763.00000000000000        9.0362326385196331E-015
   764.00000000000000        8.6888998356100960E-015
   765.00000000000000        8.3548733971243434E-015
   766.00000000000000        8.0336453262441070E-015
   767.00000000000000        7.7247269492076588E-015
   768.00000000000000        7.4276481831262118E-015
   769.00000000000000        7.1419568314299157E-015
   770.00000000000000        6.8672179059086975E-015
   771.00000000000000        6.6030129743450516E-015
   772.00000000000000        6.3489395327794389E-015
   773.00000000000000        6.1046104014808327E-015
   774.00000000000000        5.8696531437309844E-015
   775.00000000000000        5.6437095065654255E-015
   776.00000000000000        5.4264348826438539E-015
   777.00000000000000        5.2174977924564818E-015
   778.00000000000000        5.0165793860997905E-015
   779.00000000000000        4.8233729638861217E-015
   780.00000000000000        4.6375835150774702E-015
   781.00000000000000        4.4589272740615235E-015
   782.00000000000000        4.2871312933133370E-015
   783.00000000000000        4.1219330325098562E-015
   784.00000000000000        3.9630799631891474E-015
   785.00000000000000        3.8103291883689211E-015
   786.00000000000000        3.6634470765604344E-015
   787.00000000000000        3.5222089096348192E-015
   788.00000000000000        3.3863985440207122E-015
   789.00000000000000        3.2558080847293839E-015
   790.00000000000000        3.1302375717246923E-015
   791.00000000000000        3.0094946781716747E-015
   792.00000000000000        2.8933944201156240E-015
   793.00000000000000        2.7817588771612086E-015
   794.00000000000000        2.6744169237356823E-015
   795.00000000000000        2.5712039705370369E-015
   796.00000000000000        2.4719617157827900E-015
   797.00000000000000        2.3765379058897591E-015
   798.00000000000000        2.2847861052274015E-015
   799.00000000000000        2.1965654746038657E-015
   800.00000000000000        2.1117405581533857E-015
   801.00000000000000        2.0301810783085690E-015
   802.00000000000000        1.9517617385515706E-015
   803.00000000000000        1.8763620336506018E-015
   804.00000000000000        1.8038660670983686E-015
   805.00000000000000        1.7341623754807775E-015
   806.00000000000000        1.6671437595132517E-015
   807.00000000000000        1.6027071214931669E-015
   808.00000000000000        1.5407533089250457E-015
   809.00000000000000        1.4811869640856827E-015
   810.00000000000000        1.4239163793039929E-015
   811.00000000000000        1.3688533577395377E-015
   812.00000000000000        1.3159130794515965E-015
   813.00000000000000        1.2650139725585054E-015
   814.00000000000000        1.2160775892945999E-015
   815.00000000000000        1.1690284867792504E-015
   816.00000000000000        1.1237941123195484E-015
   817.00000000000000        1.0803046930749709E-015
   818.00000000000000        1.0384931299188156E-015
   819.00000000000000        9.9829489533714949E-016
   820.00000000000000        9.5964793521266024E-016
   821.00000000000000        9.2249257434581151E-016
   822.00000000000000        8.8677142557182885E-016
   823.00000000000000        8.5242930233712247E-016
   824.00000000000000        8.1941313460398627E-016
   825.00000000000000        7.8767188795734033E-016
   826.00000000000000        7.5715648579200708E-016
   827.00000000000000        7.2781973446378433E-016
   828.00000000000000        6.9961625129170984E-016
   829.00000000000000        6.7250239530339753E-016
   830.00000000000000        6.4643620061934298E-016
   831.00000000000000        6.2137731237597533E-016
   832.00000000000000        5.9728692509102553E-016
   833.00000000000000        5.7412772337863519E-016
   834.00000000000000        5.5186382492479746E-016
   835.00000000000000        5.3046072563728484E-016
   836.00000000000000        5.0988524688757627E-016
   837.00000000000000        4.9010548476516667E-016
   838.00000000000000        4.7109076126782923E-016
   839.00000000000000        4.5281157735429923E-016
   840.00000000000000        4.3523956778842917E-016
   841.00000000000000        4.1834745770692857E-016
   842.00000000000000        4.0210902084490870E-016
   843.00000000000000        3.8649903935635635E-016
   844.00000000000000        3.7149326516880263E-016
   845.00000000000000        3.5706838281380808E-016
   846.00000000000000        3.4320197367713457E-016
   847.00000000000000        3.2987248161457899E-016
   848.00000000000000        3.1705917988144887E-016
   849.00000000000000        3.0474213932576409E-016
   850.00000000000000        2.9290219779693946E-016
   851.00000000000000        2.8152093072380637E-016
   852.00000000000000        2.7058062281732333E-016
   853.00000000000000        2.6006424085521116E-016
   854.00000000000000        2.4995540750726192E-016
   855.00000000000000        2.4023837616167261E-016
   856.00000000000000        2.3089800671427578E-016
   857.00000000000000        2.2191974228394548E-016
   858.00000000000000        2.1328958681888355E-016
   859.00000000000000        2.0499408355983690E-016
   860.00000000000000        1.9702029432755375E-016
   861.00000000000000        1.8935577960303001E-016
   862.00000000000000        1.8198857937035342E-016
   863.00000000000000        1.7490719469302962E-016
   864.00000000000000        1.6810056999577489E-016
   865.00000000000000        1.6155807602493296E-016
   866.00000000000000        1.5526949346153472E-016
   867.00000000000000        1.4922499716214613E-016
   868.00000000000000        1.4341514100351665E-016
   869.00000000000000        1.3783084330797519E-016
   870.00000000000000        1.3246337282740003E-016
   871.00000000000000        1.2730433526443456E-016
   872.00000000000000        1.2234566031041699E-016
   873.00000000000000        1.1757958918029841E-016
   874.00000000000000        1.1299866262554616E-016
   875.00000000000000        1.0859570940677185E-016
   876.00000000000000        1.0436383520852013E-016
   877.00000000000000        1.0029641197930742E-016
   878.00000000000000        9.6387067680666993E-017
   879.00000000000000        9.2629676429530059E-017
   880.00000000000000        8.9018349018952762E-017
   881.00000000000000        8.5547423802668188E-017
   882.00000000000000        8.2211457929573484E-017
   883.00000000000000        7.9005218914759873E-017
   884.00000000000000        7.5923676534209710E-017
   885.00000000000000        7.2961995030761907E-017
   886.00000000000000        7.0115525619454971E-017
   887.00000000000000        6.7379799280767443E-017
   888.00000000000000        6.4750519830736455E-017
   889.00000000000000        6.2223557257371744E-017
   890.00000000000000        5.9794941313137312E-017
   891.00000000000000        5.7460855353719777E-017
   892.00000000000000        5.5217630413634004E-017
   893.00000000000000        5.3061739509592509E-017
   894.00000000000000        5.0989792162923505E-017
   895.00000000000000        4.8998529132629575E-017
   896.00000000000000        4.7084817351019496E-017
   897.00000000000000        4.5245645054148131E-017
   898.00000000000000        4.3478117099596206E-017
   899.00000000000000        4.1779450464405070E-017
   900.00000000000000        4.0146969916254625E-017
   901.00000000000000        3.8578103851251479E-017
   902.00000000000000        3.7070380291920718E-017
   903.00000000000000        3.5621423039264153E-017
   904.00000000000000        3.4228947972976022E-017
   905.00000000000000        3.2890759494122399E-017
   906.00000000000000        3.1604747104820327E-017
   907.00000000000000        3.0368882119660710E-017
   908.00000000000000        2.9181214503812398E-017
   909.00000000000000        2.8039869832946963E-017
   910.00000000000000        2.6943046370302881E-017
   911.00000000000000        2.5889012256392692E-017
   912.00000000000000        2.4876102807025268E-017
   913.00000000000000        2.3902717915482406E-017
   914.00000000000000        2.2967319554847621E-017
   915.00000000000000        2.2068429376636800E-017
   916.00000000000000        2.1204626402035039E-017
   917.00000000000000        2.0374544802171558E-017
   918.00000000000000        1.9576871764019160E-017
   919.00000000000000        1.8810345438618278E-017
   920.00000000000000        1.8073752968463020E-017
   921.00000000000000        1.7365928591008023E-017
   922.00000000000000        1.6685751815361296E-017
   923.00000000000000        1.6032145669354645E-017
   924.00000000000000        1.5404075014277157E-017
   925.00000000000000        1.4800544924675597E-017
   926.00000000000000        1.4220599130710590E-017
   927.00000000000000        1.3663318520666148E-017
   928.00000000000000        1.3127819701293398E-017
   929.00000000000000        1.2613253613764442E-017
   930.00000000000000        1.2118804203092581E-017
   931.00000000000000        1.1643687138963837E-017
   932.00000000000000        1.1187148585993584E-017
   933.00000000000000        1.0748464021512294E-017
   934.00000000000000        1.0326937099041033E-017
   935.00000000000000        9.9218985557029179E-018
   936.00000000000000        9.5327051618745436E-018
   937.00000000000000        9.1587387114486229E-018
   938.00000000000000        8.7994050511444535E-018
   939.00000000000000        8.4541331473604200E-018
   940.00000000000000        8.1223741891202065E-018
   941.00000000000000        7.8036007257210876E-018
   942.00000000000000        7.4973058377476555E-018
   943.00000000000000        7.2030023401616694E-018
   944.00000000000000        6.9202220162324151E-018
   945.00000000000000        6.6485148811167673E-018
   946.00000000000000        6.3874484739462815E-018
   947.00000000000000        6.1366071773186788E-018
   948.00000000000000        5.8955915631390879E-018
   949.00000000000000        5.6640177637920414E-018
   950.00000000000000        5.4415168676661234E-018
   951.00000000000000        5.2277343380926883E-018
   952.00000000000000        5.0223294547932458E-018
   953.00000000000000        4.8249747769656929E-018
   954.00000000000000        4.6353556271755623E-018
   955.00000000000000        4.4531695952468914E-018
   956.00000000000000        4.2781260613802286E-018
   957.00000000000000        4.1099457377561827E-018
   958.00000000000000        3.9483602279083435E-018
   959.00000000000000        3.7931116031798471E-018
   960.00000000000000        3.6439519956032402E-018
   961.00000000000000        3.5006432065685439E-018
   962.00000000000000        3.3629563306686846E-018
   963.00000000000000        3.2306713941362337E-018
   964.00000000000000        3.1035770073065648E-018
   965.00000000000000        2.9814700305650273E-018
   966.00000000000000        2.8641552532566181E-018
   967.00000000000000        2.7514450850563970E-018
   968.00000000000000        2.6431592593193714E-018
   969.00000000000000        2.5391245479447639E-018
   970.00000000000000        2.4391744873104449E-018
   971.00000000000000        2.3431491148483670E-018
   972.00000000000000        2.2508947158491644E-018
   973.00000000000000        2.1622635800998418E-018
   974.00000000000000        2.0771137679737683E-018
   975.00000000000000        1.9953088856073201E-018
   976.00000000000000        1.9167178688105741E-018
   977.00000000000000        1.8412147753741698E-018
   978.00000000000000        1.7686785854471104E-018
   979.00000000000000        1.6989930096725663E-018
   980.00000000000000        1.6320463047809499E-018
   981.00000000000000        1.5677310963518078E-018
   982.00000000000000        1.5059442084660198E-018
   983.00000000000000        1.4465864999815589E-018
   984.00000000000000        1.3895627071760797E-018
   985.00000000000000        1.3347812925091709E-018
   986.00000000000000        1.2821542992672438E-018
   987.00000000000000        1.2315972118627954E-018
   988.00000000000000        1.1830288215685960E-018
   989.00000000000000        1.1363710974763934E-018
   990.00000000000000        1.0915490624767330E-018
   991.00000000000000        1.0484906740658358E-018
   992.00000000000000        1.0071267097916135E-018
   993.00000000000000        9.6739065715914807E-019
   994.00000000000000        9.2921860782226605E-019
   995.00000000000000        8.9254915589506883E-019
   996.00000000000000        8.5732330022319851E-019
   997.00000000000000        8.2348435046132041E-019
   998.00000000000000        7.9097783680888806E-019
   999.00000000000000        7.5975142326207670E-019
   1000.0000000000000        7.2975482424540334E-019
