1	0.017168558569778013
2	0.03340315190693597
3	0.048819496646028665
4	0.0635244190981228
5	0.0776161976588491
6	0.09118491226414742
7	0.10431279848041325
8	0.11707460405949079
9	0.1295379460150051
10	0.1417636664859212
11	0.15380618584695174
12	0.16571385170444838
13	0.1775292825815978
14	0.1892897052489528
15	0.20102728479637041
16	0.2127694466710651
17	0.22453919002444744
18	0.23635539181838744
19	0.2482331012401794
20	0.2601838240654008
21	0.2722157966896365
22	0.2843342496242349
23	0.2965416603184017
24	0.30883799523048916
25	0.32122094112580857
26	0.33368612562706784
27	0.3462273270870767
28	0.3588366738920188
29	0.37150483333775436
30	0.3842211902516128
31	0.3969740155582949
32	0.4097506250111414
33	0.4225375283293899
34	0.4353205689984425
35	0.4480850550038208
36	0.46081588078064023
37	0.47349764066930977
38	0.4861147341749496
39	0.498651463332926
40	0.5110921224860849
41	0.5234210807809133
42	0.5356228576901004
43	0.5476821918679603
44	0.55958410364307
45	0.5713139514493378
46	0.5828574824927347
47	0.5942008779461329
48	0.6053307929592401
49	0.6162343917645822
50	0.6268993781539267
51	0.6373140215925545
52	0.6474671792314692
53	0.6573483140699539
54	0.6669475095130567
55	0.6762554805604893
56	0.6852635818552518
57	0.6939638128119908
58	0.7023488200367907
59	0.7104118972417066
60	0.7181469828490497
61	0.725548655472135
62	0.732612127450976
63	0.7393332366133256
64	0.7457084364234203
65	0.75173478467298
66	0.7574099308612278
67	0.7627321024032222
68	0.7677000897983722
69	0.7723132308838276
70	0.7765713942904933
71	0.7804749622125382
72	0.7840248125947911
73	0.7872223008359711
74	0.7900692410995717
75	0.7925678873182804
76	0.7947209139720949
77	0.796531396714768
78	0.7980027929179565
79	0.7991389221973566
80	0.7999439469802405
81	0.800422353169184
82	0.800578930952297
83	0.8004187558060767
84	0.7999471697329007
85	0.7991697627714031
86	0.7980923548142752
87	0.7967209777645902
88	0.7950618580584662
89	0.7931213995787664
90	0.7909061669816402
91	0.788422869454855
92	0.7856783449243884
93	0.7826795447231728
94	0.7794335187336855
95	0.7759474010138461
96	0.7722283959137255
97	0.7682837646886482
98	0.7641208126125447
99	0.7597468765937522
100	0.7551693132939843
101	0.7503954877497603
102	0.745432762494313
103	0.7402884871767974
104	0.734969988674542
105	0.7294845616930704
106	0.7238394598477479
107	0.7180418872200363
108	0.7120989903806433
109	0.7060178508711483
110	0.6998054781351472
111	0.6934688028893434
112	0.6870146709246175
113	0.6804498373267202
114	0.6737809611057894
115	0.6670146002237054
116	0.6601572070079903
117	0.6532151239407922
118	0.6461945798113032
119	0.6391016862198959
120	0.6319424344221483
121	0.6247226925009183
122	0.6174482028545758
123	0.6101245799895659
124	0.6027573086055452
125	0.5953517419612979
126	0.587913100509905
127	0.5804464707915966
128	0.5729568045729858
129	0.5654489182214546
130	0.5579274923036746
131	0.550397071397439
132	0.5428620641061579
133	0.5353267432655847
134	0.5277952463326074
135	0.5202715759460964
136	0.5127596006501041
137	0.5052630557699105
138	0.4977855444316961
139	0.49033053871683885
140	0.4829013809421448
141	0.4755012850574941
142	0.4681333381527629
143	0.46080050206602197
144	0.4535056150853846
145	0.44625139373707157
146	0.4390404346525048
147	0.4318752165076191
148	0.42475810202766245
149	0.4176913400512084
150	0.4106770676471464
151	0.4037173122788764
152	0.3968139940099939
153	0.38996892774615877
154	0.383183825507908
155	0.37646029872958103
156	0.36979986057960357
157	0.3632039282977168
158	0.3566738255448574
159	0.3502107847617276
160	0.3438159495321185
161	0.337490376947502
162	0.3312350399693619
163	0.3250508297860904
164	0.31893855816137917
165	0.31289895977125887
166	0.3069326945270779
167	0.30104034988193873
168	0.29522244311819745
169	0.2894794236138428
170	0.28381167508574545
171	0.27821951780782
172	0.2727032108024174
173	0.2672629540032877
174	0.2618988903886197
175	0.25661110808284227
176	0.25139964242595214
177	0.24626447800917803
178	0.24120555067605876
179	0.23622274948800676
180	0.2313159186535044
181	0.2264848594203486
182	0.22172933193019126
183	0.21704905703498495
184	0.21244371807480836
185	0.20791296261676426
186	0.20345640415465288
187	0.19907362376919033
188	0.19476417174870686
189	0.19052756917012295
190	0.18636330944033785
191	0.18227085979794636
192	0.1782496627754618
193	0.17429913762214014
194	0.17041868168761132
195	0.16660767176663366
196	0.1628654654050923
197	0.15919140216772057
198	0.15558480486782655
199	0.1520449807593669
200	0.14857122269190745
201	0.1451628102288371
202	0.14181901072926203
203	0.13853908039425716
204	0.1353222652777391
205	0.13216780226275515
206	0.12907492000357815
207	0.12604283983425665
208	0.12307077664410442
209	0.12015793972094516
210	0.11730353356246505
211	0.11450675865650646
212	0.1117668122307657
213	0.10908288897264432
214	0.10645418171989594
215	0.10387988212258559
216	0.10135918127714279
217	0.09889127033315437
218	0.09647534107343042
219	0.09411058646808654
220	0.0917962012033109
221	0.08953138218540418
222	0.08731532902070771
223	0.08514724447219114
224	0.08302633489318809
225	0.08095181063903101
226	0.0789228864570821
227	0.07693878185593298
228	0.07499872145425561
229	0.07310193530999123
230	0.07124765923041575
231	0.06943513506375283
232	0.0676636109727893
233	0.06593234169122873
234	0.06424058876323809
235	0.06258762076672525
236	0.060972713520972714
237	0.05939515027913899
238	0.05785422190613938
239	0.05634922704238694
240	0.0548794722540027
241	0.05344427216988431
242	0.052042949606184
243	0.05067483567865396
244	0.049339269903295846
245	0.048035600285826194
246	0.046763183400384295
247	0.04552138445783523
248	0.044309577364259944
249	0.04312714476983035
250	0.04197347810870349
251	0.040847977630134875
252	0.039750052421259376
253	0.03867912042201195
254	0.03763460843232769
255	0.03661595211221123
256	0.035622595974868464
257	0.034653993373252326
258	0.03370960648041855
259	0.03278890626388874
260	0.031891372454415465
261	0.031016493509476852
262	0.030163766571581367
263	0.029332697421894587
264	0.028522800429435082
265	0.027733598495799122
266	0.026964622996121675
267	0.026215413716137025
268	0.025485518785761718
269	0.024774494609421195
270	0.02408190579316656
271	0.023407325069070294
272	0.022750333216884015
273	0.02211051898319246
274	0.021487478998300273
275	0.020880817691080196
276	0.020290147201740355
277	0.01971508729298682
278	0.019155265259430104
279	0.018610315835656793
280	0.018079881102918104
281	0.017563610394674113
282	0.017061160201138268
283	0.016572194072819835
284	0.01609638252348919
285	0.015633402932209453
286	0.015182939445080295
287	0.014744682876403433
288	0.01431833060952439
289	0.013903586497509402
290	0.01350016076359917
291	0.01310776990166536
292	0.012726136576664122
293	0.012354989525246792
294	0.01199406345650592
295	0.011643098953060836
296	0.011301842372385539
297	0.010970045748564992
298	0.010647466694579928
299	0.010333868304976238
300	0.010029019059238446
301	0.009732692725663676
302	0.009444668266010212
303	0.009164729740781993
304	0.008892666215302448
305	0.008628271666595605
306	0.008371344891099456
307	0.008121689413174404
308	0.007879113394668074
309	0.007643429545210683
310	0.007414455033633259
311	0.00719201140023216
312	0.006975924470179724
313	0.006766024267835586
314	0.006562144932110964
315	0.0063641246330176015
316	0.006171805489087253
317	0.005985033486050453
318	0.005803658396554598
319	0.005627533700933793
320	0.0054565165092116666
321	0.0052904674841090776
322	0.005129250765329132
323	0.0049727338947732685
324	0.004820787743033075
325	0.004673286437103759
326	0.004530107289003049
327	0.004391130725775582
328	0.0042562402204087925
329	0.004125322224111038
330	0.0039982660995631315
331	0.003874964055417789
332	0.003755311081789897
333	0.0036392048869834477
334	0.0035265458353736776
335	0.00341723688622001
336	0.0033111835337469022
337	0.0032082937482994763
338	0.003108477918447217
339	0.003011648794413081
340	0.002917721432317641
341	0.002826613139683681
342	0.0027382434217896093
343	0.0026525339293573206
344	0.0025694084068870037
345	0.002488792642393941
346	0.0024106144178286993
347	0.0023348034606809893
348	0.002261291396587943
349	0.0021900117027415377
350	0.002120899662372488
351	0.0020538923202223403
352	0.0019889284388033474
353	0.0019259484557367825
354	0.0018648944418300866
355	0.0018057100603052303
356	0.0017483405264999028
357	0.001692732568914217
358	0.0016388343906768303
359	0.0015865956322878986
360	0.0015359673346525427
361	0.0014869019034732293
362	0.0014393530741080185
363	0.001393275877211756
364	0.0013486266054723653
365	0.0013053627806395285
366	0.001263443121715474
367	0.001222827513562232
368	0.0011834769765093867
369	0.0011453536364491373
370	0.0011084206957802912
371	0.0010726424048413887
372	0.0010379840343055838
373	0.0010044118479450518
374	0.0009718930762042873
375	0.0009403958903903537
376	0.0009098893774370176
377	0.0008803435152248715
378	0.0008517291486980317
379	0.0008240179663681223
380	0.0007971824774387709
381	0.0007711959895400667
382	0.0007460325869862208
383	0.0007216671095389554
384	0.000698075131775931
385	0.0006752329428660142
386	0.0006531175269503147
387	0.0006317065439408964
388	0.0006109783108895109
389	0.0005909117836868479
390	0.0005714865394084566
391	0.0005526827589425168
392	0.0005344812101986617
393	0.0005168632316491127
394	0.0004998107163474855
395	0.0004833060962469454
396	0.00046733232727394155
397	0.00045187287419775593
398	0.0004369116964964431
399	0.00042243323424046177
400	0.0004084223943976651
401	0.0003948645376401903
402	0.00038174546527073043
403	0.0003690514067411781
404	0.0003567690073142431
405	0.0003448853161816155
406	0.0003333877747105307
407	0.00032226420541039
408	0.0003115028005894744
409	0.00030109211187701333
410	0.0002910210397568517
411	0.00028127882340909344
412	0.0002718550308650224
413	0.0002627395494133403
414	0.00025392257627707495
415	0.0002453946094964239
416	0.0002371464392203949
417	0.0002291691389887249
418	0.00022145405749084794
419	0.00021399281039812006
420	0.00020677727253815654
421	0.00019979957017198465
422	0.00019305207347225265
423	0.00018652738951074673
424	0.00018021835497790883
425	0.000174118029420169
426	0.0001682196886313401
427	0.00016251681820960445
428	0.00015700310709800997
429	0.00015167244173347214
430	0.00014651889988666648
431	0.00014153674511666224
432	0.0001367204210229295
433	0.00013206454581517175
434	0.00012756390710671778
435	0.0001232134567442545
436	0.00011900830586101723
437	0.00011494371998259962
438	0.00011101511439183503
439	0.00010721804947160058
440	0.00010354822641428027
441	0.000100001482814825
442	0.00009657378853610922
443	0.00009326124163512281
444	0.00009006006441104207
445	0.00008696659973059485
446	0.00008397730708084505
447	0.00008108875913309602
448	0.00007829763826938693
449	0.00007560073305524358
450	0.00007299493509518657
451	0.00007047723573292229
452	0.00006804472303290783
453	0.00006569457876626641
454	0.00006342407538476986
455	0.00006123057334959073
456	0.00005911151830561011
457	0.00005706443842834882
458	0.00005508694185276666
459	0.00005317671411028735
460	0.00005133151582931322
461	0.00004954918023844315
462	0.00004782761095955573
463	0.00004616477982385956
464	0.000044558724575472216
465	0.00004300754695541296
466	0.00004150941066080207
467	0.00004006253919826812
468	0.00003866521424796178
469	0.000037315773651794535
470	0.000036012609640282775
471	0.00003475416720375365
472	0.00003353894235050822
473	0.00003236548039227588
474	0.000031232374541927246
475	0.000030138264262725833
476	0.000029081833833255896
477	0.000028061810888556688
478	0.000027076965060734325
479	0.00002612610663994898
480	0.000025208085195493218
481	0.00002432178838380787
482	0.000023466140720569344
483	0.000022640102317061016
484	0.000021842667850924698
485	0.000021072865318432157
486	0.00002032975508678098
487	0.000019612428750483008
488	0.000018920008166548087
489	0.000018251644462095386
490	0.00001760651701456881
491	0.00001698383272161509
492	0.000016382824846215477
493	0.00001580275240686777
494	0.00001524289912257896
495	0.000014702572801517685
496	0.000014181104433008518
497	0.000013677847385579352
498	0.000013192176885220252
499	0.00001272348902527445
500	0.000012271200271943736
501	0.000011834746781723584
502	0.000011413583614802307
503	0.000011007184321305631
504	0.000010615040079010337
505	0.000010236659423675268
506	9.871567400158136e-6
507	9.519305112358076e-6
508	9.179429239041573e-6
509	8.851511493268768e-6
510	8.535138135225073e-6
511	8.229909362563251e-6
512	7.935439064518942e-6
513	7.651354234489662e-6
514	7.377294526066893e-6
515	7.112911865697831e-6
516	6.857870033594583e-6
517	6.61184434712464e-6
518	6.374521089021886e-6
519	6.145597329628795e-6
520	5.924780517612736e-6
521	5.711788039348711e-6
522	5.506346995874294e-6
523	5.308193814908879e-6
524	5.117073968632656e-6
525	4.932741684968063e-6
526	4.754959583913216e-6
527	4.5834984897174455e-6
528	4.418137054691561e-6
529	4.258661605652439e-6
530	4.104865755885567e-6
531	3.956550286888087e-6
532	3.8135228415795892e-6
533	3.6755976580288616e-6
534	3.542595437169811e-6
535	3.414343044278223e-6
536	3.2906733447913693e-6
537	3.1714249897351473e-6
538	3.0564422203009295e-6
539	2.945574668502116e-6
540	2.8386771304874123e-6
541	2.735609547296361e-6
542	2.636236630664655e-6
543	2.5404278135176877e-6
544	2.4480571040037216e-6
545	2.3590028418863067e-6
546	2.273147664485714e-6
547	2.1903782334103196e-6
548	2.110585219016964e-6
549	2.0336630451218446e-6
550	1.9595098449057554e-6
551	1.8880273196032322e-6
552	1.819120594709793e-6
553	1.7526981697802694e-6
554	1.6886716503129233e-6
555	1.626955813304037e-6
556	1.5674683347549147e-6
557	1.51012990038949e-6
558	1.4548638808450463e-6
559	1.40159636667498e-6
560	1.3502560572233363e-6
561	1.3007741477066796e-6
562	1.253084238898351e-6
563	1.2071222941249099e-6
564	1.1628265463317058e-6
565	1.1201373057001252e-6
566	1.0789971573463193e-6
567	1.0393505215813405e-6
568	1.0011439230921684e-6
569	9.64325719975773e-7
570	9.288461012714548e-7
571	8.946569851373744e-7
572	8.617120889628277e-7
573	8.299666525570805e-7
574	7.993775805805387e-7
575	7.699032625711596e-7
576	7.415035653299099e-7
577	7.141398248875571e-7
578	6.8777468817584e-7
579	6.623721781268953e-7
580	6.378975586112157e-7
581	6.143173735191569e-7
582	5.915993351474081e-7
583	5.697122868294542e-7
584	5.486261901814825e-7
585	5.283120867573263e-7
586	5.087420591361944e-7
587	4.898891914507073e-7
588	4.7172750402889425e-7
589	4.5423193802222366e-7
590	4.3737839050918496e-7
591	4.211435461900884e-7
592	4.055049622398538e-7
593	3.9044097513416736e-7
594	3.7593075978225796e-7
595	3.619541588236553e-7
596	3.484917920645558e-7
597	3.3552496152488114e-7
598	3.230356069391552e-7
599	3.1100638928242567e-7
600	2.994205174623601e-7
601	2.8826183122321715e-7
602	2.775147813621979e-7
603	2.671643580178084e-7
604	2.5719604417343444e-7
605	2.475959240598984e-7
606	2.3835053301969996e-7
607	2.2944693975773886e-7
608	2.2087259523572809e-7
609	2.1261549256461632e-7
610	2.046640154096578e-7
611	1.9700699383521947e-7
612	1.8963357773223962e-7
613	1.8253344902827494e-7
614	1.7569656434399995e-7
615	1.69113262512308e-7
616	1.6277424165364998e-7
617	1.5667050978019525e-7
618	1.507934926775803e-7
619	1.4513477414045933e-7
620	1.3968638748672006e-7
621	1.3444058164837698e-7
622	1.293898759981375e-7
623	1.2452714189592588e-7
624	1.1984544668707083e-7
625	1.1533808198410603e-7
626	1.109986450830725e-7
627	1.0682096167614644e-7
628	1.0279903460017268e-7
629	9.89270985556485e-8
630	9.519970172191286e-8
631	9.161141497297569e-8
632	8.815715246522906e-8
633	8.483190704384487e-8
634	8.163096482895092e-8
635	7.854969326779551e-8
636	7.558364905038024e-8
637	7.272863304236709e-8
638	6.998042379854662e-8
639	6.733518038233408e-8
640	6.478898796583597e-8
641	6.233823422248615e-8
642	5.997936893403587e-8
643	5.770895849059548e-8
644	5.552371371161993e-8
645	5.342049081713333e-8
646	5.1396265384099293e-8
647	4.944802508884485e-8
648	4.7573013443727884e-8
649	4.576846050891322e-8
650	4.403177272154735e-8
651	4.236042545001945e-8
652	4.0751936396727044e-8
653	3.920402892844537e-8
654	3.771438856549341e-8
655	3.628088061560865e-8
656	3.4901387796402926e-8
657	3.357389221822884e-8
658	3.229647596299078e-8
659	3.106723981834135e-8
660	2.988438542311316e-8
661	2.874621581627437e-8
662	2.76509992864562e-8
663	2.6597160907013244e-8
664	2.5583173747074093e-8
665	2.460750439557009e-8
666	2.3668750153837583e-8
667	2.2765502457687934e-8
668	2.1896429342906883e-8
669	2.1060275830560694e-8
670	2.0255781837668762e-8
671	1.9481792300947724e-8
672	1.8737092484147486e-8
673	1.8020655769027637e-8
674	1.7331396323781556e-8
675	1.6668279316746684e-8
676	1.603032116991349e-8
677	1.541658980645871e-8
678	1.4826177265414245e-8
679	1.425817221196689e-8
680	1.3711770645016043e-8
681	1.3186165584820367e-8
682	1.268051944330287e-8
683	1.2194102542157297e-8
684	1.1726210317630372e-8
685	1.1276135714646066e-8
686	1.0843169240392818e-8
687	1.04267100874051e-8
688	1.0026155351545169e-8
689	9.640844484744892e-9
690	9.270226062270559e-9
691	8.913746814094547e-9
692	8.570879505021654e-9
693	8.241095192271074e-9
694	7.923891130666792e-9
695	7.61881875730751e-9
696	7.325372291889487e-9
697	7.043156070512025e-9
698	6.771745249106165e-9
699	6.51071370064001e-9
700	6.259661988880175e-9
701	6.018217460311069e-9
702	5.786006366908418e-9
703	5.56270984946933e-9
704	5.347952122573396e-9
705	5.141440388612822e-9
706	4.942824972888086e-9
707	4.751811326951349e-9
708	4.568160161333295e-9
709	4.391519308473031e-9
710	4.221704076931982e-9
711	4.058360807382666e-9
712	3.901331555451341e-9
713	3.750289364052041e-9
714	3.605075113406268e-9
715	3.4654730004700323e-9
716	3.3312104588001308e-9
717	3.2020986909286055e-9
718	3.0779765595402168e-9
719	2.9586262278302623e-9
720	2.843857528561954e-9
721	2.7335080207383392e-9
722	2.6274430433978297e-9
723	2.5254149097496803e-9
724	2.427372732814388e-9
725	2.3330962798975542e-9
726	2.242421308257848e-9
727	2.1552960532604806e-9
728	2.0714993000408742e-9
729	1.990922331112981e-9
730	1.913512630221354e-9
731	1.839048134128187e-9
732	1.7674758547699696e-9
733	1.6986579175995467e-9
734	1.6325127054563458e-9
735	1.5689019202734309e-9
736	1.5078000729338533e-9
737	1.4490402429086793e-9
738	1.392540087368177e-9
739	1.3382171108410904e-9
740	1.286045223294805e-9
741	1.2358568260294446e-9
742	1.1876255558236435e-9
743	1.1412683754789684e-9
744	1.096702122504174e-9
745	1.053871811553202e-9
746	1.012665756850724e-9
747	9.731136683005866e-10
748	9.35075362643253e-10
749	8.985237707605398e-10
750	8.633751268761359e-10
751	8.295738902971397e-10
752	7.97121081281725e-10
753	7.659043863611226e-10
754	7.359246948917815e-10
755	7.071261994136421e-10
756	6.793963782362029e-10
757	6.527926041514919e-10
758	6.272022456807047e-10
759	6.026259291493225e-10
760	5.789792480171852e-10
761	5.562627426335413e-10
762	5.344202520299197e-10
763	5.134522420362296e-10
764	4.933024778206436e-10
765	4.739430236873072e-10
766	4.5531757916025716e-10
767	4.3742648228516367e-10
768	4.2024171010566866e-10
769	4.037352140644402e-10
770	3.8785059005162383e-10
771	3.725880773775175e-10
772	3.5794789189079845e-10
773	3.4384524052759017e-10
774	3.30308632402962e-10
775	3.173098991203676e-10
776	3.048208582813606e-10
777	2.928133152719993e-10
778	2.812590650432287e-10
779	2.7018652839796185e-10
780	2.595391550796183e-10
781	2.492887103682849e-10
782	2.394635737463323e-10
783	2.300354854756797e-10
784	2.2094787972144087e-10
785	2.1222910220518943e-10
786	2.0385087955315294e-10
787	1.9578493963823174e-10
788	1.8805959087011297e-10
789	1.8061825994921754e-10
790	1.735175170314443e-10
791	1.6664422979288807e-10
792	1.6005495621680037e-10
793	1.537214075033734e-10
794	1.47643566240456e-10
795	1.418214058465809e-10
796	1.3619838667310886e-10
797	1.308027426072308e-10
798	1.2563443726770202e-10
799	1.2063695538968286e-10
800	1.158667386724612e-10
801	1.1126728048704426e-10
802	1.0686676771167341e-10
803	1.0263693379954129e-10
804	9.854953124639519e-11
805	9.463272893500681e-11
806	9.088647242229802e-11
807	8.728251729776085e-11
808	8.382081871150478e-11
809	8.05013268740886e-11
810	7.729582499860492e-11
811	7.423243081115054e-11
812	7.12829336391424e-11
813	6.84472884414831e-11
814	6.57254462699955e-11
815	6.311735428156192e-11
816	6.059484190246155e-11
817	5.818597957219849e-11
818	5.589070331107654e-11
819	5.365277010540736e-11
820	5.152831974791205e-11
821	4.9461139088589714e-11
822	4.750732590456369e-11
823	4.56106982011948e-11
824	4.377122912191716e-11
825	4.204495161270628e-11
826	4.037573328545854e-11
827	3.8763540639021365e-11
828	3.720833828072154e-11
829	3.5738078869025863e-11
830	3.4296732759843834e-11
831	3.29402278775122e-11
832	3.161257329301046e-11
833	3.03696501425624e-11
834	2.912757210745853e-11
835	2.7998054416345152e-11
836	2.6869328271139568e-11
837	2.5797212689169337e-11
838	2.4753765200436846e-11
839	2.3766843378148615e-11
840	2.2808525652601477e-11
841	2.1906642924052983e-11
842	2.1033295138571965e-11
843	2.0188458323331465e-11
844	1.9372107598514692e-11
845	1.858421718041068e-11
846	1.7852549443191442e-11
847	1.7149261450488982e-11
848	1.6446561672669644e-11
849	1.5799958981713914e-11
850	1.5153911181760205e-11
851	1.456387162393974e-11
852	1.397435067717355e-11
853	1.3413051043377108e-11
854	1.2879938953118174e-11
855	1.2347314230530374e-11
856	1.184283578390012e-11
857	1.1394104184144036e-11
858	1.0945794870457193e-11
859	1.0497914342998946e-11
860	1.005046908987966e-11
861	9.65861916672395e-12
862	9.267156333786097e-12
863	8.903632297997815e-12
864	8.540475459553078e-12
865	8.205205837377234e-12
866	7.87028209877823e-12
867	7.535708992721898e-12
868	7.256425121026928e-12
869	6.97743638448795e-12
870	6.6987466890911554e-12
871	6.420359933571058e-12
872	6.142280008991958e-12
873	5.919279542897363e-12
874	5.669158548642839e-12
875	5.419321645829039e-12
876	5.224438750388654e-12
877	5.0024616880147295e-12
878	4.808042385857073e-12
879	4.613850261602559e-12
880	4.4198879563697504e-12
881	4.253403453152106e-12
882	4.087118097868397e-12
883	3.921034125614132e-12
884	3.755153767088733e-12
885	3.589479248342951e-12
886	3.451167003449783e-12
887	3.313027811031788e-12
888	3.2021803605984024e-12
889	3.0372758938247544e-12
890	2.9267458159260983e-12
891	2.8163578429466227e-12
892	2.706113410452936e-12
893	2.596013951305992e-12
894	2.4860608954834478e-12
895	2.3762556699085023e-12
896	2.2935621106267725e-12
897	2.210979494295253e-12
898	2.1015863110477827e-12
899	2.0192488346018375e-12
900	1.9370255623210044e-12
901	1.854917536129087e-12
902	1.772925795701515e-12
903	1.717872167833146e-12
904	1.6628954662911088e-12
905	1.5812171261170848e-12
906	1.4996589671985518e-12
907	1.4449592277228864e-12
908	1.3903393388538076e-12
909	1.3357999689098979e-12
910	1.2813417849256763e-12
911	1.2269654525598192e-12
912	1.1726716360067831e-12
913	1.1184609979117272e-12
914	1.090920613209026e-12
915	1.0368563073351848e-12
916	1.009419330577299e-12
917	9.555035297596077e-13
918	9.016739674318642e-13
919	9.00881782635779e-13
920	8.471815051863373e-13
921	7.935691935440053e-13
922	7.928598649376697e-13
923	7.393796058365931e-13
924	7.123502814872331e-13
925	6.853650166132643e-13
926	6.584241203967315e-13
927	6.31527901422242e-13
928	6.04676667629516e-13
929	5.778707262677182e-13
930	5.773312180652461e-13
931	5.243959461189059e-13
932	5.239008795378224e-13
933	4.972551685511175e-13
934	4.706561682257656e-13
935	4.702050351681748e-13
936	4.1759950940877605e-13
937	4.171945751860274e-13
938	4.167885109786137e-13
939	3.903783314688787e-13
940	3.640164569313386e-13
941	3.63656594162933e-13
942	3.3736728510442457e-13
943	3.1112706764112363e-13
944	3.1081453374332296e-13
945	3.105011987890879e-13
946	2.843593357751031e-13
947	2.5826753385822316e-13
948	2.5800281901605007e-13
949	2.5773746500696347e-13
950	2.574714631215285e-13
951	2.3150528421579565e-13
952	2.0559031061312286e-13
953	2.0537438160874854e-13
954	2.051579685266633e-13
955	2.0494106405693346e-13
956	2.0472366130350844e-13
957	1.7896329141808418e-13
958	1.7877138480459075e-13
959	1.5308971201785548e-13
960	1.529236559912601e-13
961	1.5275726021857267e-13
962	1.5259051905524457e-13
963	1.5242342717303175e-13
964	1.5225597954802404e-13
965	1.267604263647927e-13
966	1.2661950897439466e-13
967	1.012051704661463e-13
968	1.0109112927513096e-13
969	1.0097689136190289e-13
970	1.0086245238135272e-13
971	1.0074780822100788e-13
972	1.0063295499221702e-13
973	1.005178890216638e-13
974	1.0040260684319884e-13
975	1.0028710518997653e-13
976	1.0017138098688723e-13
977	7.5060652237586e-14
978	7.497279057109302e-14
979	7.488478360299916e-14
980	7.479662849773902e-14
981	4.982731853527624e-14
982	4.976751424335367e-14
983	4.9707637800714544e-14
984	4.964768651351922e-14
985	4.9587657823738136e-14
986	4.952754930399514e-14
987	4.9467358652604084e-14
988	4.940708368879122e-14
989	4.9346722348097915e-14
990	4.928627267795432e-14
991	4.922573283342067e-14
992	4.916510107308707e-14
993	4.910437575512823e-14
994	4.904355533350555e-14
995	4.898263835431188e-14
996	4.892162345225393e-14
997	4.886050934726612e-14
998	4.879929484125171e-14
999	4.873797881494696e-14
1000	2.4353850049096544e-14