1	3879.823107336815
2	7565.263426833719
3	11061.510710813058
4	14373.784316096659
5	17507.319244732415
6	20467.353042493054
7	23259.11377128124
8	25887.808992780774
9	28358.615703698586
10	30676.671165826883
11	32847.06457692322
12	34874.82953106272
13	36764.9372196622
14	38522.29032681808
15	40151.71757493791
16	41657.968878885826
17	43045.711069005825
18	44319.52414544033
19	45483.89802812252
20	46543.22976870015
21	47501.82119244142
22	48363.8769398879
23	49133.502879658336
24	49814.704865367574
25	50411.38781112045
26	50927.35506145996
27	51366.308033008616
28	51731.84610633547
29	52027.46674781179
30	52256.56584239555
31	52422.43821939981
32	52528.27835436575
33	52577.18123117193
34	52572.143349473925
35	52516.06386348317
36	52411.74583896249
37	52261.8976161408
38	52069.134267033594
39	51835.979136397385
40	51564.865456253036
41	51258.1380245791
42	50918.05493941111
43	50546.78938018061
44	50146.431428696495
45	49718.989922707166
46	49266.39433549026
47	48790.4966753964
48	48293.07339972608
49	47775.827337747425
50	47240.38961806561
51	46688.321595935704
52	46121.1167764699
53	45540.202730025405
54	44946.942996381986
55	44342.63897461165
56	43728.53179582859
57	43105.804176268095
58	42475.5822483935
59	41838.9373679605
60	41196.887895186745
61	40550.40094837878
62	39900.39412855737
63	39247.73721380247
64	38593.253822202605
65	37937.72304245215
66	37281.8810312793
67	36626.42257702735
68	35972.00262883207
69	35319.237790956126
70	34668.707781949306
71	34020.95685839969
72	33376.495203136066
73	32735.800277824215
74	32099.318139978008
75	31467.464724477733
76	30840.627089754304
77	30219.164628856543
78	29603.410245673822
79	28993.671496637064
80	28390.231698263404
81	27793.351000953895
82	27203.26742948633
83	26620.197890681284
84	26044.339148745552
85	25475.86876882509
86	24914.946029320403
87	24361.712803538012
88	23816.294411267376
89	23278.800440888
90	22749.325542622766
91	22227.95019356225
92	21714.741435095104
93	21209.753583381767
94	20713.02891351612
95	20224.59831801935
96	19744.48194031285
97	19272.689783815902
98	18809.222297312
99	18354.07093722493
100	17907.218707441567
101	17468.640677313844
102	17038.30447846559
103	16616.17078102444
104	16202.193749890863
105	15796.321481648545
106	15398.496422712356
107	15008.655769299867
108	14626.73184980428
109	14252.652490135259
110	13886.34136258574
111	13527.71831876992
112	13176.699707168385
113	12833.198675805694
114	12497.125460572412
115	12168.387659694761
116	11846.890494841657
117	11532.537059348813
118	11225.228554026835
119	10924.864511009584
120	10631.34300608708
121	10344.560859955975
122	10064.413828808483
123	9790.796784670027
124	9523.603885884648
125	9262.72873813454
126	9008.064546371153
127	8759.504258022336
128	8516.940697830627
129	8280.266694666203
130	8049.375200647747
131	7824.1594028944855
132	7604.512828221997
133	7390.329441084279
134	7181.503735055761
135	6977.930818135884
136	6779.506492150691
137	6586.127326515781
138	6397.690726616599
139	6214.094997052641
140	6035.239399984249
141	5861.0242088111445
142	5691.350757405123
143	5526.1214851098
144	5365.23997771374
145	5208.611004595113
146	5056.140552228134
147	4907.735854235952
148	4763.3054181654725
149	4622.759049155154
150	4486.007870657696
151	4352.964342375715
152	4223.542275559923
153	4097.656845815402
154	3975.224603553604
155	3856.1634822241026
156	3740.392804452919
157	3627.8332862101934
158	3518.4070391237806
159	3412.0375710515927
160	3308.6497850188284
161	3208.1699766241118
162	3110.5258300115825
163	3015.6464125033
164	2923.4621679813167
165	2833.9049091051256
166	2746.9078084459293
167	2662.405388615942
168	2580.3335114666115
169	2500.629366426625
170	2423.231458047361
171	2348.079592819364
172	2275.114865321505
173	2204.2796437603697
174	2135.5175549550113
175	2068.773468819668
176	2003.9934823941894
177	1941.1249034686218
178	1880.1162338473744
179	1820.9171522949118
180	1763.4784972026682
181	1707.7522490158435
182	1653.6915124547309
183	1601.2504985653616
184	1550.3845066305248
185	1501.0499059716046
186	1453.2041176692708
187	1406.8055962294573
188	1361.813811220087
189	1318.1892289010427
190	1275.8932938703824
191	1234.8884107464232
192	1195.1379259054604
193	1156.6061092926575
194	1119.2581363228783
195	1083.0600698874914
196	1047.97884248049
197	1013.9822384583329
198	981.0388764453875
199	949.1181918960302
200	918.190419824689
201	888.2265777128688
202	859.1984486017025
203	831.0785643791014
204	803.8401892672138
205	777.4573035183099
206	751.9045873239482
207	727.1574049431533
208	703.1917890536673
209	679.9844253316105
210	657.5126372616351
211	635.7543711818302
212	614.6881815650471
213	594.293216539408
214	574.549203649711
215	555.4364358603555
216	536.9357578014564
217	519.0285522587185
218	501.69672690669387
219	484.9227012858956
220	468.6893940235164
221	452.9802102968387
222	437.77902953834445
223	423.0701933820949
224	408.83849384931915
225	395.0691617723028
226	381.7478554542398
227	368.86064956392636
228	356.39402426262535
229	344.3348545613074
230	332.67039990567525
231	321.38829398690746
232	310.47653477497255
233	299.92347477262035
234	289.71781148678684
235	279.8485781145067
236	270.3051344408028
237	261.07715794545175
238	252.15463511554267
239	243.52785296059142
240	235.18739072753814
241	227.1241118120054
242	219.3291558629056
243	211.79393107711252
244	204.51010668084248
245	197.46960559474041
246	190.6645972793371
247	184.08749075728383
248	177.73092780979945
249	171.58777634319128
250	165.65112392314367
251	159.91427147275493
252	154.37072713137508
253	149.01420027142518
254	143.83859566914347
255	138.8380078270237
256	134.00671544422525
257	129.33917603192344
258	124.83002067079437
259	120.47404890714574
260	116.26622378502145
261	112.20166701140718
262	108.27565425084401
263	104.48361054740201
264	100.82110587105267
265	97.28385078454015
266	93.86769222959101
267	90.56860942835786
268	87.38270989805717
269	84.30622557610938
270	81.33550905256702
271	78.46702990820167
272	75.69737115495364
273	73.02322577638512
274	70.44139336584766
275	67.94877686010517
276	65.54237936533465
277	63.21930107419765
278	60.97673627068222
279	58.81197042134864
280	56.72237735015154
281	54.705416495003114
282	52.75863024399656
283	50.8796413488134
284	49.06615041422723
285	47.31593346025471
286	45.62683955665842
287	43.99678852667692
288	42.42376871859611
289	40.90583484352473
290	39.44110587714356
291	38.027763024103656
292	36.664047743108554
293	35.34825983125636
294	34.07875556573777
295	32.853945901688284
296	31.672294724174712
297	30.53231715315851
298	29.432577900065876
299	28.371689673966056
300	27.348311636695016
301	26.361147904849922
302	25.408946097943566
303	24.490495930913003
304	23.604627850019025
305	22.75021171083879
306	21.92615549711346
307	21.13140407909004
308	20.364938010814978
309	19.625772364332274
310	18.912955600655042
311	18.225568475667924
312	17.56272298064291
313	16.923561315681656
314	16.307254895453532
315	15.713003386559558
316	15.140033774774214
317	14.5875994622014
318	14.054979392887242
319	13.541477206047869
320	13.046420416501
321	12.569159620921763
322	12.109067729779428
323	11.665539223352317
324	11.237989431895258
325	10.825853839092671
326	10.42858740735609
327	10.04566392540646
328	9.676575376377336
329	9.320831326840501
330	8.977958335238197
331	8.647499379750723
332	8.32901330443615
333	8.02207428363475
334	7.726271303903879
335	7.441207662463455
336	7.166500482388467
337	6.901780243623186
338	6.646690329070183
339	6.400886586106337
340	6.164036901977229
341	5.935820793595285
342	5.715929010445318
343	5.504063151217717
344	5.2999352923329
345	5.10326762955941
346	4.913792130860763
347	4.73125020115761
348	4.555392358285105
349	4.385977919400663
350	4.2227746980879735
351	4.065558711662496
352	3.9141138979807892
353	3.768231842044387
354	3.627711511444554
355	3.4923590011883716
356	3.3619872863193128
357	3.2364159837802764
358	3.1154711214765833
359	2.9989849159573536
360	2.8867955565996684
361	2.7787469981127653
362	2.674688759448407
363	2.5744757295228045
364	2.4779679801251806
365	2.3850305843305835
366	2.295533441846098
367	2.20935110973393
368	2.1263626394106967
369	2.046451418818933
370	1.969505020267799
371	1.8954150531405296
372	1.8240770221623575
373	1.7553901900283853
374	1.6892574450346902
375	1.6255851732342477
376	1.5642831349140967
377	1.5052643452400067
378	1.4484449593595334
379	1.393744161140393
380	1.3410840558359896
381	1.2903895665477794
382	1.2415883342312786
383	1.194610621116455
384	1.1493892176097162
385	1.1058593522529503
386	1.0639586049789242
387	1.0236268232635553
388	0.9848060413400446
389	0.9474404020032895
390	0.9114760814380886
391	0.8768612164046538
392	0.8435458341900507
393	0.8114817848555229
394	0.7806226759439815
395	0.75092380930104
396	0.7223421206575916
397	0.694836120416176
398	0.6683658374525131
399	0.642892764350823
400	0.6183798046490478
401	0.5947912221590486
402	0.5720925917292309
403	0.5502507521180575
404	0.5292337602504181
405	0.5090108472840151
406	0.4895523759525033
407	0.4708298000172609
408	0.4528156242676151
409	0.43548336676189364
410	0.41880752201265903
411	0.402763525517967
412	0.387327719609271
413	0.37247732049187576
414	0.35819038647305373
415	0.3444457872546297
416	0.331223174545165
417	0.31850295337253626
418	0.30626625475403463
419	0.29449490912904364
420	0.283171420903681
421	0.2722789437501241
422	0.2618012567747898
423	0.25172274194835204
424	0.24202836171664044
425	0.23270363784269227
426	0.2237346309601063
427	0.21510792083437896
428	0.20681058707365885
429	0.1988301910984308
430	0.1911547581352332
431	0.18377276043808036
432	0.17667310064455508
433	0.1698450959358294
434	0.16327846285734404
435	0.15696330254357754
436	0.1508900865745965
437	0.14504964323150296
438	0.13943314440048007
439	0.1340320927558811
440	0.12883830970022828
441	0.12384392344100413
442	0.11904135768195863
443	0.11442332065222809
444	0.10998279453954797
445	0.10571302550603708
446	0.1016075136046447
447	0.09766000354599322
448	0.09386447563276575
449	0.09021513683889963
450	0.08670641254971252
451	0.08333293830742132
452	0.08008955207794825
453	0.07697128669959827
454	0.07397336249058842
455	0.07109118043800357
456	0.06832031536268905
457	0.06565650943881625
458	0.0630956659544824
459	0.060633843223207064
460	0.05826724893282683
461	0.05599223439854468
462	0.053805289272615714
463	0.051703036398660265
464	0.04968222665619147
465	0.04773973434409159
466	0.04587255252893418
467	0.044077788381150416
468	0.04235265917583571
469	0.04069448797173316
470	0.03910069964644385
471	0.03756881717593581
472	0.03609645787457663
473	0.03468132974810984
474	0.03332122826105156
475	0.032014032910824344
476	0.03075770410623121
477	0.029550280089491218
478	0.028389874030457448
479	0.027274671205841507
480	0.026202926198793865
481	0.025172960353671635
482	0.024183159249144947
483	0.02323197018982792
484	0.022317899992460085
485	0.021439512597449983
486	0.020595427036892856
487	0.01978431524848672
488	0.019004900116841007
489	0.018255953529387366
490	0.017536294447024762
491	0.01684478730402026
492	0.016180340022021285
493	0.015541902603957878
494	0.014928465321057707
495	0.014339057372337177
496	0.013772745283860258
497	0.01322863144523518
498	0.012705852947459188
499	0.012203579995392039
500	0.011721014828500876
501	0.011257390484907209
502	0.010811969493099077
503	0.010384042943670426
504	0.009972929158433567
505	0.009577972943142568
506	0.00919854431501918
507	0.00883403762820347
508	0.008483870685721682
509	0.008147483817998805
510	0.007824339029726991
511	0.007513919052667956
512	0.0072157267495300895
513	0.006929284220182829
514	0.006654132056326416
515	0.006389828662569134
516	0.006135949563071006
517	0.005892086813944971
518	0.0056578482010111435
519	0.0054328568031385685
520	0.005216750360107623
521	0.0050091806261489845
522	0.004809812927167752
523	0.004618325583192596
524	0.004434409434530665
525	0.004257767371927516
526	0.004088113811831445
527	0.00392517433320437
528	0.003768685160740609
529	0.0036183928481103586
530	0.003474053768820812
531	0.003335433845271244
532	0.003202308124583367
533	0.0030744603970897467
534	0.0029516829343007316
535	0.00283377609389742
536	0.00272054804399783
537	0.002611814451338412
538	0.002507398191463159
539	0.002407129061518427
540	0.0023108434765565333
541	0.0022183843403034416
542	0.0021296006312786346
543	0.002044347259040079
544	0.0019624848456578268
545	0.0018838794334930934
546	0.0018084023657578816
547	0.0017359299795201859
548	0.0016663435086434247
549	0.0015995287997176465
550	0.0015353761994170965
551	0.0014737803679670711
552	0.0014146400943845373
553	0.0013578581879333008
554	0.0013033412033051262
555	0.0012509994281909081
556	0.0012007466116538026
557	0.0011524999907409305
558	0.001106179984843055
559	0.001061710169154228
560	0.0010190171380476945
561	0.000978030369795975
562	0.0009386821109024679
563	0.0009009072980061637
564	0.0008646434440716554
565	0.0008298304530999093
566	0.0007964107266785708
567	0.0007643287989796413
568	0.0007335314991374165
569	0.0007039677153663407
570	0.0006755883593693975
571	0.0006483462592756293
572	0.0006221961788945435
573	0.0005970945866669753
574	0.0005729997300749622
575	0.0005498714779001939
576	0.0005276712884216237
577	0.0005063621778349127
578	0.00048590858296476577
579	0.00046627638412346785
580	0.00044743278687718824
581	0.00042934632796449084
582	0.0004119867759663965
583	0.0003953250855092406
584	0.00037933336934849676
585	0.00036398485329020415
586	0.00034925383156726036
587	0.0003351156226708169
588	0.0003215465083617041
589	0.00030852370783932654
590	0.0002960253865375497
591	0.0002840305274015611
592	0.0002725189749941394
593	0.00026147135932029443
594	0.00025086912285075694
595	0.00024069439400029575
596	0.0002309300488944178
597	0.00022155963675259572
598	0.00021256733997455205
599	0.00020393801897930117
600	0.00019565708815008002
601	0.00018771056120678775
602	0.00018008502891703342
603	0.0001727676036185127
604	0.00016574588109302584
605	0.00015900800269740836
606	0.00015254255063333822
607	0.00014633859360132503
608	0.0001403855830909225
609	0.00013467344883001764
610	0.00012919249553173048
611	0.00012393343226503172
612	0.0001188872867782887
613	0.00011404553329293323
614	0.00010939992516267549
615	0.00010494255741147386
616	0.00010066584726701112
617	0.00009656249873634008
618	0.0000926255645190037
619	0.00008884828148097515
620	0.00008522424590711716
621	0.0000817472655759127
622	0.00007841138983563901
623	0.00007521095519971873
624	0.00007214048695201384
625	0.0000691947133061089
626	0.00006636861104684279
627	0.00006365735562417906
628	0.00006105628769309621
629	0.000058560943060383794
630	0.00005616709789449618
631	0.000053870593942723946
632	0.00005166752566784541
633	0.000049554081689666296
634	0.000047526668449778546
635	0.00004558178380139112
636	0.000043716078159217914
637	0.00004192638387817878
638	0.000040209559279463305
639	0.00003856271920259097
640	0.00003698297149767578
641	0.00003546763154982848
642	0.000034014082675381444
643	0.00003261980598967503
644	0.00003128239464797405
645	0.000029999552715589163
646	0.000028769078922305274
647	0.0000275888053916645
648	0.000026456732834173237
649	0.000025370878607695295
650	0.000024329381496692733
651	0.000023330440665959294
652	0.000022372300186835464
653	0.00002145333783452265
654	0.000020571930157302215
655	0.00001972657097056684
656	0.000018915781528472025
657	0.000018138154480221466
658	0.000017392353125586693
659	0.000016677066724797613
660	0.00001599105413499263
661	0.000015333143070304885
662	0.000014702156654531968
663	0.000014097015120676544
664	0.000013516676836429987
665	0.000012960109057315126
666	0.000012426359903160989
667	0.000011914485629993433
668	0.000011423593596167019
669	0.000010952841711473029
670	0.000010501395115232243
671	0.000010068483047679693
672	9.653313004927164e-6
673	9.255198439837164e-6
674	8.873430464555333e-6
675	8.507334512618616e-6
676	8.156269971998336e-6
677	7.819629819227185e-6
678	7.496826278791706e-6
679	7.187276693767567e-6
680	6.890459135987075e-6
681	6.605856210409762e-6
682	6.332941207368027e-6
683	6.071247270735592e-6
684	5.820325390324409e-6
685	5.57973048565973e-6
686	5.349021395475509e-6
687	5.127815515943752e-6
688	4.915733587069827e-6
689	4.712372497633535e-6
690	4.517386972210143e-6
691	4.33043477529125e-6
692	4.151190192380493e-6
693	3.979330394344773e-6
694	3.814548850041526e-6
695	3.656568533006209e-6
696	3.5050881621891977e-6
697	3.3598624450087836e-6
698	3.2206349669052175e-6
699	3.087151605452756e-6
700	2.9591737392409264e-6
701	2.836478070933836e-6
702	2.718843303393727e-6
703	2.6060763610105164e-6
704	2.4979597257872243e-6
705	2.3943170001987422e-6
706	2.294947333605667e-6
707	2.1996776684577563e-6
708	2.108362397558411e-6
709	2.0208055567363258e-6
710	1.936890267010248e-6
711	1.8564235960193032e-6
712	1.7793040945300246e-6
713	1.7053545201985335e-6
714	1.634475758762015e-6
715	1.5665441369641056e-6
716	1.501411753124633e-6
717	1.4389700236849336e-6
718	1.3791239597723702e-6
719	1.3217542668844336e-6
720	1.2667553053556506e-6
721	1.214034921306004e-6
722	1.163514278307094e-6
723	1.1150654652055494e-6
724	1.06864868421027e-6
725	1.0241501675345342e-6
726	9.81481931642288e-7
727	9.406060727326041e-7
728	9.014113014930044e-7
729	8.638364036730654e-7
730	8.2784515275791e-7
731	7.933285189840925e-7
732	7.602514489568461e-7
733	7.285428262218126e-7
734	6.981563842328896e-7
735	6.690221676838737e-7
736	6.411189791916602e-7
737	6.143658345545469e-7
738	5.887184184247701e-7
739	5.641328263505996e-7
740	5.405893474254911e-7
741	5.18009122312972e-7
742	4.963732228367935e-7
743	4.756392778770351e-7
744	4.557653202231506e-7
745	4.3672151733680704e-7
746	4.184549095291582e-7
747	4.0097140729954493e-7
748	3.842069899920224e-7
749	3.6814470916812746e-7
750	3.527446117113189e-7
751	3.379786813699392e-7
752	3.238421904604165e-7
753	3.1028450895782575e-7
754	2.973013152005114e-7
755	2.848654679616587e-7
756	2.7292731932883297e-7
757	2.6150585806626733e-7
758	2.5055189823218574e-7
759	2.400619310763243e-7
760	2.299986770875712e-7
761	2.2035892898487215e-7
762	2.1111709243653139e-7
763	2.0227016614096395e-7
764	1.937928847120113e-7
765	1.8567134495915337e-7
766	1.7788070046509033e-7
767	1.7041844838854002e-7
768	1.632710800742817e-7
769	1.5642521740527717e-7
770	1.4985665946948265e-7
771	1.4356330146975649e-7
772	1.3754304553530125e-7
773	1.3176121619508797e-7
774	1.2622683360682156e-7
775	1.2092720101121757e-7
776	1.1584974886606793e-7
777	1.109820343206806e-7
778	1.063117406890339e-7
779	1.0184803763572596e-7
780	9.756802884014641e-8
781	9.34596834099276e-8
782	8.95322758347544e-8
783	8.577384437619018e-8
784	8.216202037331078e-8
785	7.870618094661624e-8
786	7.539464541429879e-8
787	7.221585576937863e-8
788	6.917920067447022e-8
789	6.626280601262721e-8
790	6.34864503766808e-8
791	6.080773704561706e-8
792	5.8246509978835315e-8
793	5.5791585641652204e-8
794	5.344213669061146e-8
795	5.1197338691480356e-8
796	4.9036014816115015e-8
797	4.6967669519898074e-8
798	4.499157387111469e-8
799	4.308682038688247e-8
800	4.127298214658634e-8
801	3.952927210009857e-8
802	3.786514822173197e-8
803	3.62700049589899e-8
804	3.47333538346379e-8
805	3.326465868042456e-8
806	3.186338129933825e-8
807	3.051912468643139e-8
808	2.923144000142388e-8
809	2.7999880036863176e-8
810	2.681422372687122e-8
811	2.5683859256270283e-8
812	2.4598625241877154e-8
813	2.3558165471694213e-8
814	2.256212504356715e-8
815	2.1610150366180742e-8
816	2.0692282732354283e-8
817	1.9817833573301425e-8
818	1.8986453070752236e-8
819	1.8178747446810716e-8
820	1.7413526067393476e-8
821	1.667150862631518e-8
822	1.5971395180355355e-8
823	1.5294018457314577e-8
824	1.4639201475496995e-8
825	1.4025480991883645e-8
826	1.343385829849088e-8
827	1.286415871751093e-8
828	1.2316208229714891e-8
829	1.1799080384994804e-8
830	1.1294081391626606e-8
831	1.0819505868369838e-8
832	1.0356770422317206e-8
833	9.924062131875319e-9
834	9.493796452454979e-9
835	9.10230257963352e-9
836	8.7130212619962e-9
837	8.344006474121117e-9
838	7.9860871670634e-9
839	7.64815342581266e-9
840	7.3210888514333345e-9
841	7.013730970569796e-9
842	6.717017814367746e-9
843	6.430864431982798e-9
844	6.155186203060353e-9
845	5.88989883775766e-9
846	5.643709182396441e-9
847	5.407690133303449e-9
848	5.173020365701368e-9
849	4.957119684061739e-9
850	4.742455347957172e-9
851	4.546342923792313e-9
852	4.351355011038773e-9
853	4.166095760259698e-9
854	3.990483855389774e-9
855	3.815882539067543e-9
856	3.650818607840024e-9
857	3.5037157166160785e-9
858	3.35745968345241e-9
859	3.2120478701762715e-9
860	3.067477639548056e-9
861	2.940549456579652e-9
862	2.8143555376724955e-9
863	2.697244158785239e-9
864	2.5808116285148927e-9
865	2.4733556387634695e-9
866	2.366523632821697e-9
867	2.260313636687074e-9
868	2.1711719103408816e-9
869	2.0825477318158e-9
870	1.994439457399518e-9
871	1.9068454442274867e-9
872	1.8197640503114192e-9
873	1.7493916662023322e-9
874	1.6713550343049774e-9
875	1.5937766056322395e-9
876	1.5327041233153885e-9
877	1.4639882055725008e-9
878	1.4036521756408204e-9
879	1.3436702780362912e-9
880	1.2840413671021073e-9
881	1.2326659829236547e-9
882	1.181592452350991e-9
883	1.1308197946379514e-9
884	1.0803470297225947e-9
885	1.0301731782426863e-9
886	9.880773780841141e-10
887	9.462302320752493e-10
888	9.123627929861209e-10
889	8.632786428352119e-10
890	8.298564064879228e-10
891	7.966316969123454e-10
892	7.636038632830829e-10
893	7.307722553033056e-10
894	6.981362232144019e-10
895	6.656951178055382e-10
896	6.409893206127462e-10
897	6.164299281001595e-10
898	5.845225951658707e-10
899	5.602780582667942e-10
900	5.361784142469214e-10
901	5.122231779542475e-10
902	4.884118646876146e-10
903	4.721208576731888e-10
904	4.5592633011541236e-10
905	4.3249751355950767e-10
906	4.092107925603155e-10
907	3.9334992122574404e-10
908	3.7758413212891407e-10
909	3.6191310347833123e-10
910	3.4633651381034564e-10
911	3.30854041993363e-10
912	3.1546536723201327e-10
913	3.0017016907128337e-10
914	2.920923086796751e-10
915	2.769604508636501e-10
916	2.6900009170797777e-10
917	2.540305081288679e-10
918	2.3915290974592593e-10
919	2.383898691247437e-10
920	2.236505085995832e-10
921	2.0900228444739964e-10
922	2.083337532645478e-10
923	1.9382238810981618e-10
924	1.8630134090925987e-10
925	1.7882601577398799e-10
926	1.7139625400569865e-10
927	1.640118970977813e-10
928	1.5667278673714017e-10
929	1.493787648059988e-10
930	1.4889773059016997e-10
931	1.3492535474842447e-10
932	1.3449013635244537e-10
933	1.2735318293801562e-10
934	1.2026058236895731e-10
935	1.1987169466633992e-10
936	1.0620781212696705e-10
937	1.0586379376503854e-10
938	1.055206047315443e-10
939	9.860462470158313e-11
940	9.173216226809316e-11
941	9.14340426524935e-11
942	8.462690640944124e-11
943	7.786287252721898e-11
944	7.76091959223015e-11
945	7.735613668770008e-11
946	7.067840745137831e-11
947	6.404326368314427e-11
948	6.383391939253508e-11
949	6.362508731304069e-11
950	6.341676685544413e-11
951	5.6888082604952216e-11
952	5.040136699638404e-11
953	5.023593414330346e-11
954	5.007090874122726e-11
955	4.9906290307036243e-11
956	4.9742078355807855e-11
957	4.338100906696452e-11
958	4.323803288650189e-11
959	3.6938945728777555e-11
960	3.6817001089792364e-11
961	3.6695359529914605e-11
962	3.6574020675332996e-11
963	3.6452984150998284e-11
964	3.633224958062637e-11
965	3.017653406463033e-11
966	3.007642346263784e-11
967	2.3981273330864935e-11
968	2.39015848744265e-11
969	2.3822096508407254e-11
970	2.374280797501112e-11
971	2.3663719015717986e-11
972	2.358482937128444e-11
973	2.3506138781744972e-11
974	2.342764698641334e-11
975	2.3349353723884324e-11
976	2.3271258732035578e-11
977	1.7395040349054837e-11
978	1.7336765192341444e-11
979	1.727863817332684e-11
980	1.7220659092235607e-11
981	1.1441906888799175e-11
982	1.140345018794585e-11
983	1.1365091742479431e-11
984	1.1326831416717615e-11
985	1.1288669074700946e-11
986	1.1250604580192149e-11
987	1.1212637796675666e-11
988	1.1174768587357221e-11
989	1.11369968151638e-11
990	1.1099322342743439e-11
991	1.1061745032465486e-11
992	1.1024264746420721e-11
993	1.0986881346421819e-11
994	1.0949594694003808e-11
995	1.0912404650424665e-11
996	1.0875311076666099e-11
997	1.0838313833434318e-11
998	1.0801412781160988e-11
999	1.0764607780004343e-11
1000	5.3639648783918946e-12