1	-0.001248465448025948
2	-0.0023662457307418077
3	-0.0032736182824382315
4	-0.0038994223543696725
5	-0.0041806534423293904
6	-0.0040620572058655425
7	-0.0034957248556733976
8	-0.0024406917655727333
9	-0.0008625408619665366
10	0.001266987844220645
11	0.003970380391359963
12	0.0072647236343986975
13	0.011162070759879262
14	0.015669796797451185
15	0.020790943499790996
16	0.026524553075420843
17	0.03286599036159909
18	0.03980725311790425
19	0.04733727020596481
20	0.05544218749759308
21	0.06410564142291157
22	0.07330902013244057
23	0.08303171230304579
24	0.09325134366757191
25	0.10394400139238329
26	0.11508444646626906
27	0.12664631429867423
28	0.13860230375532567
29	0.15092435488539743
30	0.1635838156167116
31	0.17655159771440465
32	0.18979832231429764
33	0.2032944553551363
34	0.21701043324418798
35	0.23091677909860178
36	0.24498420991069794
37	0.25918373498913183
38	0.2734867460298835
39	0.2878650991714194
40	0.302291189387324
41	0.3167380175673647
42	0.33117925063446496
43	0.3455892750405411
44	0.35994324397876953
45	0.37421711864363166
46	0.388387703863219
47	0.4024326784208044
48	0.41633062037470403
49	0.43006102767707355
50	0.4436043343835252
51	0.45694192273642964
52	0.47005613139553837
53	0.482930260080123
54	0.49554857087734905
55	0.5078962864619859
56	0.5199595854629722
57	0.5317255952027375
58	0.5431823820256756
59	0.5543189394226549
60	0.5651251741491315
61	0.5755918905251872
62	0.585710773096722
63	0.5954743678281643
64	0.6048760619882869
65	0.6139100628822558
66	0.622571375574665
67	0.6308557797402797
68	0.6387598057713133
69	0.6462807102624457
70	0.6534164509874391
71	0.6601656614740117
72	0.666527625276799
73	0.6725022500415552
74	0.6780900414473575
75	0.6832920771074412
76	0.6881099805033967
77	0.6925458950217872
78	0.6966024581568572
79	0.7002827759378263
80	0.7035903976343046
81	0.7065292907886932
82	0.709103816619921
83	0.7113187058386442
84	0.7131790349099522
85	0.7146902027958231
86	0.715857908205936
87	0.716688127382005
88	0.7171870924375804
89	0.7173612702721958
90	0.7172173420759058
91	0.7167621834374935
92	0.7160028450671965
93	0.7149465341423389
94	0.7136005962821305
95	0.7119724981557621
96	0.7100698107260728
97	0.7079001931292389
98	0.705471377189323
99	0.7027911525649687
100	0.6998673525241554
101	0.6967078403416241
102	0.6933204963124091
103	0.6897132053738443
104	0.6858938453274382
105	0.6818702756511205
106	0.677650326891593
107	0.673241790625784
108	0.6686524099797945
109	0.6638898706931575
110	0.6589617927157946
111	0.6538757223245488
112	0.648639124745898
113	0.6432593772711614
114	0.6377437628501851
115	0.63209946414941
116	0.6263335580600149
117	0.6204530106417754
118	0.6144646724881755
119	0.6083752744983527
120	0.6021914240414316
121	0.5959196014988921
122	0.5895661571706527
123	0.5831373085307044
124	0.5766391378182918
125	0.5700775899506808
126	0.5634584707439072
127	0.5567874454279379
128	0.550070037443019
129	0.5433116275041396
130	0.5365174529208216
131	0.5296926071597156
132	0.522842039637723
133	0.5159705557336602
134	0.5090828170067926
135	0.5021833416108069
136	0.49527650489214786
137	0.48836654016189845
138	0.48145753963073745
139	0.4745534554967745
140	0.467658101176428
141	0.46077515266873575
142	0.45390815004392526
143	0.44706049904724365
144	0.4402354728094791
145	0.4334362136558428
146	0.4266657350051604
147	0.41992692335175225
148	0.41322254032249195
149	0.4065552248020364
150	0.39992749511928566
151	0.39334175128864013
152	0.3868002772997096
153	0.3803052434495687
154	0.3738587087117526
155	0.3674626231366299
156	0.3611188302778875
157	0.3548290696402361
158	0.3485949791435909
159	0.3424180975993387
160	0.3362998671943515
161	0.3302416359788823
162	0.324244660354459
163	0.3183101075582617
164	0.3124390581406024
165	0.3066325084323618
166	0.3008913729993956
167	0.29521648708117126
168	0.2896086090109946
169	0.28406842261541826
170	0.2785965395906084
171	0.2731935018535154
172	0.26785978386598425
173	0.26259579492997115
174	0.2574018814522178
175	0.2522783291769201
176	0.24722536538502207
177	0.24224316105882124
178	0.23733183301084768
179	0.23249144597598437
180	0.22772201466588254
181	0.2230235057849974
182	0.2183958400074167
183	0.21383889391401814
184	0.20935250188936724
185	0.20493645797799281
186	0.20059051769969008
187	0.19631439982357943
188	0.1921077881008146
189	0.18797033295570736
190	0.18390165313537324
191	0.17990133731779223
192	0.175968945678442
193	0.17210401141558487
194	0.1683060422344037
195	0.16457452179029422
196	0.16090891109143202
197	0.15730864986109208
198	0.15377315786000462
199	0.1503018361690954
200	0.1468940684331567
201	0.14354922206582518
202	0.14026664941630673
203	0.1370456888985375
204	0.13388566608306288
205	0.13078589475244526
206	0.12774567792060962
207	0.12476430881679745
208	0.12184107183463418
209	0.11897524344714831
210	0.11616609308812005
211	0.11341288400061635
212	0.11071487405320114
213	0.10807131652459726
214	0.10548146085746805
215	0.1029445533818635
216	0.10045983800914028
217	0.0980265568970303
218	0.09564395108641868
219	0.09331126111060473
220	0.09102772757774288
221	0.08879259172708034
222	0.08660509595963789
223	0.08446448434413242
224	0.08237000309866066
225	0.08032090104892396
226	0.07831643006352051
227	0.07635584546710637
228	0.07443840643193753
229	0.07256337634850736
230	0.07073002317584803
231	0.06893761977219366
232	0.06718544420648918
233	0.06547278005150771
234	0.06379891665905918
235	0.06216314941785472
236	0.06056477999467902
237	0.059003116559408327
238	0.05747747399441209
239	0.05598717408884409
240	0.0545315457184577
241	0.0531099250113591
242	0.05172165550027347
243	0.05036608826180636
244	0.04904258204316056
245	0.047750503376842744
246	0.046489226683809816
247	0.04525813436542907
248	0.04405661688486631
249	0.04288407283812097
250	0.04173990901536304
251	0.04062354045279254
252	0.03953439047548955
253	0.03847189073174713
254	0.03743548121904487
255	0.0364246103022727
256	0.03543873472441541
257	0.03447731961006781
258	0.03353983846219362
259	0.03262577315234256
260	0.031734613904736676
261	0.0308658592745698
262	0.030019016120616176
263	0.02919359957267578
264	0.02838913299411824
265	0.02760514793949943
266	0.02684118410797278
267	0.026096789292372174
268	0.02537151932440257
269	0.024664938016172932
270	0.023976617098130516
271	0.023306136153897792
272	0.022653082552007146
273	0.022017051374779086
274	0.021397645344592063
275	0.020794474747783714
276	0.020207157356151393
277	0.01963531834653939
278	0.01907859021837098
279	0.01853661270955669
280	0.01800903271074
281	0.01749550417812857
282	0.01699568804506456
283	0.016509252132340346
284	0.016035871057693326
285	0.01557522614413098
286	0.015127005327740578
287	0.014690903064700406
288	0.01426662023775462
289	0.013853864062318004
290	0.013452347992159193
291	0.013061791624895245
292	0.012681920607298216
293	0.012312466540580621
294	0.01195316688564369
295	0.011603764868499107
296	0.011264009385772307
297	0.010933654910479455
298	0.010612461398183495
299	0.01030019419339048
300	0.009996623936511004
301	0.009701526471187856
302	0.009414682752268939
303	0.009135878754291242
304	0.008864905380633845
305	0.008601558373362147
306	0.00834563822379251
307	0.00809695008374396
308	0.007855303677742601
309	0.007620513215855991
310	0.007392397307554141
311	0.0071707788763234566
312	0.0069554850753374255
313	0.006746347203941337
314	0.006543200625106754
315	0.0063458846839906935
316	0.006154242627287706
317	0.005968121523767218
318	0.005787372185778369
319	0.005611849091737584
320	0.00544141030978283
321	0.0052759174223686285
322	0.005115235452077042
323	0.004959232788300082
324	0.004807781115141042
325	0.004660755340482697
326	0.004518033525907655
327	0.004379496817953759
328	0.004245029380231626
329	0.004114518326857736
330	0.0039878536568153
331	0.0038649281895196575
332	0.0037456375013323225
333	0.0036298798632715366
334	0.0035175561798393025
335	0.003408569928741573
336	0.0033028271018407606
337	0.0032002361471484587
338	0.0031007079117328163
339	0.0030041555859198327
340	0.0029104946482785793
341	0.0028196428118377036
342	0.0027315199711220877
343	0.002646048150497171
344	0.0025631514531334076
345	0.002482756011348163
346	0.0024047899376062865
347	0.002329183276681406
348	0.0022558679587993415
349	0.0021847777535589103
350	0.002115848224908772
351	0.0020490166870927337
352	0.0019842221613635526
353	0.0019214053337571644
354	0.0018605085135878874
355	0.0018014755930784014
356	0.001744252007445686
357	0.0016887846963176722
358	0.0016350220655536839
359	0.0015829139503280335
360	0.0015324115784895198
361	0.001483467535267451
362	0.0014360357284303033
363	0.0013900713542151285
364	0.001345530864340838
365	0.0013023719333019172
366	0.0012605534268140825
367	0.001220035370665577
368	0.001180778920559423
369	0.0011427463324331208
370	0.0011059009336183425
371	0.0010702070944806912
372	0.0010356302010131914
373	0.0010021366277908087
374	0.0009696937117263232
375	0.0009382697264356709
376	0.0009078338571699661
377	0.0008783561762965756
378	0.0008498076195704535
379	0.0008221599627861847
380	0.0007953857990445482
381	0.0007694585166232932
382	0.0007443522773655079
383	0.0007200419955683312
384	0.0006965033174716673
385	0.000673712601148687
386	0.0006516468969975067
387	0.0006302839286459186
388	0.0006096020744219068
389	0.0005895803491503529
390	0.0005701983865926303
391	0.0005514364221640264
392	0.0005332752762287016
393	0.0005156963377233234
394	0.0004986815482550625
395	0.0004822133864955758
396	0.0004662748533278349
397	0.00045084945678516635
398	0.0004359211979844647
399	0.00042147455707398733
400	0.000407494479599944
401	0.0003939663633726075
402	0.0003808760454491713
403	0.0003682097897069065
404	0.0003559542745568932
405	0.00034409658111229187
406	0.0003326241814828118
407	0.0003215249277876388
408	0.0003107870408560485
409	0.0003003990997920752
410	0.00029035003154881395
411	0.00028062910080907594
412	0.0002712259001777689
413	0.00026213034062406586
414	0.00025333264219279687
415	0.0002448233249203475
416	0.00023659320015813307
417	0.0002286333618848896
418	0.0002209351784949582
419	0.0002134902846585378
420	0.00020629057352300164
421	0.0001993281890158708
422	0.0001925955183478058
423	0.00018608518502409005
424	0.0001797900415868782
425	0.00017370316287454134
426	0.0001678178394341694
427	0.00016212757109881147
428	0.00015662606054732227
429	0.0001513072074721603
430	0.00014616510243709596
431	0.0001411940213491651
432	0.00013638841972714368
433	0.00013174292728727337
434	0.00012725234275194443
435	0.000122911628694072
436	0.00011871590660438358
437	0.00011466045201074287
438	0.00011074068985605687
439	0.0001069521898535479
440	0.00010329066220826832
441	0.00009975195322167245
442	0.00009633204116808028
443	0.00009302703223153138
444	0.00008983315656410769
445	0.00008674676462118345
446	0.00008376432322364501
447	0.00008088241213094126
448	0.00007809772057634507
449	0.00007540704374811897
450	0.00007280727965315043
451	0.0000702954258249338
452	0.00006786857631264726
453	0.00006552391867428628
454	0.00006325873095759457
455	0.0000610703790355059
456	0.00005895631378688541
457	0.000056914068449655684
458	0.000054941256055558
459	0.00005303556687292378
460	0.00005119476611270373
461	0.00004941669143702144
462	0.000047699250757374065
463	0.00004604042005561059
464	0.00004443824109229168
465	0.00004289081949523278
466	0.00004139632272311368
467	0.00003995297792318341
468	0.00003855907029930669
469	0.0000372129411041913
470	0.00003591298587003746
471	0.00003465765278337827
472	0.00003344544094679543
473	0.00003227489866781684
474	0.00003114462205985213
475	0.00003005325339465822
476	0.00002899947967030636
477	0.000027982031155274572
478	0.000026999680031889053
479	0.00002605123906004837
480	0.00002513556020098547
481	0.000024251533427801322
482	0.000023398085500015378
483	0.000022574178702358874
484	0.000021778809817752045
485	0.000021011008881870373
486	0.000020269838237498993
487	0.0000195543913930468
488	0.00001886379205969384
489	0.000018197193160935118
490	0.000017553775814707547
491	0.000016932748604924953
492	0.000016333346428540373
493	0.000015754829887213368
494	0.000015196484234092773
495	0.000014657618763875934
496	0.0000141375659064141
497	0.000013635680426263096
498	0.000013151338902166892
499	0.000012683938738560891
500	0.000012232897672225264
501	0.000011797653091005567
502	0.000011377661248582958
503	0.000010972396851705958
504	0.000010581352199315203
505	0.000010204036913668436
506	9.83997709282551e-6
507	9.4887148615373e-6
508	9.149807888029729e-6
509	8.822828844434048e-6
510	8.507364920550773e-6
511	8.20301721525808e-6
512	7.909400491255913e-6
513	7.62614258865914e-6
514	7.352883981871156e-6
515	7.0892773930069335e-6
516	6.834987373592603e-6
517	6.589689988604272e-6
518	6.353072245655164e-6
519	6.124831917691714e-6
520	5.90467713445582e-6
521	5.692325942659622e-6
522	5.487506083427105e-6
523	5.289954605022018e-6
524	5.099417581183257e-6
525	4.9156498229649e-6
526	4.738414515737711e-6
527	4.5674830317668035e-6
528	4.4026345547049396e-6
529	4.243655926376651e-6
530	4.090341259442584e-6
531	3.9424918194181175e-6
532	3.7999157184542234e-6
533	3.6624276495738586e-6
534	3.5298487546725934e-6
535	3.402006326554347e-6
536	3.278733645085142e-6
537	3.1598697630372696e-6
538	3.04525931105014e-6
539	2.9347522986778146e-6
540	2.8282038881450286e-6
541	2.7254743751648905e-6
542	2.6264288154549346e-6
543	2.5309369753494644e-6
544	2.43887318612267e-6
545	2.3501161008605665e-6
546	2.264548660480406e-6
547	2.182057821003577e-6
548	2.1025345380545484e-6
549	2.0258735120848088e-6
550	1.9519731443717192e-6
551	1.8807353959938507e-6
552	1.8120656443328347e-6
553	1.7458726329704443e-6
554	1.682068204134127e-6
555	1.62056736410696e-6
556	1.56128801131297e-6
557	1.5041510467829157e-6
558	1.4490800500460573e-6
559	1.396001314047699e-6
560	1.344843734257648e-6
561	1.295538695994095e-6
562	1.2480199843015037e-6
563	1.20222374103055e-6
564	1.1580883721023535e-6
565	1.1155543555676314e-6
566	1.0745644388136148e-6
567	1.0350631998646735e-6
568	9.969973158949895e-7
569	9.603152929029406e-7
570	9.249674632338574e-7
571	8.909058839933549e-7
572	8.58084406959852e-7
573	8.264584024592159e-7
574	7.959849014130335e-7
575	7.666224158093975e-7
576	7.383309310910316e-7
577	7.110718981207429e-7
578	6.848080752551831e-7
579	6.59503593250567e-7
580	6.351238205460351e-7
581	6.11635402218403e-7
582	5.890061486553315e-7
583	5.672049982727088e-7
584	5.462020047776118e-7
585	5.259682989114115e-7
586	5.064760496283959e-7
587	4.87698424717674e-7
588	4.6960952561717854e-7
589	4.521843720701334e-7
590	4.353989371038211e-7
591	4.1922997920708924e-7
592	4.036551269135908e-7
593	3.8865278589068703e-7
594	3.742021978728058e-7
595	3.6028327046549103e-7
596	3.46876686228413e-7
597	3.339638079990566e-7
598	3.2152663451986087e-7
599	3.095478836817041e-7
600	2.9801081975263463e-7
601	2.868993360032511e-7
602	2.7619793496839056e-7
603	2.6589165695377305e-7
604	2.55966033681822e-7
605	2.464071963195007e-7
606	2.3720172582696548e-7
607	2.2833673491875025e-7
608	2.197997174577027e-7
609	2.1157870778954325e-7
610	2.0366212965194705e-7
611	1.9603885181492377e-7
612	1.8869806193961428e-7
613	1.8162947802951042e-7
614	1.7482309198019374e-7
615	1.6826927671004462e-7
616	1.619587633044383e-7
617	1.5588259178777258e-7
618	1.5003221859927568e-7
619	1.443992577699513e-7
620	1.3897577135579826e-7
621	1.3375403637948206e-7
622	1.2872659944822187e-7
623	1.2388635798062142e-7
624	1.1922640478316798e-7
625	1.1474005622120738e-7
626	1.1042093331282801e-7
627	1.0626288472661826e-7
628	1.0225993572357332e-7
629	9.840634265661732e-8
630	9.469667425013148e-8
631	9.112552196068497e-8
632	8.76878192852523e-8
633	8.437857821557525e-8
634	8.119310295348853e-8
635	7.812677881284926e-8
636	7.517517969317832e-8
637	7.23341227741662e-8
638	6.959940312768085e-8
639	6.696719485619804e-8
640	6.44335985829086e-8
641	6.199501626104992e-8
642	5.964791178503378e-8
643	5.738886525855484e-8
644	5.521460069066678e-8
645	5.3121986954610446e-8
646	5.110801184982347e-8
647	4.916967531224704e-8
648	4.730423207587894e-8
649	4.550892356357735e-8
650	4.378116687339476e-8
651	4.211844780379379e-8
652	4.051829437615874e-8
653	3.8978439420674325e-8
654	3.749657816535254e-8
655	3.607058487574097e-8
656	3.469835121545862e-8
657	3.337786784997003e-8
658	3.210722501589264e-8
659	3.0884531632099006e-8
660	2.9707997058010318e-8
661	2.8575931632218382e-8
662	2.748661116800291e-8
663	2.6438467572837084e-8
664	2.5429980572028643e-8
665	2.4459623497003918e-8
666	2.3525999809809368e-8
667	2.2627707186220374e-8
668	2.1763419576996202e-8
669	2.0931887585120188e-8
670	2.0131856781622686e-8
671	1.9362177278632863e-8
672	1.8621639860638136e-8
673	1.7909222524852517e-8
674	1.722384439399119e-8
675	1.6564475373798844e-8
676	1.593013640144332e-8
677	1.5319899687794967e-8
678	1.4732861471050377e-8
679	1.4168114670784568e-8
680	1.3624859014154386e-8
681	1.3102291296812616e-8
682	1.2599577903209573e-8
683	1.2115992588820568e-8
684	1.1650834118469224e-8
685	1.1203398808515625e-8
686	1.0772980582443623e-8
687	1.0358981488831501e-8
688	9.960801514977632e-9
689	9.577783348225537e-9
690	9.209378227743065e-9
691	8.855035581230256e-9
692	8.514230750689254e-9
693	8.186437404074402e-9
694	7.871155284341156e-9
695	7.567938032926585e-9
696	7.27628241998077e-9
697	6.995794727366784e-9
698	6.726052241115585e-9
699	6.466630992213415e-9
700	6.217133568898669e-9
701	5.977189205463708e-9
702	5.746426066102035e-9
703	5.524526899053141e-9
704	5.311117877781052e-9
705	5.1059076905049616e-9
706	4.908548501535096e-9
707	4.718747290097151e-9
708	4.536265975455104e-9
709	4.360754292847412e-9
710	4.192028455721783e-9
711	4.029736748686127e-9
712	3.873721992022413e-9
713	3.72365904036319e-9
714	3.5793895667789243e-9
715	3.440698918786761e-9
716	3.307316047191566e-9
717	3.179053163201945e-9
718	3.0557499728453747e-9
719	2.937189849188923e-9
720	2.8231836721726405e-9
721	2.7135698815078386e-9
722	2.608214526675397e-9
723	2.5068713668087717e-9
724	2.409489703289428e-9
725	2.315850591860625e-9
726	2.2257907284237513e-9
727	2.1392585584755224e-9
728	2.0560341936269767e-9
729	1.9760095150020073e-9
730	1.899132236128168e-9
731	1.8251816560551466e-9
732	1.7541050327665697e-9
733	1.6857653098267142e-9
734	1.62008131705013e-9
735	1.5569155923069844e-9
736	1.496242722492038e-9
737	1.4378968304624592e-9
738	1.3817960485237296e-9
739	1.3278583620032707e-9
740	1.2760577748547907e-9
741	1.2262277675373078e-9
742	1.178342082236149e-9
743	1.1323181845268096e-9
744	1.0880734212536304e-9
745	1.0455531225359885e-9
746	1.0046463244122215e-9
747	9.653824575576843e-10
748	9.276222718795089e-10
749	8.913388295411174e-10
750	8.564489063429393e-10
751	8.228973050039078e-10
752	7.906849803340199e-10
753	7.597003805696268e-10
754	7.299443350251928e-10
755	7.013613921598344e-10
756	6.738398107827849e-10
757	6.474364908786113e-10
758	6.220395893576497e-10
759	5.976496826087865e-10
760	5.741829524555372e-10
761	5.51639893438418e-10
762	5.299647272724999e-10
763	5.091578758478809e-10
764	4.891634924349739e-10
765	4.699538171735873e-10
766	4.5147294592797793e-10
767	4.3372117989675753e-10
768	4.166706781932585e-10
769	4.0029357652085306e-10
770	3.8453387916891787e-10
771	3.693917940549023e-10
772	3.5486750456702543e-10
773	3.4087685751464986e-10
774	3.2744810991931913e-10
775	3.145532892590193e-10
776	3.0216441152324174e-10
777	2.902534830375736e-10
778	2.7879250228051756e-10
779	2.678096370812341e-10
780	2.572487712948989e-10
781	2.4708187914275064e-10
782	2.373370875357832e-10
783	2.2798634603781108e-10
784	2.1897353470963947e-10
785	2.1032674737054962e-10
786	2.020179258043674e-10
787	1.9401901589409205e-10
788	1.8635807249838598e-10
789	1.7897897906858862e-10
790	1.7193781315947585e-10
791	1.651223811916433e-10
792	1.5858874934700212e-10
793	1.52308854205018e-10
794	1.4628266441327928e-10
795	1.4051013906595835e-10
796	1.3493521184263298e-10
797	1.2958586181871646e-10
798	1.2446203977854958e-10
799	1.1950771040693297e-10
800	1.1477881222537626e-10
801	1.1021932134210272e-10
802	1.058571665878362e-10
803	1.0166431959147947e-10
804	9.761277415223805e-11
805	9.373044033323946e-11
806	9.001725372993934e-11
807	8.64452130664909e-11
808	8.301426562824982e-11
809	7.972435355572135e-11
810	7.654750764787122e-11
811	7.351158301300668e-11
812	7.058861788471226e-11
813	6.777856094793502e-11
814	6.508135681641274e-11
815	6.249694605241202e-11
816	5.999741224440634e-11
817	5.761055972169928e-11
818	5.533631748167117e-11
819	5.311896221405787e-11
820	5.101410293985645e-11
821	4.896604932776832e-11
822	4.703036479051132e-11
823	4.515139328637121e-11
824	4.332910527046905e-11
825	4.161899398036653e-11
826	3.9965457712166964e-11
827	3.836845998877781e-11
828	3.682796235363373e-11
829	3.537164251309011e-11
830	3.394401036914251e-11
831	3.2600446099588605e-11
832	3.128550151300226e-11
833	3.0054506519458496e-11
834	2.8824396713591775e-11
835	2.770578151932255e-11
836	2.658799406761932e-11
837	2.552629773583823e-11
838	2.449302561003943e-11
839	2.351575382707723e-11
840	2.256683793204408e-11
841	2.1673825630477114e-11
842	2.0809095549531506e-11
843	1.9972622221437295e-11
844	1.916437922871336e-11
845	1.8384339209298838e-11
846	1.7659976993470598e-11
847	1.6963732266587537e-11
848	1.6268099389161954e-11
849	1.5628011182331345e-11
850	1.498849967576913e-11
851	1.4404438810620527e-11
852	1.3820916417419918e-11
853	1.3265344132705643e-11
854	1.273768632124929e-11
855	1.2210534251229312e-11
856	1.1711253222843886e-11
857	1.1267146896335331e-11
858	1.0823477880760289e-11
859	1.0380253153823041e-11
860	9.937479658477668e-12
861	9.549721397286597e-12
862	9.162363766112856e-12
863	8.802658994699468e-12
864	8.443334106096267e-12
865	8.111607979095005e-12
866	7.780239501219268e-12
867	7.449233751208013e-12
868	7.1729217684094145e-12
869	6.896914385929526e-12
870	6.62121579833048e-12
871	6.345830179038418e-12
872	6.0707616805237805e-12
873	5.850167210895263e-12
874	5.6027685515248105e-12
875	5.355663372826187e-12
876	5.162901001926933e-12
877	4.943362263612e-12
878	4.751077674781293e-12
879	4.559027245875901e-12
880	4.367213799043623e-12
881	4.2025710720675754e-12
882	4.038133390744153e-12
883	3.873903148154474e-12
884	3.709882725232683e-12
885	3.546074490849249e-12
886	3.4093166027632117e-12
887	3.272736787681217e-12
888	3.163133855989651e-12
889	3.000119180425563e-12
890	2.890842674018584e-12
891	2.781712170759104e-12
892	2.6727292105732678e-12
893	2.563895325517702e-12
894	2.4552120398265545e-12
895	2.34668086995518e-12
896	2.2649393989233763e-12
897	2.183311746510711e-12
898	2.0752043948384043e-12
899	1.9938286534274077e-12
900	1.9125702170139068e-12
901	1.83143019545237e-12
902	1.7504096929068294e-12
903	1.695998763610789e-12
904	1.6416665502263442e-12
905	1.5609679413542105e-12
906	1.4803929752906225e-12
907	1.4263449856314394e-12
908	1.3723788488781876e-12
909	1.3184952804432883e-12
910	1.2646949920637394e-12
911	1.2109786918140787e-12
912	1.1573470841181472e-12
913	1.1038008697597503e-12
914	1.0765867817698605e-12
915	1.0231906648911144e-12
916	9.960822766725808e-13
917	9.42838563706539e-13
918	8.896834684815694e-13
919	8.888797109141646e-13
920	8.358572075636397e-13
921	7.829251289228011e-13
922	7.822054782794797e-13
923	7.294089115569619e-13
924	7.027177620085686e-13
925	6.760716950617722e-13
926	6.494710409742561e-13
927	6.229161283045972e-13
928	5.964072839134038e-13
929	5.69944832964087e-13
930	5.693973387852261e-13
931	5.171604035611819e-13
932	5.166581255238004e-13
933	4.903597167793418e-13
934	4.641091967207802e-13
935	4.63651376686256e-13
936	4.117530827555945e-13
937	4.1134238037680686e-13
938	4.109302779034564e-13
939	3.8487315306031296e-13
940	3.588655794522815e-13
941	3.5850043342138236e-13
942	3.3256720057859044e-13
943	3.0668433143918847e-13
944	3.063673599223744e-13
945	3.0604939375768206e-13
946	2.8026725924298074e-13
947	2.545364860847476e-13
948	2.5426808780634586e-13
949	2.539988902190772e-13
950	2.537288925381591e-13
951	2.2812679374707803e-13
952	2.025772268250935e-13
953	2.023583511411261e-13
954	2.021388651544176e-13
955	2.0191876782869438e-13
956	2.0169805825606955e-13
957	1.7630686883538084e-13
958	1.7611216952681012e-13
959	1.5080165001569e-13
960	1.5063333164270065e-13
961	1.5046458333331916e-13
962	1.5029540396295107e-13
963	1.5012579251695319e-13
964	1.4995574808802522e-13
965	1.2483588918584553e-13
966	1.2469294796882666e-13
967	9.96563133891497e-14
968	9.954083094195144e-14
969	9.942509008698541e-14
970	9.930908958140776e-14
971	9.919282827280423e-14
972	9.907630509684975e-14
973	9.895951907500489e-14
974	9.884246931225167e-14
975	9.87251549948674e-14
976	9.860757538823907e-14
977	7.388182674911575e-14
978	7.379273227306174e-14
979	7.370345493303374e-14
980	7.361399382943549e-14
981	4.903301868795368e-14
982	4.897253918200046e-14
983	4.891195595675591e-14
984	4.8851267918488215e-14
985	4.879047403539318e-14
986	4.8729573335823305e-14
987	4.866856490655611e-14
988	4.860744789110198e-14
989	4.854622148805163e-14
990	4.848488494946082e-14
991	4.8423437579274974e-14
992	4.836187873178997e-14
993	4.830020781015133e-14
994	4.8238424264889645e-14
995	4.81765275924921e-14
996	4.811451733401021e-14
997	4.805239307370212e-14
998	4.7990154437709624e-14
999	4.7927801092769786e-14
1000	2.3945318766707453e-14