1	0.00007177183420312462
2	0.0001391754560359579
3	0.00020238942743233606
4	0.0002615872066912844
5	0.0003169371909596884
6	0.00036860276607972406
7	0.00041674236307988674
8	0.0004615095206345753
9	0.0005030529528608762
10	0.0005415166218625931
11	0.0005770398144707499
12	0.0006097572226668819
13	0.0006397990272105231
14	0.0006672909840254481
15	0.0006923545129305835
16	0.0007151067883311038
17	0.0007356608315131735
18	0.0007541256042121671
19	0.0007706061031490634
20	0.0007852034552531458
21	0.000798015013311221
22	0.00080913445180434
23	0.0008186518627125683
24	0.000826653851086722
25	0.0008332236302032708
26	0.0008384411161348167
27	0.0008423830215837838
28	0.0008451229488412164
29	0.000846731481745948
30	0.0008472762765319335
31	0.0008468221514632286
32	0.000845431175167042
33	0.0008431627535855192
34	0.0008400737154764184
35	0.0008362183964017555
36	0.0008316487211517248
37	0.000826414284558933
38	0.0008205624306650826
39	0.0008141383302089076
40	0.0008071850564102657
41	0.0007997436590309977
42	0.0007918532366983912
43	0.0007835510074819361
44	0.000774872377718493
45	0.0007658510090851232
46	0.0007565188839225304
47	0.000746906368815551
48	0.0007370422764402111
49	0.000726953925689768
50	0.0007166672000946969
51	0.0007062066045539665
52	0.0006955953203970102
53	0.0006848552587977482
54	0.0006740071125636384
55	0.0006630704063243006
56	0.0006520635451455348
57	0.0006410038615957485
58	0.0006299076612927753
59	0.0006187902669599772
60	0.0006076660610212297
61	0.0005965485267649814
62	0.0005854502881081234
63	0.0005743831479907387
64	0.0005633581254331407
65	0.00055238549128678
66	0.0005414748027107277
67	0.0005306349364055064
68	0.0005198741206359777
69	0.0005091999660749361
70	0.0004986194954988907
71	0.00048813917236733005
72	0.00047776492831649826
73	0.0004675021895984273
74	0.0004573559024956364
75	0.0004473305577415296
76	0.00043743021397613747
77	0.0004276585202664048
78	0.00041801873771977024
79	0.0004085137602193336
80	0.00039914613430836295
81	0.0003899180782514291
82	0.000380831500298902
83	0.00037188801618099953
84	0.00036308896585705315
85	0.0003544354295450792
86	0.0003459282430561986
87	0.00033756801245785046
88	0.0003293551280892276
89	0.0003212897779517304
90	0.00031337196049670805
91	0.00030560149683218305
92	0.0002979780423696502
93	0.00029050109793152257
94	0.0002831700203392164
95	0.00027598403250130254
96	0.000268942233020612
97	0.00026204360533865913
98	0.000255287026435149
99	0.0002486712750998937
100	0.0002421950397938565
101	0.000235856926115587
102	0.00022965546388877903
103	0.0002235891138861953
104	0.00021765627420472296
105	0.00021185528630583193
106	0.00020618444073525956
107	0.00020064198253526985
108	0.000195226116362414
109	0.00018993501132325225
110	0.00018476680554008746
111	0.00017971961045835173
112	0.0001747915149068697
113	0.0001699805889218095
114	0.0001652848873447953
115	0.00016070245320523108
116	0.00015623132089654184
117	0.0001518695191556779
118	0.00014761507385489852
119	0.00014346601061447634
120	0.00013942035724468638
121	0.00013547614602508456
122	0.00013163141582879712
123	0.00012788421409925727
124	0.00012423259868647087
125	0.00012067463954971943
126	0.00011720842033322764
127	0.00011383203982114102
128	0.00011054361327785599
129	0.00010734127367952907
130	0.00010422317284233893
131	0.00010118748245283923
132	0.00009823239500554039
133	0.00009535612465262171
134	0.00009255690797047883
135	0.00008983300464760502
136	0.00008718269809812543
137	0.00008460429600509548
138	0.00008209613079751306
139	0.00007965656006482112
140	0.00007728396691248141
141	0.00007497676026209695
142	0.00007273337509933187
143	0.00007055227267280421
144	0.00006843194064691528
145	0.00006637089321148469
146	0.00006436767115093999
147	0.00006242084187559967
148	0.00006052899941759399
149	0.00005869076439370674
150	0.000056904783937456104
151	0.000055169731602474796
152	0.00005348430723928472
153	0.00005184723684733617
154	0.00005025727240420074
155	0.0000487131916736097
156	0.0000472137979940264
157	0.00004575792004930149
158	0.00004434441162290487
159	0.000042972151337124914
160	0.00004164004237862255
161	0.000040347012211523546
162	0.00003909201227931586
163	0.000037874017696639215
164	0.000036692026932051045
165	0.00003554506148277092
166	0.00003443216554236455
167	0.00003335240566223882
168	0.000032304870407819355
169	0.00003128867001019847
170	0.00003030293601398012
171	0.00002934682092205797
172	0.000028419497837953435
173	0.000027520160106347496
174	0.00002664802095239522
175	0.00002580231312034265
176	0.00002498228851195063
177	0.000024187217825232424
178	0.000023416390193906236
179	0.00002266911282798242
180	0.0000219447106558937
181	0.000021242525968465786
182	0.00002056191806511894
183	0.000019902262902547212
184	0.000019262952746193587
185	0.000018643395824749318
186	0.000018043015987928046
187	0.00001746125236773194
188	0.000016897559043377987
189	0.00001635140471011384
190	0.000015822272352018896
191	0.00001530965891899226
192	0.000014813075008019937
193	0.00001433204454886222
194	0.00001386610449425079
195	0.000013414804514659311
196	0.000012977706697789461
197	0.000012554385252769124
198	0.00001214442621914967
199	0.000011747427180770193
200	0.000011362996984470348
201	0.000010990755463711385
202	0.00001063033316715381
203	0.000010281371092114691
204	9.94352042302837e-6
205	9.616442274792411e-6
206	9.299807441065757e-6
207	8.99329614746834e-6
208	8.69659780971408e-6
209	8.409410796549765e-6
210	8.131442197590868e-6
211	7.862407595922815e-6
212	7.602030845507619e-6
213	7.35004385329716e-6
214	7.106186366018241e-6
215	6.870205761627694e-6
216	6.641856845335631e-6
217	6.420901650143218e-6
218	6.2071092418924875e-6
219	6.00025552872547e-6
220	5.800123074893308e-6
221	5.60650091887428e-6
222	5.419184395752624e-6
223	5.237974963740269e-6
224	5.062680034840113e-6
225	4.893112809531907e-6
226	4.729092115474455e-6
227	4.570442250088752e-6
228	4.416992827011781e-6
229	4.268578626320992e-6
230	4.125039448482718e-6
231	3.986219971929292e-6
232	3.851969614243971e-6
233	3.7221423968227497e-6
234	3.5965968129896338e-6
235	3.475195699503404e-6
236	3.3578061113596694e-6
237	3.2442991998274675e-6
238	3.134550093664194e-6
239	3.0284377834538344e-6
240	2.9258450089633363e-6
241	2.826658149496346e-6
242	2.730767117150773e-6
243	2.638065252927721e-6
244	2.5484492256363053e-6
245	2.4618189335118517e-6
246	2.3780774084928643e-6
247	2.2971307231269865e-6
248	2.218887899980753e-6
249	2.143260823577598e-6
250	2.0701641547166427e-6
251	1.999515247188261e-6
252	1.931234066805884e-6
253	1.8652431126570319e-6
254	1.8014673406084696e-6
255	1.7398340889154728e-6
256	1.6802730059439475e-6
257	1.6227159799426399e-6
258	1.5670970707876589e-6
259	1.513352443693599e-6
260	1.4614203048072079e-6
261	1.411240838621565e-6
262	1.362756147243242e-6
263	1.3159101913744597e-6
264	1.2706487329746106e-6
265	1.2269192796676663e-6
266	1.1846710306802306e-6
267	1.1438548244103716e-6
268	1.1044230875133172e-6
269	1.0663297854657843e-6
270	1.0295303746314492e-6
271	9.939817556860424e-7
272	9.596422284442209e-7
273	9.264714480360772e-7
274	8.94430382379904e-7
275	8.634812708957201e-7
276	8.335875845066045e-7
277	8.047139867777794e-7
278	7.768262962762393e-7
279	7.49891450019656e-7
280	7.238774680549645e-7
281	6.987534190997564e-7
282	6.744893872137483e-7
283	6.510564395180254e-7
284	6.284265948256993e-7
285	6.065727933264923e-7
286	5.854688671071649e-7
287	5.65089511623955e-7
288	5.454102580474306e-7
289	5.264074464325355e-7
290	5.080581997440717e-7
291	4.903403986644337e-7
292	4.732326571930975e-7
293	4.567142989867337e-7
294	4.4076533445247225e-7
295	4.2536643852688393e-7
296	4.104989291775525e-7
297	3.9614474656464885e-7
298	3.822864328291411e-7
299	3.689071125587309e-7
300	3.559904738202782e-7
301	3.4352074982958784e-7
302	3.3148270116169764e-7
303	3.198615985485195e-7
304	3.0864320620852376e-7
305	2.97813765699443e-7
306	2.873599802822137e-7
307	2.7726899980553597e-7
308	2.6752840601651804e-7
309	2.5812619840546633e-7
310	2.490507804448194e-7
311	2.402909463119008e-7
312	2.318358679873534e-7
313	2.2367508280696985e-7
314	2.1579848140900953e-7
315	2.081962960251992e-7
316	2.008590892160183e-7
317	1.9377774291055784e-7
318	1.8694344781895136e-7
319	1.803476932051612e-7
320	1.7398225695152317e-7
321	1.67839195984187e-7
322	1.6191083695940864e-7
323	1.5618976731963146e-7
324	1.5066882659448458e-7
325	1.453410979570165e-7
326	1.4019990013291835e-7
327	1.3523877949270692e-7
328	1.3045150247746977e-7
329	1.2583204819831013e-7
330	1.2137460133100242e-7
331	1.1707354520518296e-7
332	1.1292345516511776e-7
333	1.089190921111327e-7
334	1.0505539623997841e-7
335	1.013274810501454e-7
336	9.773062749070908e-8
337	9.42602783093279e-8
338	9.091203263251419e-8
339	8.768164064400927e-8
340	8.456499852182796e-8
341	8.155814347746816e-8
342	7.865724902482043e-8
343	7.585862030949511e-8
344	7.315868971708613e-8
345	7.055401250236271e-8
346	6.804126266809418e-8
347	6.561722891980763e-8
348	6.327881074749143e-8
349	6.102301469315631e-8
350	5.884695070480132e-8
351	5.674782859770016e-8
352	5.472295468065681e-8
353	5.2769728443760715e-8
354	5.088563941110088e-8
355	4.90682640154483e-8
356	4.73152627092042e-8
357	4.5624377018405255e-8
358	4.399342683501516e-8
359	4.242030765989521e-8
360	4.090298811098142e-8
361	3.9439507340768944e-8
362	3.802797264726252e-8
363	3.666655716771448e-8
364	3.5353497546687156e-8
365	3.408709183270114e-8
366	3.2865697313718694e-8
367	3.1687728527255866e-8
368	3.055165524866948e-8
369	2.9456000617874717e-8
370	2.8399339280652572e-8
371	2.7380295654910138e-8
372	2.6397542162599236e-8
373	2.5449797613037585e-8
374	2.4535825589333343e-8
375	2.3654432894181415e-8
376	2.280446806319053e-8
377	2.1984819945776617e-8
378	2.1194416270322728e-8
379	2.0432222320394357e-8
380	1.9697239641202632e-8
381	1.8988504774482087e-8
382	1.8305088044599354e-8
383	1.7646092396417826e-8
384	1.701065224787061e-8
385	1.63979324162928e-8
386	1.5807127049483716e-8
387	1.5237458617495747e-8
388	1.4688176911367193e-8
389	1.4158558121424315e-8
390	1.3647903888906709e-8
391	1.3155540443983509e-8
392	1.2680817729627655e-8
393	1.2223108587151147e-8
394	1.178180795257033e-8
395	1.1356332117100962e-8
396	1.0946117901247802e-8
397	1.0550622047032927e-8
398	1.016932043883746e-8
399	9.801707463623748e-9
400	9.447295377221431e-9
401	9.105613647301364e-9
402	8.776208392402448e-9
403	8.458641761779251e-9
404	8.152491397010996e-9
405	7.857349871513914e-9
406	7.572824210077068e-9
407	7.298535295473195e-9
408	7.034117489652585e-9
409	6.779218089388377e-9
410	6.533496887487533e-9
411	6.29662574160829e-9
412	6.068288146242137e-9
413	5.8481788250363455e-9
414	5.636003334610845e-9
415	5.4314776980794595e-9
416	5.234328000642312e-9
417	5.04429007912188e-9
418	4.861109146824409e-9
419	4.684539480961878e-9
420	4.5143440840701545e-9
421	4.350294394007584e-9
422	4.192170008821786e-9
423	4.039758325350893e-9
424	3.892854339120307e-9
425	3.751260351158094e-9
426	3.6147856965373834e-9
427	3.4832464890324384e-9
428	3.356465438561422e-9
429	3.234271538654818e-9
430	3.116499917150967e-9
431	3.0029915513374426e-9
432	2.8935931086797736e-9
433	2.7881567441104606e-9
434	2.6865398825407175e-9
435	2.5886050452698486e-9
436	2.4942196585336352e-9
437	2.4032558977039648e-9
438	2.3155904991766484e-9
439	2.2311046291095273e-9
440	2.1496836823192145e-9
441	2.0712171657108897e-9
442	1.995598539611542e-9
443	1.9227250839031564e-9
444	1.8524977680259498e-9
445	1.7848210733968146e-9
446	1.7196029447135278e-9
447	1.6567546158108418e-9
448	1.5961904860893475e-9
449	1.5378280518440936e-9
450	1.4815877501789311e-9
451	1.4273928885580664e-9
452	1.375169517652442e-9
453	1.3248463361549134e-9
454	1.2763546319778041e-9
455	1.2296281399471194e-9
456	1.184602980198269e-9
457	1.141217570350935e-9
458	1.0994125400097828e-9
459	1.059130670705559e-9
460	1.0203167774451881e-9
461	9.829176809253803e-10
462	9.468821112076217e-10
463	9.121606288548405e-10
464	8.787056070395297e-10
465	8.464711132425944e-10
466	8.154128544540657e-10
467	7.854881792362036e-10
468	7.566559346391714e-10
469	7.288764667648428e-10
470	7.021115637845063e-10
471	6.763243714299245e-10
472	6.514793646309255e-10
473	6.275423289284185e-10
474	6.044802575902945e-10
475	5.822613477027065e-10
476	5.608549425750548e-10
477	5.40231498473034e-10
478	5.203625347032328e-10
479	5.012205925411893e-10
480	4.827792224428334e-10
481	4.650129243740545e-10
482	4.4789711415500155e-10
483	4.314081154443503e-10
484	4.155230877558607e-10
485	4.0022003962268333e-10
486	3.854777552367908e-10
487	3.7127579808416816e-10
488	3.5759446731949694e-10
489	3.444147747617417e-10
490	3.317184422094094e-10
491	3.194878134096348e-10
492	3.077059176143658e-10
493	2.963563622437719e-10
494	2.854233834571994e-10
495	2.748917586809581e-10
496	2.647468271951156e-10
497	2.5497448453425567e-10
498	2.4556109200038057e-10
499	2.364935511331312e-10
500	2.2775922083365057e-10
501	2.1934590522932332e-10
502	2.1124188425527617e-10
503	2.0343582672692917e-10
504	1.9591686118780264e-10
505	1.8867445479335108e-10
506	1.8169849365203637e-10
507	1.749792358230063e-10
508	1.6850728209491853e-10
509	1.622735719869375e-10
510	1.5626936779516425e-10
511	1.5048628597396793e-10
512	1.4491621116129869e-10
513	1.3955133117101323e-10
514	1.343841288885064e-10
515	1.294073601169762e-10
516	1.2461404718863548e-10
517	1.1999744255559355e-10
518	1.1555108397030841e-10
519	1.1126872011749266e-10
520	1.0714431940362703e-10
521	1.0317209387606341e-10
522	9.934645299504918e-11
523	9.566201775229677e-11
524	9.211360254147258e-11
525	8.869620298404732e-11
526	8.54050131792091e-11
527	8.223538611532512e-11
528	7.91828622563338e-11
529	7.624312485883766e-11
530	7.34120392952653e-11
531	7.068560249054678e-11
532	6.80599603904542e-11
533	6.553141448312922e-11
534	6.309638474122924e-11
535	6.075143288299965e-11
536	5.849324176068457e-11
537	5.631861478617738e-11
538	5.4224471217405894e-11
539	5.2207845244495696e-11
540	5.026589701697715e-11
541	4.8395853445633085e-11
542	4.6595075219001663e-11
543	4.486101253915488e-11
544	4.319119652497912e-11
545	4.1583266934499954e-11
546	4.003492825429156e-11
547	3.854399173099029e-11
548	3.710832855780442e-11
549	3.5725909263537345e-11
550	3.439477036711062e-11
551	3.31130169153516e-11
552	3.1878827545196136e-11
553	3.069042789619967e-11
554	2.954614288470528e-11
555	2.844433196737152e-11
556	2.738344593648779e-11
557	2.6361948638143977e-11
558	2.537839521234187e-11
559	2.443138336081144e-11
560	2.3519557895084983e-11
561	2.264161717861874e-11
562	2.1796312666799354e-11
563	2.0982432540706514e-11
564	2.0198804316046483e-11
565	1.9444334455676452e-11
566	1.871790826568029e-11
567	1.801852081413417e-11
568	1.7345152805741868e-11
569	1.6696842521288596e-11
570	1.607266161727431e-11
571	1.5471727783652845e-11
572	1.489315564812024e-11
573	1.4336134793920976e-11
574	1.3799855894512221e-11
575	1.328355507741168e-11
576	1.2786496189026354e-11
577	1.2307953779200959e-11
578	1.1847251927361432e-11
579	1.140372176290772e-11
580	1.0976733120477039e-11
581	1.0565662754471571e-11
582	1.0169918651197506e-11
583	9.788937631164705e-12
584	9.422174364867403e-12
585	9.069100356294906e-12
586	8.729203663263871e-12
587	8.40198934139743e-12
588	8.086990059835062e-12
589	7.783758603193608e-12
590	7.491841865860103e-12
591	7.210831372154919e-12
592	6.94031957880992e-12
593	6.679923193458959e-12
594	6.429249713350472e-12
595	6.18795081307246e-12
596	5.955670696233907e-12
597	5.732071733929483e-12
598	5.516841567804155e-12
599	5.3096519912883325e-12
600	5.110215502142007e-12
601	4.918245074436867e-12
602	4.733453057713475e-12
603	4.5555702237003315e-12
604	4.384355634950155e-12
605	4.219547476709267e-12
606	4.060913018234754e-12
607	3.90820989650468e-12
608	3.761237229973561e-12
609	3.6197674056927775e-12
610	3.4835978994013844e-12
611	3.3525234821424375e-12
612	3.226379159448128e-12
613	3.104952078508005e-12
614	2.988075575037077e-12
615	2.8755820772042495e-12
616	2.767306688693136e-12
617	2.663101356310336e-12
618	2.5627877169992184e-12
619	2.4662539939257985e-12
620	2.3733362320951852e-12
621	2.283905490216972e-12
622	2.197842137223748e-12
623	2.1149994754912494e-12
624	2.03526121250909e-12
625	1.9585265668360717e-12
626	1.884674243576479e-12
627	1.81358934839945e-12
628	1.7451803316194474e-12
629	1.679353902559164e-12
630	1.6159790377070187e-12
631	1.5550000245508506e-12
632	1.4963052804429205e-12
633	1.43983032460565e-12
634	1.385468821527101e-12
635	1.3331549983932401e-12
636	1.282817663329479e-12
637	1.234355294895347e-12
638	1.187741438475642e-12
639	1.1428591328639961e-12
640	1.099682882781618e-12
641	1.0581235914761532e-12
642	1.018124095041504e-12
643	9.796350143576968e-13
644	9.426013674956879e-13
645	9.069601478537123e-13
646	8.72649074663738e-13
647	8.396490259770472e-13
648	8.078818866064559e-13
649	7.773198330744727e-13
650	7.479053654312776e-13
651	7.195941044600196e-13
652	6.923644491516416e-13
653	6.661481332693172e-13
654	6.409301652932611e-13
655	6.166567677187522e-13
656	5.933018192399511e-13
657	5.708313444592235e-13
658	5.492019422473102e-13
659	5.283937900903623e-13
660	5.083749592362306e-13
661	4.890999376734907e-13
662	4.705662143616052e-13
663	4.5273216635870286e-13
664	4.3556203136562356e-13
665	4.1904824666057545e-13
666	4.0315207642450926e-13
667	3.8786094431706716e-13
668	3.73152384172204e-13
669	3.5899292491985813e-13
670	3.453725582901424e-13
671	3.3225659360027833e-13
672	3.196559466710873e-13
673	3.0751936289407767e-13
674	2.958395865868252e-13
675	2.846051088861146e-13
676	2.737993482730906e-13
677	2.6339984821808906e-13
678	2.5338959521860396e-13
679	2.4376854161021583e-13
680	2.3450449881502937e-13
681	2.255808769004277e-13
682	2.1700850545311404e-13
683	2.087640884921855e-13
684	2.0082607126420665e-13
685	1.9318643936474045e-13
686	1.858503643618312e-13
687	1.7878630637582743e-13
688	1.7197473063515293e-13
689	1.6543269454312222e-13
690	1.591389514236575e-13
691	1.5308308236262293e-13
692	1.4725266130582484e-13
693	1.4164540010858965e-13
694	1.3625626939623802e-13
695	1.3106443572387413e-13
696	1.2608340323526425e-13
697	1.2128483661900956e-13
698	1.166613973256986e-13
699	1.1221390797804851e-13
700	1.0793833077186863e-13
701	1.0382539865112527e-13
702	9.987312599456023e-14
703	9.606080587150615e-14
704	9.240024988080964e-14
705	8.887108280943933e-14
706	8.548509640754526e-14
707	8.223426578530325e-14
708	7.909026104272037e-14
709	7.608257520033639e-14
710	7.316768391695498e-14
711	7.038592785555309e-14
712	6.769075124358806e-14
713	6.511945408620629e-14
714	6.263484927822624e-14
715	6.023054698907505e-14
716	5.793116568498472e-14
717	5.572571442894951e-14
718	5.3593782646635395e-14
719	5.1545566050558085e-14
720	4.958169519146758e-14
721	4.7692968309451105e-14
722	4.5860087167553775e-14
723	4.41212338359677e-14
724	4.2423038928736236e-14
725	4.0796571775511466e-14
726	3.92489174679878e-14
727	3.7735355034227995e-14
728	3.629596566695567e-14
729	3.491887151983003e-14
730	3.3567094670762396e-14
731	3.228885067554857e-14
732	3.1052037348604314e-14
733	2.9868303702944113e-14
734	2.872379760621688e-14
735	2.763466122233889e-14
736	2.656326413741139e-14
737	2.5543846584321717e-14
738	2.45707061529821e-14
739	2.363996554641806e-14
740	2.2721230946934898e-14
741	2.1856459412906368e-14
742	2.1018627952674463e-14
743	2.021057006248725e-14
744	1.9436709905821263e-14
745	1.868870231852848e-14
746	1.7988277958285813e-14
747	1.7286837948064442e-14
748	1.662319418087586e-14
749	1.5980003940034036e-14
750	1.5369991446024193e-14
751	1.4792681839399878e-14
752	1.421963247252628e-14
753	1.3681633155724886e-14
754	1.315232028530445e-14
755	1.2635449281729567e-14
756	1.2165217201192417e-14
757	1.168868838749249e-14
758	1.1241984299359008e-14
759	1.080323578996674e-14
760	1.0395756433989106e-14
761	9.999277125524034e-15
762	9.623963472435219e-15
763	9.250949813856002e-15
764	8.891903946170382e-15
765	8.544299960526523e-15
766	8.221333791799136e-15
767	7.906806645144563e-15
768	7.600133439252827e-15
769	7.30134020639104e-15
770	7.0262466839423244e-15
771	6.76092374298902e-15
772	6.491861448980848e-15
773	6.251875031007128e-15
774	6.013228089817803e-15
775	5.779173735512069e-15
776	5.553470707899385e-15
777	5.340370509493183e-15
778	5.144605021636136e-15
779	4.940326628180379e-15
780	4.748535100005108e-15
781	4.575224364549122e-15
782	4.395557295228729e-15
783	4.21616896998103e-15
784	4.059814889621462e-15
785	3.902574050056045e-15
786	3.752187121839183e-15
787	3.61678160329325e-15
788	3.473158405920908e-15
789	3.345862542991838e-15
790	3.1962440062072567e-15
791	3.081342748840984e-15
792	2.9629894867046587e-15
793	2.851022474393913e-15
794	2.739539422311705e-15
795	2.622816666714824e-15
796	2.5275981996927618e-15
797	2.4325358359354926e-15
798	2.3325148614873038e-15
799	2.2550931578737926e-15
800	2.1630883630048506e-15
801	2.0844986401264123e-15
802	1.9986444173279373e-15
803	1.9176468051261835e-15
804	1.853904410338191e-15
805	1.787121493427803e-15
806	1.7134922487670297e-15
807	1.645884025140475e-15
808	1.5808281156646116e-15
809	1.5149619362984859e-15
810	1.4616972371952918e-15
811	1.401275485316695e-15
812	1.3473773735069453e-15
813	1.2971407053200102e-15
814	1.2477913806932001e-15
815	1.1966401227113856e-15
816	1.157979122149475e-15
817	1.112455828512148e-15
818	1.0576171141902273e-15
819	1.0251112995487895e-15
820	9.787527739808227e-16
821	9.504809971330476e-16
822	9.040904736201507e-16
823	8.718020988144884e-16
824	8.517925189389711e-16
825	8.078078028999687e-16
826	7.724745231113513e-16
827	7.441383293452513e-16
828	7.211971649879762e-16
829	6.847002300594548e-16
830	6.679037273998834e-16
831	6.345140620188247e-16
832	6.180340472633768e-16
833	5.821030758198475e-16
834	5.780576063633139e-16
835	5.343154799583609e-16
836	5.200800709509134e-16
837	4.989539474974477e-16
838	4.87511753773729e-16
839	4.669416830433766e-16
840	4.539645179104848e-16
841	4.297553747445018e-16
842	4.111763997778221e-16
843	3.9733074657903537e-16
844	3.873502914350694e-16
845	3.803945632601072e-16
846	3.575851352062123e-16
847	3.3611918251867867e-16
848	3.3337681729145307e-16
849	3.1237016565464806e-16
850	3.087095514652541e-16
851	2.852932123791027e-16
852	2.7793362287953212e-16
853	2.677541943154598e-16
854	2.5412120336134263e-16
855	2.548424968498419e-16
856	2.509788190111042e-16
857	2.2344836423791255e-16
858	2.0865444033302075e-16
859	2.0617150191084119e-16
860	2.1558989864783543e-16
861	1.9918799538476294e-16
862	1.937521422801568e-16
863	1.8017226918911041e-16
864	1.7675983924925712e-16
865	1.64350549609452e-16
866	1.613622759529936e-16
867	1.674807361811388e-16
868	1.4450933254529324e-16
869	1.2988819807498975e-16
870	1.2333673005532917e-16
871	1.245848232942849e-16
872	1.333724811885357e-16
873	1.1114753936521713e-16
874	1.1499916345333007e-16
875	1.2558527199902947e-16
876	1.0413474646367695e-16
877	1.081310813502988e-16
878	9.877825351882615e-17
879	9.515072608184358e-17
880	9.705653546416608e-17
881	8.483110373926314e-17
882	7.769373353943401e-17
883	7.547310291928494e-17
884	7.800431233347698e-17
885	8.512864615044483e-17
886	7.700637482927794e-17
887	7.309427431830833e-17
888	5.3480504178051055e-17
889	7.733926718111507e-17
890	6.537519482038545e-17
891	5.700220212033414e-17
892	5.2098583884564313e-17
893	5.0547202450672535e-17
894	5.223531782248304e-17
895	5.705442409306508e-17
896	4.4795051271558175e-17
897	3.537756989775218e-17
898	4.8894360360663775e-17
899	4.491585491813933e-17
900	4.349944180554119e-17
901	4.4558758044142434e-17
902	4.801068734431852e-17
903	3.337456519698564e-17
904	2.0889216186933592e-17
905	3.096599804647691e-17
906	4.3132942010562164e-17
907	3.675072684170982e-17
908	3.2238769886323e-17
909	2.953338485964296e-17
910	2.857328144187176e-17
911	2.9299475921407464e-17
912	3.1655205156946496e-17
913	3.558584373526533e-17
914	2.0168611391835256e-17
915	2.7050360416604082e-17
916	1.43988984107231e-17
917	2.403676909935226e-17
918	3.500569701593777e-17
919	5.091005235701638e-18
920	1.850708563410472e-17
921	3.3128852718381953e-17
922	6.486627325778127e-18
923	2.3318524182203877e-17
924	1.994206183584042e-17
925	1.753818774671183e-17
926	1.6073633915583544e-17
927	1.551638690500406e-17
928	1.5835640923726243e-17
929	1.7001752658545142e-17
930	-2.5778511284802503e-18
931	2.176152912035927e-17
932	3.649650603004998e-18
933	7.884627190071616e-18
934	1.2834165106451726e-17
935	-3.308781843855424e-18
936	2.478370699947719e-17
937	9.867633341133633e-18
938	-4.511071381996408e-18
939	3.587283380805126e-18
940	1.227163935104278e-17
941	-5.252147783505881e-19
942	9.231516032369384e-18
943	1.9520307448039952e-17
944	8.142796538247117e-18
945	-2.8242572268714054e-18
946	8.874411516301603e-18
947	2.1042263229380083e-17
948	1.130501864047184e-17
949	1.91963225428761e-18
950	-7.127215781683948e-18
951	6.6459618351006525e-18
952	2.0822231637313908e-17
953	1.280581190693096e-17
954	5.079585049276327e-18
955	-2.3674413600954826e-18
956	-9.545845359039068e-18
957	6.298378558542531e-18
958	-3.277776254253259e-19
959	1.613988748302596e-17
960	1.0028463604832003e-17
961	4.138564017000896e-18
962	-1.5382102196848235e-18
963	-7.009941114478157e-18
964	-1.2284405663335232e-17
965	5.757767390820417e-18
966	9.012289392229037e-19
967	1.9438421710312518e-17
968	1.4972285071919128e-17
969	1.0668819369997627e-17
970	6.521851304377239e-18
971	2.525440779615542e-18
972	-1.3261278737558553e-18
973	-5.038354348721885e-18
974	-8.616530494340786e-18
975	-1.2065748143179444e-17
976	-1.539090664504091e-17
977	5.080206678319246e-18
978	2.0353703265580347e-18
979	-8.989706410545257e-19
980	-3.727015484496657e-18
981	1.7409097298629096e-17
982	1.4828046472941675e-17
983	1.234167389791495e-17
984	9.946380669190577e-18
985	7.638704094660192e-18
986	5.415312556667623e-18
987	3.273000567322998e-18
988	1.208684009683003e-18
989	-7.806044421653115e-19
990	-2.6977197308041464e-18
991	-4.545408657432586e-18
992	-6.326313964270059e-18
993	-8.042978263380882e-18
994	-9.697847817701374e-18
995	-1.1293276179774945e-17
996	-1.2831527693569843e-17
997	-1.431478086447329e-17
998	-1.5745131602431857e-17
999	-1.7124596342991207e-17
1000	6.2964578510559005e-18