1	3983.9031113995757
2	7768.043223553354
3	11358.87208001514
4	14761.676734650486
5	17981.76296865168
6	21024.44184440832
7	23895.017352486582
8	26598.77508829995
9	29140.971898077212
10	31526.82643663811
11	33761.51058227432
12	35850.1416567083
13	37797.775400668834
14	39609.399658081355
15	41289.928724229554
16	42844.19831550311
17	44276.96112050937
18	45592.88289439771
19	46796.53906022608
20	47892.41178309484
21	48884.887484584826
22	49778.254766767655
23	50576.70271671263
24	51284.31956399183
25	51905.09166519677
26	52442.90279091602
27	52901.53369199876
28	53284.66192323706
29	53595.861903847705
30	53838.60519532336
31	54016.260978355174
32	54132.09671160582
33	54189.278956138995
34	54190.874350285616
35	54139.850720655086
36	54039.07831588134
37	53891.331150530896
38	53699.288447394836
39	53465.53616714197
40	53192.56861502552
41	52882.79011501543
42	52538.516742371416
43	52161.978106281356
44	51755.319174767494
45	51320.602134608074
46	50859.80827954039
47	50374.83992049831
48	49867.522312099914
49	49339.60559003686
50	48792.76671442767
51	48228.61141458716
52	47648.67613102872
53	47054.429950860904
54	46447.27653306633
55	45828.55602045388
56	45199.54693536467
57	44561.46805648052
58	43915.48027433839
59	43262.68842339099
60	42604.14308867721
61	41940.84238537538
62	41273.7337097057
63	40603.71545983373
64	39931.63872559432
65	39258.308946018165
66	38584.487533787
67	37910.89346588649
68	37238.20483985032
69	36567.06039511014
70	35898.06099907752
71	35231.77109768318
72	34568.72013019756
73	33909.40390824143
74	33254.28595897623
75	32603.798832538625
76	31958.34537385159
77	31318.29995900542
78	30684.009696459896
79	30055.795593370698
80	29433.953687388435
81	28818.75614432359
82	28210.452322105895
83	27609.269801504175
84	27015.415384099713
85	26429.07605803672
86	25850.419932094515
87	25279.597138648933
88	24716.740706106782
89	24161.967401414087
90	23615.378543251067
91	23077.06078653652
92	22547.08687887535
93	22025.516389586577
94	21512.396411956543
95	21007.762239363128
96	20511.638015919565
97	20024.037362286337
98	19544.963977298008
99	19074.41221605
100	18612.367645086313
101	18158.80757532551
102	17713.701573355545
103	17277.011951723274
104	16848.69423883637
105	16428.697629088096
106	16016.965413807484
107	15613.43539362756
108	15218.040272856339
109	14830.708036424052
110	14451.362309972048
111	14079.922703635742
112	13716.305140065162
113	13360.422167215975
114	13012.183256430559
115	12671.495086320105
116	12338.261812945144
117	12012.38532678215
118	11693.765496950697
119	11382.30040316546
120	11077.88655586494
121	10780.419104957864
122	10489.792037615649
123	10205.898365529038
124	9928.630302035534
125	9657.879429511384
126	9393.536857413254
127	9135.493371341272
128	8883.639573485943
129	8637.866014809626
130	8398.0633193029
131	8164.122300646194
132	7935.934071596001
133	7713.390146405104
134	7496.382536577087
135	7284.803840244305
136	7078.547325450232
137	6877.5070076067595
138	6681.57772138869
139	6490.655187317997
140	6304.6360732824605
141	6123.41805122364
142	5946.899849222265
143	5774.981299199445
144	5607.563380445509
145	5444.548259179798
146	5285.839324336909
147	5131.341219769006
148	4980.95987304461
149	4834.602521019695
150	4692.177732347572
151	4553.595427090249
152	4418.7668935851425
153	4287.60480271698
154	4160.023219736704
155	4035.9376137654235
156	3915.2648651141326
157	3797.9232705457657
158	3683.832546599877
159	3572.913831096288
160	3465.0896829273383
161	3360.2840802461133
162	3258.4224171508845
163	3159.43149896335
164	3063.2395361929975
165	2969.776137276255
166	2878.972300174731
167	2790.7604029134814
168	2705.0741931358557
169	2621.848776748327
170	2541.0206057254622
171	2462.527465140978
172	2386.308459488839
173	2312.303998354175
174	2240.455781491254
175	2170.706783363214
176	2103.0012371952407
177	2037.2846185895505
178	1973.503628749432
179	1911.606177356095
180	1851.5413651396195
181	1793.2594661844082
182	1736.7119100052523
183	1681.8512634303547
184	1628.631212323793
185	1577.006543179218
186	1526.9331246141883
187	1478.3678887927879
188	1431.2688128032655
189	1385.5949000142623
190	1341.3061614338374
191	1298.3635970918915
192	1256.7291774668245
193	1216.365824974886
194	1177.2373955399455
195	1139.308660260592
196	1102.5452871887126
197	1066.9138232347937
198	1032.3816762125716
199	998.917097034795
200	966.4891620721046
201	935.0677556847144
202	904.6235529360209
203	875.1280024978817
204	846.5533097537335
205	818.8724201082883
206	792.0590025090994
207	766.087433186236
208	740.9327796145318
209	716.5707847042371
210	692.977851222478
211	670.1310264502115
212	648.0079870766557
213	626.5870243343143
214	605.8470293766267
215	585.7674788991119
216	566.3284210059892
217	547.5104613230976
218	529.2947493569384
219	511.66296510055923
220	494.5973058862394
221	478.08047348422895
222	462.0956614467231
223	446.62654269683026
224	431.65725736058306
225	417.1724008412491
226	403.157012133692
227	389.59656237781246
228	376.47694364846114
229	363.7844579801464
230	351.50580662399796
231	339.62807953502255
232	328.13874508652464
233	317.025640009898
234	306.2769595565379
235	295.88124787900387
236	285.82738862894854
237	276.1045957687362
238	266.702404593672
239	257.6106629616137
240	248.8195227273221
241	240.31943137789943
242	232.10112386641813
243	224.15561464043873
244	216.47418986204187
245	209.0483998163655
246	201.8700515052868
247	194.93120142260892
248	188.2241485081998
249	181.74142727685958
250	175.47580111963043
251	169.42025577344685
252	163.56799295615158
253	157.9124241640406
254	152.44716462778402
255	147.16602742449723
256	142.06301774215828
257	137.13232729329306
258	132.36832887508862
259	127.76557107236542
260	123.31877310070284
261	119.0228197867959
262	114.87275668224912
263	110.86378530875363
264	106.99125853162352
265	103.25067605766675
266	99.63768005627183
267	96.14805089946229
268	92.7777030188606
269	89.52268087680834
270	86.37915504833047
271	83.34341841231483
272	80.4118824485012
273	77.58107363786986
274	74.84762996409046
275	72.20829751372001
276	69.65992717196931
277	67.19947141273305
278	64.82398117946097
279	62.53060285549723
280	60.31657532096279
281	58.17922709430656
282	56.11597355638779
283	54.124314254529956
284	52.201830285460666
285	50.346181753538715
286	48.55510530402147
287	46.82641172811432
288	45.157983638391855
289	43.54777321291037
290	41.99380000569959
291	40.494148822281865
292	39.046967658184954
293	37.65046569898818
294	36.30291137992885
295	35.00263050384223
296	33.74800441533541
297	32.537468230011804
298	31.369509117336023
299	30.242664635056343
300	29.155521114525325
301	28.106712094751586
302	27.09491680446905
303	26.118858690340968
304	25.177303990312566
305	24.269060350768573
306	23.39297548621407
307	22.547935880065154
308	21.732865526007032
309	20.94672470777145
310	20.18850881722777
311	19.457247208855396
312	18.75200209029092
313	18.071867447181543
314	17.415968001701575
315	16.783458204047133
316	16.173521255071147
317	15.58536816012568
318	15.01823681258226
319	14.471391106157409
320	13.944120075629753
321	13.435737064499621
322	12.94557891946211
323	12.473005210004205
324	12.01739747322793
325	11.578158482995256
326	11.154711541874958
327	10.746499796383173
328	10.352985573651333
329	9.973649739970481
330	9.6079910796095
331	9.25552569395621
332	8.91578641975454
333	8.588322266447012
334	8.272697871853486
335	7.968492975110708
336	7.675301907141271
337	7.392733097676772
338	7.12040859804984
339	6.857963620146666
340	6.605046089875104
341	6.361316215724569
342	6.126446071041754
343	5.900119190699469
344	5.682030180202813
345	5.471884338533105
346	5.26939729274205
347	5.07429464504317
348	4.886311631639288
349	4.705192792497615
350	4.530691652346162
351	4.3625704123705935
352	4.200599651872542
353	4.044558040210314
354	3.8942320580076317
355	3.7494157282188905
356	3.609910355356045
357	3.4755242744393864
358	3.346072607487323
359	3.2213770290755708
360	3.1012655387011407
361	2.9855722419098023
362	2.874137138138333
363	2.76680591571328
364	2.6634297544158705
365	2.5638651338113263
366	2.4679736488843247
367	2.375621831313507
368	2.286680977357274
369	2.201026981169455
370	2.118540174084362
371	2.0391051690132858
372	1.9626107107035027
373	1.8889495305732105
374	1.818018206818815
375	1.7497170292844346
376	1.6839498688787096
377	1.6206240513775574
378	1.5596502359300055
379	1.5009422973850213
380	1.4444172127570616
381	1.3899949516937564
382	1.337598370676521
383	1.2871531108182295
384	1.2385874993336092
385	1.191832454228143
386	1.1468213924663075
387	1.1034901411916505
388	1.0617768521793591
389	1.0216219190157123
390	0.9829678974744093
391	0.945759428373822
392	0.909943163358166
393	0.8754676930981645
394	0.8422834780906121
395	0.8103427816851771
396	0.7795996060397848
397	0.7500096293258044
398	0.7215301461396243
399	0.6941200094161191
400	0.6677395744674849
401	0.6423506452196222
402	0.617916421964854
403	0.594401451354442
404	0.571771577846373
405	0.5499938970712974
406	0.5290367105420709
407	0.5088694826072021
408	0.489462797963806
409	0.47078832156012274
410	0.4528187594878347
411	0.4355278212996025
412	0.41889018372133785
413	0.4028814556262519
414	0.38747814426653093
415	0.372657622630495
416	0.35839809820232166
417	0.3446785824555124
418	0.3314788617919825
419	0.3187794692840895
420	0.30656165759856496
421	0.2948073727165819
422	0.28349922857431237
423	0.27262048305041053
424	0.2621550141308047
425	0.2520872973887065
426	0.2424023842178074
427	0.23308588081574488
428	0.22412392763831296
429	0.21550318020222772
430	0.20721078989905858
431	0.1992343861252684
432	0.19156205854441172
433	0.18418234020736043
434	0.17708419137595258
435	0.1702569837723996
436	0.16369048550185042
437	0.15737484639604551
438	0.15130058404939717
439	0.1454585701470661
440	0.13984001760396556
441	0.1344364678422786
442	0.12923977872625814
443	0.12424211285446109
444	0.11943592628171909
445	0.11481395786507528
446	0.11036921849354984
447	0.10609498123338269
448	0.10198477164766373
449	0.0980323582657997
450	0.09423174376387189
451	0.09057715614400738
452	0.08706304047357237
453	0.0836840508156822
454	0.08043504232617084
455	0.07731106397671425
456	0.07430735124612996
457	0.07141931919179992
458	0.0686425557779338
459	0.06597281536283156
460	0.06340601265705588
461	0.06093821657260022
462	0.05856564456431048
463	0.056284657124351434
464	0.05409175226174189
465	0.051983560564452955
466	0.049956840219385124
467	0.048008472015235386
468	0.04613545506547773
469	0.04433490217740943
470	0.042604035605738486
471	0.040940183069089024
472	0.03934077372038576
473	0.03780333423721536
474	0.036325485360928986
475	0.03490493822234017
476	0.03353949099642847
477	0.03222702560194835
478	0.030965504586273115
479	0.029752968100545733
480	0.028587530894684892
481	0.027467379588498167
482	0.02639076996068461
483	0.025356024255946494
484	0.024361528811525215
485	0.02340573149123832
486	0.022487139506733204
487	0.021604317068768912
488	0.02075588328501115
489	0.019940510072140594
490	0.01915692008243205
491	0.018403884988447052
492	0.01768022334473536
493	0.016984799081592863
494	0.016316519552930998
495	0.015674334099095612
496	0.015057232324066932
497	0.014464242521373535
498	0.013894430428315148
499	0.013346897513996678
500	0.012820779821985708
501	0.012315246640647108
502	0.011829499093300694
503	0.011362769143122625
504	0.010914318156643073
505	0.01048343610490209
506	0.010069440189066439
507	0.009671673900627481
508	0.009289506066103613
509	0.008922329854361605
510	0.008569561858030149
511	0.008230641071159981
512	0.007905028250695632
513	0.00759220495131241
514	0.007291672722178887
515	0.007002952375872009
516	0.006725583240901815
517	0.006459122529587535
518	0.0062031444701089065
519	0.005957239838751157
520	0.0057210152774122
521	0.00549409259486802
522	0.005276108290922675
523	0.00506671293232847
524	0.0048655706420074815
525	0.00467235859226957
526	0.004486766437387018
527	0.004308495923047455
528	0.0041372603268905175
529	0.0039727841182212184
530	0.0038148024062080246
531	0.0036630606492385753
532	0.0035173141957530194
533	0.003377327871579033
534	0.003242875698208822
535	0.003113740464746514
536	0.002989713430594034
537	0.002870593988245299
538	0.0027561893500082377
539	0.002646314237346825
540	0.00254079055184865
541	0.0024394472377829136
542	0.0023421198315008033
543	0.0022486503076011924
544	0.00215888684272258
545	0.002072683498071246
546	0.001989900091820851
547	0.0019104018650097504
548	0.001834059378238808
549	0.0017607482024335716
550	0.0016903487980921286
551	0.0016227463130800012
552	0.001557830382220394
553	0.0014954950106667968
554	0.0014356382740346616
555	0.0013781623073573412
556	0.0013229730084541693
557	0.0012699800697025775
558	0.0012190966436714332
559	0.0011702393161196092
560	0.0011233279576222997
561	0.0010782855765633303
562	0.0010350381936369984
563	0.000993514757686672
564	0.0009536470220869306
565	0.0009153693421827749
566	0.0008786187945307633
567	0.0008433347759440364
568	0.0008094591841864688
569	0.0007769361592720144
570	0.0007457120456393265
571	0.000715735275398127
572	0.0006869563909468904
573	0.0006593277912196622
574	0.0006328038150702787
575	0.0006073405683103087
576	0.0005828958897297277
577	0.0005594293173359769
578	0.000536901937767587
579	0.0005152764125634886
580	0.0004945168485151192
581	0.00047458880515019924
582	0.0004554591858695887
583	0.0004370961881875018
584	0.0004194692737053823
585	0.0004025491190817169
586	0.0003863075674665771
587	0.0003707175804015891
588	0.0003557531710731928
589	0.000341389376415816
590	0.0003276022675132693
591	0.00031436880780233315
592	0.00030166690247773856
593	0.0002894753147734838
594	0.00027777369644357776
595	0.00026654244823453384
596	0.0002557627887816586
597	0.0002454166724922176
598	0.00023548674580867396
599	0.00022595639733955154
600	0.00021680962087871613
601	0.00020803106608375122
602	0.00019960601419910293
603	0.0001915203169696528
604	0.00018376035474378707
605	0.0001763131057101214
606	0.00016916603014592392
607	0.0001623071213668182
608	0.0001557247910346481
609	0.00014940797532140456
610	0.0001433460206882736
611	0.0001375287167455479
612	0.00013194620145587705
613	0.0001265891032090454
614	0.00012144835537437914
615	0.00011651526593339959
616	0.00011178149610868204
617	0.00010723902125401204
618	0.00010288019982608133
619	0.00009869759087266387
620	0.00009468414886636818
621	0.00009083305959881452
622	0.00008713777375465089
623	0.00008359205776007768
624	0.00008018988461715446
625	0.00007692544977980944
626	0.00007379322204584526
627	0.00007078788823999592
628	0.00006790431614400143
629	0.00006513758792434302
630	0.00006248305056521574
631	0.00005993612158212755
632	0.0000574924972992729
633	0.00005514797657710932
634	0.0000528985985198885
635	0.00005074050191817311
636	0.00004866999339243081
637	0.000046683580214382663
638	0.000044777796746636184
639	0.00004294946123521541
640	0.00004119538247805043
641	0.000039512598805376205
642	0.00003789822268676833
643	0.00003634947406196165
644	0.00003486369628215705
645	0.00003343835493135136
646	0.000032071019796426276
647	0.0000307592966245227
648	0.00002950097789339666
649	0.000028293873491585146
650	0.000027135927594153252
651	0.000026025150654397752
652	0.000024959602184245295
653	0.000023937489864188663
654	0.000022957019068160286
655	0.000022016525109291
656	0.000021114373057421016
657	0.000020249006829562424
658	0.000019418948410278043
659	0.000018622747999601202
660	0.000017859032764519907
661	0.00001712650606289963
662	0.0000164238654463151
663	0.00001574991627837062
664	0.00001510350590836033
665	0.000014483491014699618
666	0.000013888818057070123
667	0.000013318442038479026
668	0.000012771374545434376
669	0.000012246683169029935
670	0.000011743443096682105
671	0.00001126080072215981
672	0.000010797877670473018
673	0.000010353913639841207
674	9.92812293465992e-6
675	9.51975785304125e-6
676	9.128108301029475e-6
677	8.75250140772284e-6
678	8.39228549642677e-6
679	8.046814279728638e-6
680	7.715509130738638e-6
681	7.397796195921526e-6
682	7.093090888628843e-6
683	6.800875361312699e-6
684	6.520651487956194e-6
685	6.251925284574364e-6
686	5.994206900185229e-6
687	5.747071854961838e-6
688	5.510099194670101e-6
689	5.282841006354094e-6
690	5.06491398682707e-6
691	4.855938040727236e-6
692	4.6555514013738085e-6
693	4.463395348725509e-6
694	4.279129257282022e-6
695	4.102445424755965e-6
696	3.933008772323761e-6
697	3.7705468763340964e-6
698	3.6147746874281005e-6
699	3.4654095796928594e-6
700	3.3221861812368553e-6
701	3.184856186836542e-6
702	3.053173407141282e-6
703	2.9269232190553277e-6
704	2.8058634322279514e-6
705	2.6897979234619653e-6
706	2.578502992752656e-6
707	2.4717860533092055e-6
708	2.3694852667731417e-6
709	2.2713821098403805e-6
710	2.1773468460235113e-6
711	2.087164166183791e-6
712	2.000721513434793e-6
713	1.9178210375251596e-6
714	1.8383526559830202e-6
715	1.7621786031117125e-6
716	1.6891337837476882e-6
717	1.6190972550331279e-6
718	1.5519633087351569e-6
719	1.4875988263513937e-6
720	1.4258859893346459e-6
721	1.3667220988227622e-6
722	1.3100193960328247e-6
723	1.2556348159914161e-6
724	1.2035244507752208e-6
725	1.1535610543630161e-6
726	1.1056463594336533e-6
727	1.0597384684145892e-6
728	1.0157127724908626e-6
729	9.735010283078827e-7
730	9.330631196783232e-7
731	8.942768439027152e-7
732	8.571033328212865e-7
733	8.214630360953441e-7
734	7.873043839770418e-7
735	7.545490631040374e-7
736	7.231737160301703e-7
737	6.930875269256351e-7
738	6.642410041622158e-7
739	6.365850937513117e-7
740	6.100980196356565e-7
741	5.846912333387533e-7
742	5.603437931577764e-7
743	5.3700827931815e-7
744	5.1463770318627e-7
745	4.931987550467476e-7
746	4.726319868598467e-7
747	4.529444186016283e-7
748	4.3406406989775937e-7
749	4.159721088823808e-7
750	3.9862369764517983e-7
751	3.819874655641521e-7
752	3.660583493659618e-7
753	3.507793913241189e-7
754	3.361459614148074e-7
755	3.221276232761746e-7
756	3.086684710976014e-7
757	2.9579020299058107e-7
758	2.83437407527198e-7
759	2.7160632210753256e-7
760	2.602549697696596e-7
761	2.4937991002724573e-7
762	2.3895236246537536e-7
763	2.2896910612581531e-7
764	2.19401712787258e-7
765	2.1023460429861265e-7
766	2.014398020300032e-7
767	1.9301461815798353e-7
768	1.8494389700837733e-7
769	1.772126228077867e-7
770	1.6979350953008233e-7
771	1.6268429521910216e-7
772	1.55882724571457e-7
773	1.493496157455675e-7
774	1.4309529995431888e-7
775	1.3710549214956894e-7
776	1.3136604401121619e-7
777	1.2586294344209434e-7
778	1.2058231406100288e-7
779	1.1553464528706176e-7
780	1.1069405311832018e-7
781	1.0604696839830798e-7
782	1.0160399219283064e-7
783	9.735162907885316e-8
784	9.326456362705278e-8
785	8.93535064483323e-8
786	8.560526478918341e-8
787	8.200677824775031e-8
788	7.856876862471119e-8
789	7.526645362326173e-8
790	7.212235523450431e-8
791	6.908836705173725e-8
792	6.618708116009954e-8
793	6.340584048356871e-8
794	6.074375207370148e-8
795	5.819992581620195e-8
796	5.575033259399793e-8
797	5.3405816612741175e-8
798	5.116559044090545e-8
799	4.9005916271131046e-8
800	4.6949090182852855e-8
801	4.497150454817481e-8
802	4.3083951896798156e-8
803	4.127439927969004e-8
804	3.9530940644866875e-8
805	3.7864374254217663e-8
806	3.62741178140085e-8
807	3.474836403603167e-8
808	3.328662731976431e-8
809	3.188842366700434e-8
810	3.0542136454202194e-8
811	2.9258480699188965e-8
812	2.8025904351948524e-8
813	2.684402172004728e-8
814	2.5712448399457233e-8
815	2.463080127649973e-8
816	2.3587748203132713e-8
817	2.2593919898687962e-8
818	2.164893696800635e-8
819	2.0730703093127564e-8
820	1.9860680880926195e-8
821	1.9016897361372625e-8
822	1.8220695902994955e-8
823	1.745022645168487e-8
824	1.6705297229141075e-8
825	1.6007073411158418e-8
826	1.53338883413114e-8
827	1.4685552519754532e-8
828	1.4061877098256877e-8
829	1.3473232490529319e-8
830	1.2898284185980808e-8
831	1.2357932875979531e-8
832	1.1830964352296711e-8
833	1.1338161841286536e-8
834	1.084802058387616e-8
835	1.0402057089691114e-8
836	9.958504974994966e-9
837	9.538001953323278e-9
838	9.130072711826689e-9
839	8.74488680601111e-9
840	8.37202852650765e-9
841	8.02160990885358e-9
842	7.68327462825154e-9
843	7.356930286948258e-9
844	7.0424848164208216e-9
845	6.739846477604289e-9
846	6.458984228089224e-9
847	6.189688996691879e-9
848	5.9218674020833494e-9
849	5.675463487635824e-9
850	5.4304103267802715e-9
851	5.206537816210295e-9
852	4.983894277554856e-9
853	4.772336063116848e-9
854	4.571774407357148e-9
855	4.37231783205527e-9
856	4.18373790832325e-9
857	4.015693167027408e-9
858	3.848574860080069e-9
859	3.6823803268798907e-9
860	3.5171069067645246e-9
861	3.3720199014155654e-9
862	3.227736753139555e-9
863	3.0938332020687295e-9
864	2.9606731039550413e-9
865	2.8377766739679237e-9
866	2.715563846031985e-9
867	2.5940326233742253e-9
868	2.49205952153247e-9
869	2.3906536447524995e-9
870	2.2898133285072216e-9
871	2.1895369085434693e-9
872	2.089822720906866e-9
873	2.0092727503910977e-9
874	1.9198978990346485e-9
875	1.8310258696642377e-9
876	1.761095220940343e-9
877	1.6823629077185938e-9
878	1.6132406102823305e-9
879	1.544507136151796e-9
880	1.4761613209976268e-9
881	1.4172868049790865e-9
882	1.3587438618549306e-9
883	1.3005314938339038e-9
884	1.2426487034926928e-9
885	1.1850944937891477e-9
886	1.1368188268581976e-9
887	1.088816540044743e-9
888	1.0499846088682914e-9
889	9.936287844275452e-10
890	9.552865291147786e-10
891	9.171615659965999e-10
892	8.79253230860393e-10
893	8.415608598279262e-10
894	8.040837893632802e-10
895	7.668213562808168e-10
896	7.384602933678012e-10
897	7.102604342189749e-10
898	6.73585939172486e-10
899	6.457329397569308e-10
900	6.180395976159253e-10
901	5.90505416147975e-10
902	5.63129899062213e-10
903	5.444187180005586e-10
904	5.258138683615104e-10
905	4.988601379115371e-10
906	4.720631992231062e-10
907	4.538263705677012e-10
908	4.3569444046373834e-10
909	4.1766707864250954e-10
910	3.997439550786449e-10
911	3.8192473999338435e-10
912	3.642091038578732e-10
913	3.4659671739648267e-10
914	3.373140452983658e-10
915	3.1988210078701157e-10
916	3.107291809347529e-10
917	2.934765818365337e-10
918	2.763256985772152e-10
919	2.7548017171090553e-10
920	2.584821390834321e-10
921	2.4158494830826777e-10
922	2.408437717180367e-10
923	2.2409801101597516e-10
924	2.1543075110502335e-10
925	2.06814078419352e-10
926	1.982478292027589e-10
927	1.8973183985453755e-10
928	1.8126594693079262e-10
929	1.7284998714576895e-10
930	1.7231596828991003e-10
931	1.5616721464765796e-10
932	1.556838917338525e-10
933	1.4744193787672194e-10
934	1.39249156894188e-10
935	1.3881707226362914e-10
936	1.2301046433086196e-10
937	1.2262809628473935e-10
938	1.2224659543291355e-10
939	1.1424969677164783e-10
940	1.0630110644831751e-10
941	1.0596953728752242e-10
942	9.809346488280969e-11
943	9.026527050757282e-11
944	8.998298340875566e-11
945	8.970134325770188e-11
946	8.196901525715635e-11
947	7.428402910849762e-11
948	7.405091515880664e-11
949	7.381833871898771e-11
950	7.358629909232481e-11
951	6.601967174383691e-11
952	5.849974564642637e-11
953	5.831537228281782e-11
954	5.813142722668292e-11
955	5.794790990124965e-11
956	5.7764819734808765e-11
957	5.0384736684132894e-11
958	5.0225265146686734e-11
959	4.2914226318846164e-11
960	4.2778160674182983e-11
961	4.26424142909476e-11
962	4.2506986720609256e-11
963	4.237187751861776e-11
964	4.2237086244189034e-11
965	3.508584957905648e-11
966	3.497403903459313e-11
967	2.7890370095433175e-11
968	2.7801329648729202e-11
969	2.7712500674548428e-11
970	2.7623882854127196e-11
971	2.7535475871812698e-11
972	2.744727941490479e-11
973	2.7359293173504464e-11
974	2.727151684036842e-11
975	2.7183950110769816e-11
976	2.7096592682364393e-11
977	2.025739827865141e-11
978	2.0192181143884e-11
979	2.0127120796857956e-11
980	2.0062216998233514e-11
981	1.3332004394223395e-11
982	1.3288929423477697e-11
983	1.3245958896193755e-11
984	1.3203092636539298e-11
985	1.3160330470632928e-11
986	1.3117672226452033e-11
987	1.3075117733744407e-11
988	1.3032666823943406e-11
989	1.2990319330086722e-11
990	1.2948075086738185e-11
991	1.2905933929913057e-11
992	1.2863895697006118e-11
993	1.2821960226722895e-11
994	1.2780127359013617e-11
995	1.2738396935009849e-11
996	1.2696768796963862e-11
997	1.265524278819037e-11
998	1.2613818753010751e-11
999	1.257249653669968e-11
1000	6.265889147521198e-12