1	-0.0005383877655189649
2	-0.0010805859718272632
3	-0.0016250523911616993
4	-0.00217031814237914
5	-0.002714988038251739
6	-0.0032577405886747364
7	-0.003797327694745702
8	-0.004332574066214424
9	-0.004862376392482318
10	-0.005385702295143381
11	-0.0059015890879987746
12	-0.006409142368537577
13	-0.006907534463052311
14	-0.007396002745842477
15	-0.007873847851348276
16	-0.008340431796544224
17	-0.008795176029503438
18	-0.009237559418713407
19	-0.009667116196478417
20	-0.010083433868577917
21	-0.010486151101259953
22	-0.010874955595630497
23	-0.011249581958548398
24	-0.01160980957824951
25	-0.011955460512097112
26	-0.012286397393087237
27	-0.012602521361022476
28	-0.012903770023604186
29	-0.013190115452077157
30	-0.013461562215490289
31	-0.013718145457108755
32	-0.01395992901602581
33	-0.014187003596571853
34	-0.014399484987704039
35	-0.014597512334178164
36	-0.014781246460954892
37	-0.0149508682519712
38	-0.015106577084114638
39	-0.015248589316970498
40	-0.015377136838668308
41	-0.015492465667932857
42	-0.015594834612244816
43	-0.015684513981835332
44	-0.015761784359076932
45	-0.015826935422687177
46	-0.01588026482603231
47	-0.015922077128703322
48	-0.01595268278043509
49	-0.01597239715635112
50	-0.015981539642439348
51	-0.015980432770097884
52	-0.01596940139853432
53	-0.0159487719437541
54	-0.015918871652835946
55	-0.015880027922161262
56	-0.015832567658240405
57	-0.015776816679762357
58	-0.015713099159482852
59	-0.015641737104560217
60	-0.01556304987394763
61	-0.015477353731454167
62	-0.015384961433094632
63	-0.015286181847359716
64	-0.015181319607052312
65	-0.015070674791353912
66	-0.014954542636804258
67	-0.014833213275900705
68	-0.014706971502047464
69	-0.014576096559610945
70	-0.014440861957865847
71	-0.014301535307644069
72	-0.014158378179529902
73	-0.014011645982474613
74	-0.013861587861735691
75	-0.013708446615077577
76	-0.013552458626203613
77	-0.013393853814421156
78	-0.013232855599574777
79	-0.013069680881315531
80	-0.012904540031806466
81	-0.012737636900998026
82	-0.012569168833638306
83	-0.012399326697216157
84	-0.012228294920065825
85	-0.012056251538893968
86	-0.011883368255019715
87	-0.011709810498649274
88	-0.01153573750053562
89	-0.011361302370403179
90	-0.011186652181545596
91	-0.011011928061031975
92	-0.010837265284984618
93	-0.010662793378416644
94	-0.010488636219144408
95	-0.010314912145313255
96	-0.010141734066100087
97	-0.009969209575179251
98	-0.0097974410665604
99	-0.009626525852429511
100	-0.00945655628264442
101	-0.00928761986555753
102	-0.009119799389856877
103	-0.008953173047136498
104	-0.008787814554924696
105	-0.008623793279916246
106	-0.00846117436117163
107	-0.008300018833062008
108	-0.008140383747754481
109	-0.007982322297046495
110	-0.007825883933372885
111	-0.0076711144898218816
112	-0.007518056299009664
113	-0.0073667483106755445
114	-0.0072172262078708084
115	-0.007069522521626197
116	-0.006923666743993012
117	-0.006779685439363344
118	-0.006637602353983942
119	-0.006497438523587875
120	-0.006359212379076269
121	-0.006222939850190867
122	-0.006088634467125349
123	-0.00595630746003114
124	-0.005825967856380022
125	-0.0056976225761519545
126	-0.0055712765248232664
127	-0.005446932684135272
128	-0.0053245922006293555
129	-0.005204254471939042
130	-0.005085917230834487
131	-0.004969576627019109
132	-0.004855227306682133
133	-0.004742862489814376
134	-0.004632474045298526
135	-0.004524052563787911
136	-0.004417587428391041
137	-0.0043130668831817655
138	-0.00421047809955752
139	-0.004109807240470397
140	-0.00401103952255791
141	-0.003914159276201944
142	-0.0038191500035467145
143	-0.00372599443450734
144	-0.00363467458080266
145	-0.0035451717880468515
146	-0.0034574667859353044
147	-0.0033715397365617194
148	-0.003287370280903488
149	-0.0032049375835138854
150	-0.003124220375459202
151	-0.0030451969955405667
152	-0.0029678454298394065
153	-0.0028921433496268624
154	-0.002818068147676527
155	-0.0027455969730210725
156	-0.0026747067641924266
157	-0.002605374280985788
158	-0.002537576134787105
159	-0.002471288817504033
160	-0.002406488729139308
161	-0.00234315220404632
162	-0.0022812555359051664
163	-0.0022207750014579214
164	-0.0021616868830409276
165	-0.0021039674899517636
166	-0.0020475931786878105
167	-0.0019925403720929932
168	-0.0019387855774485657
169	-0.0018863054035432691
170	-0.0018350765767577455
171	-0.0017850759561971034
172	-0.0017362805479053688
173	-0.0016886675181944843
174	-0.0016422142061199546
175	-0.0015968981351348003
176	-0.0015526970239526491
177	-0.0015095887966496972
178	-0.0014675515920353967
179	-0.0014265637723203837
180	-0.0013866039311094757
181	-0.0013476509007475325
182	-0.00130968375904414
183	-0.001272681835403625
184	-0.001236624716385202
185	-0.0012014922507179728
186	-0.0011672645537945637
187	-0.001133922011666432
188	-0.0011014452845636655
189	-0.0010698153099605266
190	-0.001039013305208535
191	-0.001009020769757067
192	-0.0009798194869816668
193	-0.000951391525639094
194	-0.0009237192409677615
195	-0.0008967852754518697
196	-0.0008705725592660213
197	-0.0008450643104177348
198	-0.0008202440346038268
199	-0.0007960955247961466
200	-0.0007726028605722474
201	-0.0007497504072052359
202	-0.0007275228145267042
203	-0.0007059050155769083
204	-0.0006848822250542789
205	-0.0006644399375777377
206	-0.0006445639257732362
207	-0.0006252402381963732
208	-0.0006064551971018501
209	-0.0005881953960711966
210	-0.0005704476975080842
211	-0.0005531992300118074
212	-0.0005364373856377629
213	-0.000520149817054315
214	-0.0005043244346047168
215	-0.000488949403281845
216	-0.00047401313962413643
217	-0.0004595043085402348
218	-0.00044541182006912984
219	-0.0004317248260829707
220	-0.0004184327169391799
221	-0.0004055251180878684
222	-0.00039299188664040067
223	-0.0003808231079051932
224	-0.0003690090918955992
225	-0.0003575403698153733
226	-0.00034640769052611526
227	-0.0003356020170017759
228	-0.0003251145227741254
229	-0.00031493658837354377
230	-0.0003050597977688134
231	-0.0002954759348098336
232	-0.00028617697967627605
233	-0.0002771551053359719
234	-0.00026840267401570674
235	-0.0002599122336872356
236	-0.000251676514571469
237	-0.00024368842566325444
238	-0.00023594105127906117
239	-0.00022842764762963968
240	-0.00022114163942003168
241	-0.00021407661647848212
242	-0.00020722633041621338
243	-0.00020058469131963916
244	-0.00019414576447641357
245	-0.00018790376713688478
246	-0.00018185306531215043
247	-0.0001759881706096046
248	-0.00017030373710756437
249	-0.00016479455826922572
250	-0.0001594555638975421
251	-0.0001542818171311621
252	-0.00014926851148231352
253	-0.00014441096791753297
254	-0.00013970463198105138
255	-0.00013514507096201584
256	-0.000130727971105447
257	-0.00012644913486728406
258	-0.00012230447821398547
259	-0.0001182900279664922
260	-0.00011440191918895805
261	-0.0001106363926224063
262	-0.00010698979216269712
263	-0.00010345856238349547
264	-0.00010003924610409444
265	-0.0000967284820010558
266	-0.0000935230022649063
267	-0.000090419630300533
268	-0.0000874152784716212
269	-0.00008450694588885404
270	-0.00008169171624106136
271	-0.00007896675566983591
272	-0.00007632931068660208
273	-0.00007377670613188232
274	-0.00007130634317651314
275	-0.0000689156973645304
276	-0.00006660231669664739
277	-0.0000643638197547883
278	-0.00006219789386628257
279	-0.00006010229330802681
280	-0.00005807483754953601
281	-0.000056113409534662336
282	-0.0000542159540014858
283	-0.0000523804758394602
284	-0.00005060503848415583
285	-0.00004888776234766449
286	-0.000047226823285670084
287	-0.000045620451099463095
288	-0.00004406692807278184
289	-0.00004256458754308891
290	-0.00004111181250627505
291	-0.000039707034254618976
292	-0.000038348731047170254
293	-0.00003703542681221438
294	-0.000035765689880968284
295	-0.00003453813175231405
296	-0.00003335140588752922
297	-0.00003220420653479559
298	-0.000031095267583030596
299	-0.00003002336144391059
300	-0.000028987297962279028
301	-0.000027985923353666602
302	-0.00002701811916901178
303	-0.000026082801285519445
304	-0.000025178918923431717
305	-0.000024305453688115073
306	-0.000023461418636901686
307	-0.000022645857369963746
308	-0.00002185784314534144
309	-0.00002109647801662619
310	-0.000020360891993808628
311	-0.00001965024222595701
312	-0.000018963712205999614
313	-0.00001830051099639139
314	-0.000017659872475556128
315	-0.00001704105460494504
316	-0.000016443338715346286
317	-0.00001586602881301551
318	-0.000015308450904542175
319	-0.000014769952340016814
320	-0.000014249901174531769
321	-0.000013747685546947744
322	-0.000013262713076226748
323	-0.000012794410273969632
324	-0.000012342221973673886
325	-0.000011905610776157207
326	-0.000011484056509903958
327	-0.000011077055707238324
328	-0.00001068412109467924
329	-0.000010304781098317397
330	-9.938579362819815e-6
331	-9.585074284448529e-6
332	-9.243838557072544e-6
333	-8.91445873149871e-6
334	-8.596534787584082e-6
335	-8.289679718227888e-6
336	-7.993519125832082e-6
337	-7.707690830425216e-6
338	-7.431844488833506e-6
339	-7.165641225611175e-6
340	-6.908753274122019e-6
341	-6.660863628677049e-6
342	-6.421665706397805e-6
343	-6.190863019823362e-6
344	-5.96816885823155e-6
345	-5.753305979403958e-6
346	-5.546006309742043e-6
347	-5.346010653812547e-6
348	-5.153068412641721e-6
349	-4.9669373100231535e-6
350	-4.787383127353777e-6
351	-4.614179446573119e-6
352	-4.447107400502931e-6
353	-4.285955431148957e-6
354	-4.130519054916751e-6
355	-3.980600635622061e-6
356	-3.836009163398479e-6
357	-3.696560041563032e-6
358	-3.5620748789251127e-6
359	-3.4323812895643227e-6
360	-3.307312697428936e-6
361	-3.1867081483172124e-6
362	-3.0704121268416484e-6
363	-2.958274379046855e-6
364	-2.850149741333141e-6
365	-2.7458979735415086e-6
366	-2.6453835982638932e-6
367	-2.5484757443883688e-6
368	-2.455047996228216e-6
369	-2.3649782468396175e-6
370	-2.2781485563246544e-6
371	-2.194445014119124e-6
372	-2.1137576063399293e-6
373	-2.0359800866226565e-6
374	-1.96100985144732e-6
375	-1.88874781938366e-6
376	-1.819098314062206e-6
377	-1.7519689507429929e-6
378	-1.687270526991285e-6
379	-1.6249169163723602e-6
380	-1.564824965663999e-6
381	-1.5069143954851457e-6
382	-1.4511077040557966e-6
383	-1.3973300739764472e-6
384	-1.345509282202443e-6
385	-1.2955756126644673e-6
386	-1.247461771957964e-6
387	-1.2011028075823607e-6
388	-1.15643602904213e-6
389	-1.1134009311721684e-6
390	-1.071939120399185e-6
391	-1.0319942430027802e-6
392	-9.935119160492964e-7
393	-9.564396603482527e-7
394	-9.207268357350331e-7
395	-8.863245782053561e-7
396	-8.531857399517934e-7
397	-8.212648299577404e-7
398	-7.905179579868333e-7
399	-7.609027795813813e-7
400	-7.323784430004968e-7
401	-7.049055382511884e-7
402	-6.784460472654617e-7
403	-6.529632963155799e-7
404	-6.284219095647513e-7
405	-6.047877644669257e-7
406	-5.820279482071424e-7
407	-5.601107165522277e-7
408	-5.390054526483402e-7
409	-5.186826285156695e-7
410	-4.991137671956436e-7
411	-4.80271406226402e-7
412	-4.6212906243364165e-7
413	-4.4466119786725476e-7
414	-4.2784318690640515e-7
415	-4.1165128435966714e-7
416	-3.9606259501293266e-7
417	-3.810550436267769e-7
418	-3.6660734650076845e-7
419	-3.526989836429493e-7
420	-3.3931017215307794e-7
421	-3.264218402452164e-7
422	-3.14015602122434e-7
423	-3.020737343999637e-7
424	-2.9057915226080673e-7
425	-2.7951538714978655e-7
426	-2.6886656514754253e-7
427	-2.586173860377598e-7
428	-2.487531026363546e-7
429	-2.3925950180755304e-7
430	-2.3012288504320337e-7
431	-2.2133005071729824e-7
432	-2.1286827612696618e-7
433	-2.0472530050435516e-7
434	-1.9688930877072607e-7
435	-1.8934891559477785e-7
436	-1.820931501733161e-7
437	-1.7511144133513083e-7
438	-1.6839360342936315e-7
439	-1.6192982234994807e-7
440	-1.5571064257108063e-7
441	-1.4972695408857492e-7
442	-1.439699801421859e-7
443	-1.3843126523151053e-7
444	-1.3310266355707384e-7
445	-1.279763282296425e-7
446	-1.2304470000150054e-7
447	-1.1830049728099e-7
448	-1.1373670618610148e-7
449	-1.0934657059723949e-7
450	-1.0512358318373017e-7
451	-1.010614761902825e-7
452	-9.715421295831296e-8
453	-9.339597955573975e-8
454	-8.978117647575522e-8
455	-8.63044112183076e-8
456	-8.296049061273467e-8
457	-7.974441360816332e-8
458	-7.66513643247041e-8
459	-7.367670519832038e-8
460	-7.081597078214924e-8
461	-6.806486117828457e-8
462	-6.541923617767883e-8
463	-6.287510951213095e-8
464	-6.042864291741615e-8
465	-5.8076141093173166e-8
466	-5.581404643992857e-8
467	-5.3638933615424854e-8
468	-5.154750526368072e-8
469	-4.953658696291799e-8
470	-4.7603122743077214e-8
471	-4.574417096139822e-8
472	-4.395689996968837e-8
473	-4.223858388035312e-8
474	-4.0586599051263016e-8
475	-3.89984200613211e-8
476	-3.747161619013309e-8
477	-3.600384787651575e-8
478	-3.4592863423105587e-8
479	-3.323649577290588e-8
480	-3.1932659225897896e-8
481	-3.067934658686359e-8
482	-2.9474626258518073e-8
483	-2.831663928024535e-8
484	-2.7203596895533498e-8
485	-2.6133777666959357e-8
486	-2.5105525258833804e-8
487	-2.4117245814688427e-8
488	-2.3167405737905545e-8
489	-2.225452942887734e-8
490	-2.1377196979002583e-8
491	-2.0534042501329838e-8
492	-1.9723751562723167e-8
493	-1.8945059798862e-8
494	-1.819675058654687e-8
495	-1.7477653677963197e-8
496	-1.678664321039016e-8
497	-1.6122635953837232e-8
498	-1.5484590165630964e-8
499	-1.4871503455006516e-8
500	-1.4282411713119436e-8
501	-1.3716387649341391e-8
502	-1.3172539114602722e-8
503	-1.2650008223704895e-8
504	-1.2147969532012513e-8
505	-1.1665629475007372e-8
506	-1.1202224585788991e-8
507	-1.0757020563410544e-8
508	-1.0329311273105631e-8
509	-9.91841763180887e-9
510	-9.523686610802679e-9
511	-9.14448998468257e-9
512	-8.780223850002727e-9
513	-8.430307427817757e-9
514	-8.094182171943881e-9
515	-7.771310998951683e-9
516	-7.461177454021866e-9
517	-7.16328509379069e-9
518	-6.877156337378532e-9
519	-6.602332144328904e-9
520	-6.338371209348624e-9
521	-6.084849094102283e-9
522	-5.841357814637105e-9
523	-5.607505085883887e-9
524	-5.382913787947778e-9
525	-5.16722141969186e-9
526	-4.960079397697614e-9
527	-4.761152721332973e-9
528	-4.570119247479379e-9
529	-4.386669427636974e-9
530	-4.210505559688175e-9
531	-4.041341598698466e-9
532	-3.878902577666503e-9
533	-3.722924112824711e-9
534	-3.573152185482918e-9
535	-3.4293425809261403e-9
536	-3.2912606044730282e-9
537	-3.158680693533291e-9
538	-3.0313860690432877e-9
539	-2.909168378750806e-9
540	-2.7918272844310466e-9
541	-2.6791704739794255e-9
542	-2.5710129456485236e-9
543	-2.4671769576218783e-9
544	-2.3674917790925524e-9
545	-2.2717932416700496e-9
546	-2.1799237184134954e-9
547	-2.0917316141273737e-9
548	-2.0070713809349913e-9
549	-1.925803044720302e-9
550	-1.8477921612944425e-9
551	-1.7729095738722084e-9
552	-1.7010311651558938e-9
553	-1.6320377987171016e-9
554	-1.5658148180380425e-9
555	-1.5022522214183428e-9
556	-1.4412441513965881e-9
557	-1.3826891590215875e-9
558	-1.3264895867453819e-9
559	-1.2725516782878138e-9
560	-1.2207853922752622e-9
561	-1.1711042118630278e-9
562	-1.1234249994392005e-9
563	-1.0776679458139485e-9
564	-1.0337564181745521e-9
565	-9.916166081043503e-10
566	-9.511779618603381e-10
567	-9.123723309695395e-10
568	-8.751345442045351e-10
569	-8.394018958241621e-10
570	-8.051141715349208e-10
571	-7.722134749523958e-10
572	-7.406443967299289e-10
573	-7.103534905687691e-10
574	-6.812895854657382e-10
575	-6.534034540911742e-10
576	-6.266478244228492e-10
577	-6.009773895580695e-10
578	-5.763485183011059e-10
579	-5.527194093024974e-10
580	-5.300498469983698e-10
581	-5.083013026412096e-10
582	-4.874367359177867e-10
583	-4.674205434643765e-10
584	-4.4821855546050014e-10
585	-4.2979798097151603e-10
586	-4.12127351688586e-10
587	-3.9517646410771613e-10
588	-3.789162703111726e-10
589	-3.633188669126815e-10
590	-3.483575826061623e-10
591	-3.340066651153113e-10
592	-3.202414658415998e-10
593	-3.0703827389387715e-10
594	-2.9437444875381933e-10
595	-2.8222810169734166e-10
596	-2.7057832624263926e-10
597	-2.5940502737873797e-10
598	-2.4868884961100756e-10
599	-2.3841135472499387e-10
600	-2.2855469725241312e-10
601	-2.1910180030655055e-10
602	-2.100363301349019e-10
603	-2.0134256926418776e-10
604	-1.9300533880350068e-10
605	-1.8501022164325432e-10
606	-1.7734328221844591e-10
607	-1.6999123799619634e-10
608	-1.6294117737079618e-10
609	-1.5618088091535588e-10
610	-1.4969853782791632e-10
611	-1.4348286453838883e-10
612	-1.3752286983130083e-10
613	-1.318082749984464e-10
614	-1.2632902554286226e-10
615	-1.210755083849809e-10
616	-1.1603851639658821e-10
617	-1.1120916180627994e-10
618	-1.0657909232148243e-10
619	-1.0213999908976874e-10
620	-9.788418576396678e-11
621	-9.380412598262849e-11
622	-8.989257648748616e-11
623	-8.614274070192382e-11
624	-8.254797626292222e-11
625	-7.910185636796664e-11
626	-7.579833225144098e-11
627	-7.263159135499341e-11
628	-6.959596562615202e-11
629	-6.668604226474662e-11
630	-6.389682507198048e-11
631	-6.122318512628718e-11
632	-5.866047803478243e-11
633	-5.620404461152345e-11
634	-5.3849624834046654e-11
635	-5.159295923251409e-11
636	-4.942999926269331e-11
637	-4.7357016054186206e-11
638	-4.537009901189362e-11
639	-4.346592472118193e-11
640	-4.164089916074813e-11
641	-3.989187551192572e-11
642	-3.8215702466494845e-11
643	-3.660933154160039e-11
644	-3.5069873422652935e-11
645	-3.359460327105733e-11
646	-3.218091494349063e-11
647	-3.0826122257961853e-11
648	-2.952792185678552e-11
649	-2.828388871558324e-11
650	-2.7091836911953468e-11
651	-2.5949620212768543e-11
652	-2.4855085195220245e-11
653	-2.3806380814686732e-11
654	-2.2801503767195093e-11
655	-2.1838709680103018e-11
656	-2.0916210979855086e-11
657	-2.0032333137703872e-11
658	-1.918551797166556e-11
659	-1.8374173929582547e-11
660	-1.7596832023260826e-11
661	-1.685214878874977e-11
662	-1.6138654275097295e-11
663	-1.5455111566594534e-11
664	-1.4800315548193738e-11
665	-1.4172993493328341e-11
666	-1.3572062385899785e-11
667	-1.299637641194835e-11
668	-1.2444882162238905e-11
669	-1.1916620827787343e-11
670	-1.14105773921302e-11
671	-1.0925886567730201e-11
672	-1.0461528927992859e-11
673	-1.0016791546670075e-11
674	-9.590811081804586e-12
675	-9.182779427202853e-12
676	-8.79194540561496e-12
677	-8.417616397248063e-12
678	-8.05910895346128e-12
679	-7.715699374208629e-12
680	-7.386828974997252e-12
681	-7.071901682225956e-12
682	-6.770234486058783e-12
683	-6.481313449681444e-12
684	-6.204642128970593e-12
685	-5.939691873169042e-12
686	-5.685903028838922e-12
687	-5.442889716473781e-12
688	-5.21023723294856e-12
689	-4.987401353207895e-12
690	-4.774014734557545e-12
691	-4.569684281073129e-12
692	-4.374042977990094e-12
693	-4.186699931495936e-12
694	-4.007292120044494e-12
695	-3.835536059896328e-12
696	-3.671025243400346e-12
697	-3.5135359520003942e-12
698	-3.362773805323086e-12
699	-3.2184253620805364e-12
700	-3.080209635081491e-12
701	-2.9478787406834e-12
702	-2.8211677582207444e-12
703	-2.6998968846762906e-12
704	-2.5837689929831063e-12
705	-2.472623990266768e-12
706	-2.3661856538967727e-12
707	-2.2642651236574027e-12
708	-2.1667613171332134e-12
709	-2.0733572860451355e-12
710	-1.9840275795158316e-12
711	-1.898430588611909e-12
712	-1.8165676239205966e-12
713	-1.7381248786583152e-12
714	-1.6630814968725384e-12
715	-1.5913048765540469e-12
716	-1.522551230210734e-12
717	-1.4567188917243414e-12
718	-1.3937473863015941e-12
719	-1.333466160286221e-12
720	-1.2757466004731517e-12
721	-1.220502289718623e-12
722	-1.1676892465865292e-12
723	-1.117053919658715e-12
724	-1.0686885599225663e-12
725	-1.022375553748909e-12
726	-9.779913837844117e-13
727	-9.356074570974617e-13
728	-8.949864692844042e-13
729	-8.560865557625129e-13
730	-8.189605197169907e-13
731	-7.833535384093192e-13
732	-7.493072402188773e-13
733	-7.167070660619546e-13
734	-6.855339295773486e-13
735	-6.556633851111517e-13
736	-6.271671409536412e-13
737	-5.998613565298997e-13
738	-5.737084890917968e-13
739	-5.486667866544559e-13
740	-5.247906413492538e-13
741	-5.018800327224687e-13
742	-4.799817267055403e-13
743	-4.590386848583207e-13
744	-4.389904420341124e-13
745	-4.198232203183396e-13
746	-4.014200970973992e-13
747	-3.839108454074294e-13
748	-3.671225561998345e-13
749	-3.510792387192467e-13
750	-3.3570235012799087e-13
751	-3.2096062593676976e-13
752	-3.0691985154644554e-13
753	-2.9344409961533795e-13
754	-2.805942817955799e-13
755	-2.683294319972186e-13
756	-2.5650707047631035e-13
757	-2.452808268527613e-13
758	-2.345041456815959e-13
759	-2.2422721411426e-13
760	-2.1434947454316564e-13
761	-2.0491738763435324e-13
762	-1.9587650584308065e-13
763	-1.8726977191873148e-13
764	-1.7903947555771185e-13
765	-1.7117588917534842e-13
766	-1.636183948014715e-13
767	-1.5640378819453643e-13
768	-1.495180347449038e-13
769	-1.4294578067050576e-13
770	-1.3662113773731827e-13
771	-1.3057561022512564e-13
772	-1.2483941666891904e-13
773	-1.1929401236557932e-13
774	-1.140166165665274e-13
775	-1.0898495264971056e-13
776	-1.041757698652711e-13
777	-9.956488615863899e-14
778	-9.512722949619109e-14
779	-9.093483145157486e-14
780	-8.691181207890807e-14
781	-8.303055931173542e-14
782	-7.936046996148585e-14
783	-7.587227866200328e-14
784	-7.248724001091619e-14
785	-6.927241594413268e-14
786	-6.619650633027569e-14
787	-6.322762803226438e-14
788	-6.043067006873007e-14
789	-5.77238259035196e-14
790	-5.5219295102685265e-14
791	-5.2737039914329366e-14
792	-5.0388114570219724e-14
793	-4.813726365939583e-14
794	-4.5997269455073433e-14
795	-4.3980381694416004e-14
796	-4.200160214175397e-14
797	-4.012073126499738e-14
798	-3.8348652319225855e-14
799	-3.659928613399605e-14
800	-3.4979279635726333e-14
801	-3.3401846715522814e-14
802	-3.19245144926368e-14
803	-3.050806911976231e-14
804	-2.91130781779485e-14
805	-2.7795940977915685e-14
806	-2.6564572487771472e-14
807	-2.537861560210365e-14
808	-2.4245448449074617e-14
809	-2.3172139457810744e-14
810	-2.2117644603134153e-14
811	-2.113634377085646e-14
812	-2.0186712771941072e-14
813	-1.927481788516364e-14
814	-1.8406470462427627e-14
815	-1.758723644077149e-14
816	-1.6774881893722623e-14
817	-1.6022157750392997e-14
818	-1.5333947928550206e-14
819	-1.4620054915135112e-14
820	-1.3979992285511276e-14
821	-1.3323338693046912e-14
822	-1.2749054004922993e-14
823	-1.2166523849641076e-14
824	-1.1579746267534525e-14
825	-1.1086899834998948e-14
826	-1.0597134354698527e-14
827	-1.011396900273209e-14
828	-9.640775596358446e-15
829	-9.22777796824125e-15
830	-8.784036708963066e-15
831	-8.406455967552975e-15
832	-8.004019807304235e-15
833	-7.673202356841527e-15
834	-7.276166530969695e-15
835	-7.002550033176414e-15
836	-6.667760593925267e-15
837	-6.367601164444181e-15
838	-6.0576648524959194e-15
839	-5.786700037036771e-15
840	-5.510205200570285e-15
841	-5.2766531716762084e-15
842	-5.04146256525879e-15
843	-4.806501982534711e-15
844	-4.573561383716426e-15
845	-4.344355074184875e-15
846	-4.1667210751568695e-15
847	-3.995937074217482e-15
848	-3.787407658087134e-15
849	-3.6348186199635495e-15
850	-3.4473978322730932e-15
851	-3.3185126241122915e-15
852	-3.157470095329691e-15
853	-3.011474789045432e-15
854	-2.8816771185360982e-15
855	-2.7234243035131025e-15
856	-2.5836184318589064e-15
857	-2.508913071079935e-15
858	-2.408912429732088e-15
859	-2.284681412786591e-15
860	-2.137243648697424e-15
861	-2.0584773279309937e-15
862	-1.958228383461651e-15
863	-1.882749023539096e-15
864	-1.7874644313898487e-15
865	-1.7184534800029552e-15
866	-1.63117737910504e-15
867	-1.5264101718076257e-15
868	-1.4950630492368435e-15
869	-1.4474733413901857e-15
870	-1.384327268834425e-15
871	-1.3062843388653362e-15
872	-1.2139783822934803e-15
873	-1.1976562356560642e-15
874	-1.1232864327644609e-15
875	-1.0363032428766926e-15
876	-1.0265628536253635e-15
877	-9.604486463519627e-16
878	-9.277207515757308e-16
879	-8.841996975720053e-16
880	-8.303453051313651e-16
881	-8.109860615840915e-16
882	-7.82050438561866e-16
883	-7.439459733201246e-16
884	-6.970642644503897e-16
885	-6.417815932866668e-16
886	-6.225708294515872e-16
887	-5.955570209795986e-16
888	-6.050736256488919e-16
889	-5.194406598974526e-16
890	-5.148544366492519e-16
891	-5.036100063891405e-16
892	-4.859910259713666e-16
893	-4.622700206481209e-16
894	-4.327088194096229e-16
895	-3.97558973415936e-16
896	-4.0061138038665314e-16
897	-3.9843496057387347e-16
898	-3.4781731584274744e-16
899	-3.3589970266527987e-16
900	-3.193953849371069e-16
901	-2.985017428115533e-16
902	-2.7340838942980255e-16
903	-2.8744454396106123e-16
904	-2.975220916631815e-16
905	-2.60777808170816e-16
906	-2.205202386481573e-16
907	-2.1981868984360407e-16
908	-2.1579086190742008e-16
909	-2.0857949288675925e-16
910	-1.9832168653329016e-16
911	-1.8514913388256376e-16
912	-1.6918832617653363e-16
913	-1.5056075946549934e-16
914	-1.7188459458073592e-16
915	-1.4820950727832926e-16
916	-1.6458634154903555e-16
917	-1.3629403417805247e-16
918	-1.0587388474976692e-16
919	-1.5782680986786178e-16
920	-1.2331315641183013e-16
921	-8.694643916786313e-17
922	-1.328552456549581e-16
923	-9.291166165801598e-17
924	-9.325938850038094e-17
925	-9.195092702141043e-17
926	-8.905785025543766e-17
927	-8.464889015684904e-17
928	-7.879004992902165e-17
929	-7.154471193999826e-17
930	-1.0450849804110622e-16
931	-5.313558594536171e-17
932	-8.349813596618434e-17
933	-7.123009065254462e-17
934	-5.785652302746721e-17
935	-8.465355523634526e-17
936	-2.798963809545172e-17
937	-5.269217437310083e-17
938	-7.635198986950412e-17
939	-5.803326488655545e-17
940	-3.8878880067741206e-17
941	-5.978055446256403e-17
942	-3.9007531148042217e-17
943	-1.7511040906021677e-17
944	-3.59900559152358e-17
945	-5.3687285249310367e-17
946	-3.009579065361992e-17
947	-5.910590250777863e-18
948	-2.1572995367484325e-17
949	-3.6572428298588826e-17
950	-5.093562892391542e-17
951	-2.4466707053174723e-17
952	2.460796796036054e-18
953	-1.027117128210326e-17
954	-2.2463751053710544e-17
955	-3.413872799908035e-17
956	-4.531701239237773e-17
957	-1.618059766753804e-17
958	-2.648914457020928e-17
959	3.3505822407711393e-18
960	-6.162581161283361e-18
961	-1.52718323343465e-17
962	-2.3993515842227224e-17
963	-3.234331837783797e-17
964	-4.033629508017644e-17
965	-8.665312951540567e-18
966	-1.6052362954488313e-17
967	1.6067278302277943e-17
968	9.232558164757731e-18
969	2.687842736419681e-18
970	-3.5786291003003754e-18
971	-9.578144052796821e-18
972	-1.5321533438822593e-17
973	-2.0819191449467612e-17
974	-2.6081092684590143e-17
975	-3.111680898943383e-17
976	-3.593552562010132e-17
977	-2.009492973988185e-18
978	-6.486235177659169e-18
979	-1.0771442452373122e-17
980	-1.4872902054808696e-17
981	1.947426827530178e-17
982	1.5651949992668052e-17
983	1.1991783820926573e-17
984	8.487169047578443e-18
985	5.1317722011889e-18
986	1.9195162956743668e-18
987	-1.1554294952897692e-18
988	-4.0986597508453635e-18
989	-6.915542318923068e-18
990	-9.611227451349923e-18
991	-1.2190656573253001e-17
992	-1.465857070129607e-17
993	-1.701951852470001e-17
994	-1.9277864162499085e-17
995	-2.1437794609869967e-17
996	-2.3503326885969267e-17
997	-2.5478314895108714e-17
998	-2.736645601272521e-17
999	-2.9171297407104746e-17
1000	6.1057859450620805e-18