1	415.6290162727955
2	404.35503673913433
3	393.31136398030617
4	382.4975838286379
5	371.9129682195336
6	361.5564989869582
7	351.426890390505
8	341.52261042981684
9	331.8419010001028
10	322.3827969404892
11	313.14314402503186
12	304.1206159443299
13	295.31273032386827
14	286.71686382344126
15	278.3302663603057
16	270.1500744970376
17	262.1733240334669
18	254.39696184049583
19	246.81785697210145
20	239.43281109035456
21	232.2385682368787
22	225.23182398280068
23	218.40923398792293
24	211.767421998571
25	205.30298731233543
26	199.0125117367354
27	192.8925660676804
28	186.9397161125049
29	181.15052828126838
30	175.52157476899578
31	170.04943835053015
32	164.7307168087189
33	159.5620270157296
34	154.54000868640594
35	149.6613278217227
36	144.92267985957324
37	140.32079254933925
38	135.85242856592916
39	131.51438787824432
40	127.30350988633238
41	123.21667534081251
42	119.2508080575136
43	115.40287643964504
44	111.66989481922639
45	108.04892462893102
46	104.53707541495335
47	101.13150570098409
48	97.82942371287623
49	94.6280879731049
50	91.52480777366094
51	88.51694353558032
52	85.60190706288864
53	82.77716169833441
54	80.0402223879037
55	77.38865566073447
56	74.82007953070101
57	72.33216332559859
58	69.92262744954006
59	67.5892430838657
60	65.32983183157751
61	63.142265310028485
62	61.02446469632931
63	58.974400229683745
64	56.9900906746179
65	55.0696027488424
66	53.21105051926077
67	51.4125947694341
68	49.67244234160827
69	47.98884545622179
70	46.360101011635074
71	44.78454986664393
72	43.260576108185006
73	41.78660630648076
74	40.361108759726534
75	38.9825927302833
76	37.649607674207346
77	36.36074246582234
78	35.114624618919805
79	33.90991950606412
80	32.74532957736747
81	31.619593580004064
82	30.531485779632405
83	29.47981518480933
84	28.463424775389313
85	27.48119073582669
86	26.532021694217885
87	25.614857967853546
88	24.72867081597846
89	23.87246170039718
90	23.04526155450112
91	22.24613006123648
92	21.47415494048086
93	20.728451246244465
94	20.00816067406712
95	19.312450878936268
96	18.640514804011513
97	17.991570020402474
98	17.36485807820966
99	16.759643869006002
100	16.175214999903403
101	15.6108811793211
102	15.06597361454362
103	14.539844421132054
104	14.031866044228003
105	13.541430691767564
106	13.067949779603213
107	12.610853388511304
108	12.16958973304719
109	11.743624642192295
110	11.332441051724821
111	10.935538508229893
112	10.552432684654553
113	10.182654907301332
114	9.825751694142905
115	9.481284304332513
116	9.14882829877534
117	8.827973111619372
118	8.51832163251667
119	8.21948979950078
120	7.931106202320303
121	7.652811696064332
122	7.384259024910809
123	7.125112455826234
124	6.875047422042125
125	6.6337501761302216
126	6.400917452498203
127	6.176256139124531
128	5.959482958351261
129	5.750324156552012
130	5.548515202492377
131	5.353800494200063
132	5.165933074162095
133	4.9846743526668105
134	4.809793839109843
135	4.641068881083426
136	4.478284411070258
137	4.321232700564196
138	4.169713121441916
139	4.023531914411235
140	3.882501964364056
141	3.746442582463244
142	3.615179294795962
143	3.488543637427137
144	3.366372957690053
145	3.248510221553035
146	3.134803826903454
147	3.025107422593886
148	2.919279733096535
149	2.8171843886161825
150	2.7186897605131084
151	2.6236688018917973
152	2.5319988932125463
153	2.4435616927872643
154	2.3582429920222037
155	2.275932575274483
156	2.1965240841910654
157	2.119914886402393
158	2.0460059484451323
159	1.9747017127919524
160	1.9059099788679683
161	1.839541787937773
162	1.7755113117481844
163	1.7137357448156418
164	1.6541352002493168
165	1.5966326090039142
166	1.5411536224586253
167	1.4876265182214985
168	1.4359821090607576
169	1.3861536548673294
170	1.3380767775554279
171	1.2916893788100783
172	1.2469315605934463
173	1.2037455483236932
174	1.1620756166425708
175	1.1218680176904763
176	1.0830709118097401
177	1.0456343005987858
178	1.0095099622426804
179	0.9746513890471621
180	0.9410137271052166
181	0.9085537180280134
182	0.8772296426728636
183	0.8470012668040059
184	0.8178297886229107
185	0.7896777881072956
186	0.7625091780995212
187	0.7362891570868099
188	0.710984163617812
189	0.686561832300946
190	0.662990951332628
191	0.6402414215040504
192	0.6182842166375222
193	0.5970913454043635
194	0.576635814478108
195	0.5568915929783753
196	0.53783357816139
197	0.5194375623155624
198	0.501680200821093
199	0.48453898133392415
200	0.4679921940561838
201	0.4520189030558013
202	0.43659891859930317
203	0.42171277046363287
204	0.4073416821926125
205	0.3934675462663355
206	0.3800729001515123
207	0.36714090320258524
208	0.3546553143838761
209	0.3426004707849239
210	0.33096126690073935
211	0.319723134650955
212	0.30887202411167475
213	0.29839438493544995
214	0.2882771484353283
215	0.2785077103093744
216	0.26907391398355435
217	0.25996403455125566
218	0.2511667632881366
219	0.24267119272228507
220	0.23446680224014305
221	0.22654344420911068
222	0.21889133059848584
223	0.2115010200814087
224	0.20436340560038313
225	0.19746970238020728
226	0.19081143637209086
227	0.18438043311397798
228	0.17816880699193227
229	0.1721689508884641
230	0.16637352620384188
231	0.16077545323723932
232	0.15536790191454633
233	0.1501442828507984
234	0.14509823873497582
235	0.14022363602556354
236	0.1355145569458906
237	0.13096529176841415
238	0.1265703313775206
239	0.12232436010073958
240	0.11822224879892042
241	0.11425904820580494
242	0.11042998250813552
243	0.10673044315757865
244	0.10315598290602958
245	0.09970231005634152
246	0.09636528292065362
247	0.0931409044786369
248	0.09002531722876662
249	0.08701479822519219
250	0.08410575429394725
251	0.08129471742161301
252	0.07857834031031427
253	0.07595339209321149
254	0.07341675420422966
255	0.07096541639688962
256	0.06859647290653938
257	0.06630711875081623
258	0.06409464616345814
259	0.0619564411564007
260	0.059889980205670316
261	0.05789282705663621
262	0.055962629643902834
263	0.05409711712211218
264	0.05229409700358582
265	0.050551452398377765
266	0.04886713935384543
267	0.04723918428943811
268	0.045665681523580574
269	0.044144790889297514
270	0.04267473543504975
271	0.041253799208177316
272	0.03988032511756325
273	0.03855271287270822
274	0.03726941699652546
275	0.036028944909260834
276	0.03482985508058513
277	0.03367075524791118
278	0.03255030069800314
279	0.031467192610032606
280	0.03042017645752346
281	0.029408040467212217
282	0.028429614132775692
283	0.027483766781218118
284	0.026569406190506
285	0.02568547725581497
286	0.02483096070349764
287	0.024004871850398363
288	0.023206259407118495
289	0.02243420432374115
290	0.02168781867623698
291	0.020966244592299746
292	0.020268653215044632
293	0.01959424370332887
294	0.018942242267219536
295	0.018311901237548268
296	0.017702498168066485
297	0.01711333496921569
298	0.016543737072436126
299	0.015993052623604922
300	0.01546065170496394
301	0.0149459255841252
302	0.014448285989526464
303	0.01396716441111016
304	0.013502011425489971
305	0.01305229604469634
306	0.012617505087640035
307	0.012197142573374758
308	0.011790729135722613
309	0.011397801457973306
310	0.011017911727480857
311	0.010650627109005587
312	0.010295529236540805
313	0.009952213722577857
314	0.009620289684383618
315	0.009299379286854311
316	0.008989117300880537
317	0.008689150677214891
318	0.00839913813496123
319	0.008118749764170308
320	0.007847666642290245
321	0.0075855804636472835
322	0.00733219318187574
323	0.007087216664343489
324	0.0068503723586312995
325	0.006621390970565016
326	0.006400012152947699
327	0.006185984205287225
328	0.005979063783474167
329	0.0057790156196902715
330	0.00558561225165472
331	0.005398633761265519
332	0.005217867521958938
333	0.005043107954827441
334	0.004874156293088617
335	0.004710820354314584
336	0.004552914320620984
337	0.004400258526288141
338	0.004252679252393743
339	0.004110008528737286
340	0.003972083942127091
341	0.0038387484514214904
342	0.003709850208551265
343	0.0035852423859823058
344	0.003464783009490734
345	0.0033483347970886986
346	0.003235765002949138
347	0.0031269452668350605
348	0.0030217514686251903
349	0.002920063587503954
350	0.0028217655660367764
351	0.002726745178865655
352	0.0026348939056191297
353	0.0025461068082899153
354	0.0024602824125005657
355	0.0023773225930801556
356	0.0022971324629374444
357	0.002219620266269141
358	0.002144697274773528
359	0.0020722776878929574
360	0.002002278535691377
361	0.0019346195856705468
362	0.0018692232522633462
363	0.0018060145093326922
364	0.001744920805995194
365	0.0016858719846460644
366	0.0016288002022363972
367	0.0015736398537615534
368	0.0015203274986443614
369	0.0014688017892817316
370	0.0014190034021551673
371	0.0013708749709796274
372	0.0013243610224360771
373	0.0012794079136707144
374	0.001235963772068156
375	0.0011939784369989148
376	0.0011534034034355533
377	0.0011141917673663027
378	0.0010762981732637543
379	0.0010396787630441878
380	0.0010042911267707465
381	0.0009700942550449421
382	0.0009370484929370342
383	0.0009051154953954982
384	0.0008742581842237915
385	0.0008444407063404166
386	0.0008156283935384762
387	0.0007877877234766149
388	0.0007608862820611185
389	0.0007348927268906268
390	0.0007097767521294344
391	0.0006855090543274744
392	0.0006620612995335399
393	0.0006394060913674131
394	0.0006175169402077112
395	0.0005963682332518061
396	0.0005759352059893697
397	0.0005561939138832465
398	0.0005371212057199131
399	0.0005186946974018817
400	0.0005008927466623949
401	0.000483694428782726
402	0.00046707951282558193
403	0.0004510284389487043
404	0.0004355222962319403
405	0.00042054280138708136
406	0.00040607227793516154
407	0.0003920936365591826
408	0.0003785903553634235
409	0.000365546461459349
410	0.00035294651282532163
411	0.0003407755807901826
412	0.0003290192331357918
413	0.00031766351773266434
414	0.000306694946722061
415	0.00029610048115661015
416	0.0002858675163350969
417	0.00027598386731712696
418	0.0002664377551968663
419	0.0002572177936403253
420	0.00024831297600249106
421	0.00023971266272875303
422	0.0002314065691521034
423	0.00022338475404848067
424	0.00021563760801127462
425	0.00020815584258168228
426	0.0002009304796919688
427	0.0001939528414299025
428	0.00018721453990185331
429	0.00018070746793532046
430	0.0001744237895203631
431	0.00016835593108737194
432	0.00016249657264196012
433	0.00015683863937310702
434	0.00015137529361735082
435	0.00014609992695250378
436	0.00014100615263944188
437	0.00013608779820546504
438	0.0001313388984104727
439	0.00012675368825939082
440	0.00012232659651778755
441	0.00011805223915583769
442	0.00011392541317765364
443	0.00010994109058293758
444	0.00010609441253047075
445	0.00010238068388375042
446	0.00009879536748841729
447	0.00009533407910260941
448	0.00009199258233121773
449	0.00008876678354344329
450	0.00008565272728458442
451	0.00008264659154752781
452	0.00007974468341512596
453	0.00007694343474617431
454	0.00007423939788460438
455	0.00007162924181968879
456	0.00006910974819895253
457	0.00006667780757558901
458	0.00006433041578246636
459	0.00006206467034534082
460	0.000059877767232012544
461	0.000057766997398035184
462	0.000055729743696633554
463	0.00005376347783981683
464	0.000051865757252105557
465	0.00005003422238999144
466	0.000048266593937271294
467	0.00004656066989814711
468	0.00004491432330387098
469	0.00004332549950100687
470	0.000041792213735207636
471	0.000040312548919616354
472	0.00003888465328830932
473	0.0000375067380972958
474	0.00003617707570252499
475	0.0000348939973639994
476	0.00003365589131359226
477	0.000032461200808287546
478	0.00003130842231102801
479	0.000030196103706965955
480	0.00002912284248499357
481	0.000028087284146275157
482	0.000027088120581502112
483	0.000026124088416886005
484	0.000025193967640212532
485	0.000024296579983717756
486	0.000023430787661791772
487	0.000022595491890886363
488	0.000021789631623502698
489	0.00002101218225785184
490	0.000020262154323216932
491	0.000019538592505613124
492	0.00001884057419105698
493	0.000018167208642375096
494	0.00001751763566974047
495	0.000016891024817159356
496	0.000016286574213234107
497	0.000015703509549183204
498	0.000015141083383544982
499	0.000014598573913741361
500	0.000014075284321278247
501	0.000013570541905184607
502	0.000013083697100348313
503	0.000012614122927372923
504	0.000012161213931875552
505	0.000011724385806656162
506	0.000011303074353430238
507	0.00001089673490492732
508	0.000010504841710866685
509	0.000010126887262288569
510	9.762381679857124e-6
511	9.410851964777557e-6
512	9.071841668402327e-6
513	8.744910173548515e-6
514	8.429632142321638e-6
515	8.125597030883733e-6
516	7.832408570031674e-6
517	7.549684364851241e-6
518	7.277055204868872e-6
519	7.014164826088069e-6
520	6.760669410294534e-6
521	6.516237050377071e-6
522	6.280547465564629e-6
523	6.053291529935876e-6
524	5.834170923064649e-6
525	5.622897774605562e-6
526	5.419194224765309e-6
527	5.222792186507266e-6
528	5.033432894228188e-6
529	4.850866707317356e-6
530	4.6748526476170345e-6
531	4.505158245286953e-6
532	4.3415591708594665e-6
533	4.1838389144412135e-6
534	4.031788618352345e-6
535	3.885206721348611e-6
536	3.7438987566042915e-6
537	3.607677093098365e-6
538	3.4763606995374574e-6
539	3.3497749045268995e-6
540	3.2277511263323946e-6
541	3.1101268391759776e-6
542	2.996745136486375e-6
543	2.8874546639765607e-6
544	2.782109443540094e-6
545	2.6805685867081225e-6
546	2.582696246778814e-6
547	2.4883612995634765e-6
548	2.3974373174616968e-6
549	2.3098022715549317e-6
550	2.22533847405962e-6
551	2.143932410708657e-6
552	2.0654745706992154e-6
553	1.989859383270145e-6
554	1.916984907183767e-6
555	1.8467528993943902e-6
556	1.7790685002096465e-6
557	1.7138403537680073e-6
558	1.6509802344071768e-6
559	1.5904030817256763e-6
560	1.5320268700116177e-6
561	1.4757724758855561e-6
562	1.4215635718232336e-6
563	1.3693265735657556e-6
564	1.3189905310751077e-6
565	1.2704869068878162e-6
566	1.2237497971332302e-6
567	1.1787154296687353e-6
568	1.135322466498247e-6
569	1.093511693681302e-6
570	1.0532260159339237e-6
571	1.0144103386882566e-6
572	9.770116452490403e-7
573	9.409786806948071e-7
574	9.062621112843483e-7
575	8.728143184063489e-7
576	8.40589388071209e-7
577	8.095431000200961e-7
578	7.796327465471552e-7
579	7.508172047105508e-7
580	7.230567817171191e-7
581	6.96313257802644e-7
582	6.705497583653938e-7
583	6.457307103393265e-7
584	6.218218265381362e-7
585	5.9879006105771e-7
586	5.766035641001053e-7
587	5.552316362243144e-7
588	5.346446533149835e-7
589	5.148140482617719e-7
590	4.957123498993493e-7
591	4.773129914478376e-7
592	4.595904059350568e-7
593	4.425199198822639e-7
594	4.2607781966048997e-7
595	4.10241157381573e-7
596	3.9498787434677294e-7
597	3.8029669286774433e-7
598	3.6614706530428195e-7
599	3.5251926825053903e-7
600	3.393942056293897e-7
601	3.2675350223052656e-7
602	3.1457948088235805e-7
603	3.028550807820259e-7
604	2.9156380442527325e-7
605	2.8068984016292807e-7
606	2.702178916873209e-7
607	2.6013327098706194e-7
608	2.504217267562193e-7
609	2.4106962542121026e-7
610	2.3206377902654686e-7
611	2.2339150833094714e-7
612	2.1504049907135346e-7
613	2.0699904241404917e-7
614	1.9925574295118434e-7
615	1.9179964045627164e-7
616	1.8462018373412223e-7
617	1.777071744511104e-7
618	1.7105088937577278e-7
619	1.646417855960169e-7
620	1.5847083108681673e-7
621	1.5252923926472654e-7
622	1.468085310772776e-7
623	1.413006274473673e-7
624	1.3599767218959882e-7
625	1.3089206401043076e-7
626	1.259765488379308e-7
627	1.2124413206071982e-7
628	1.1668802029329582e-7
629	1.1230168342630722e-7
630	1.0807894725012363e-7
631	1.0401366329691851e-7
632	1.0010007276017643e-7
633	9.633250605453774e-8
634	9.270562644745373e-8
635	8.921418935578374e-8
636	8.58531648638955e-8
637	8.261780012281502e-8
638	7.95033166145111e-8
639	7.650536774737184e-8
640	7.361952261223432e-8
641	7.084169361360829e-8
642	6.816786333008311e-8
643	6.559414642128095e-8
644	6.311682124672423e-8
645	6.073233098235787e-8
646	5.843725402528116e-8
647	5.6228182029536255e-8
648	5.410199705160974e-8
649	5.205556535358789e-8
650	5.008595327806932e-8
651	4.8190305066198535e-8
652	4.636581258686317e-8
653	4.4609901175235234e-8
654	4.2919952585355195e-8
655	4.1293552633922404e-8
656	3.972830643435032e-8
657	3.8221931703990885e-8
658	3.677225945196084e-8
659	3.537714146671773e-8
660	3.4034543850300764e-8
661	3.2742547681027766e-8
662	3.149919394731216e-8
663	3.030270172033039e-8
664	2.915134427172264e-8
665	2.8043386994799435e-8
666	2.6977243748828287e-8
667	2.595132123393959e-8
668	2.496411298411234e-8
669	2.4014199841940926e-8
670	2.310015637476418e-8
671	2.2220676459893683e-8
672	2.1374385464582567e-8
673	2.056012290026597e-8
674	1.9776660316610602e-8
675	1.9022827021718797e-8
676	1.829751039594708e-8
677	1.7599656200565558e-8
678	1.692823733562196e-8
679	1.6282222450896222e-8
680	1.5660702377106018e-8
681	1.506276418796756e-8
682	1.4487459614703991e-8
683	1.3933963294965356e-8
684	1.3401478228979373e-8
685	1.288920423359613e-8
686	1.239633798909314e-8
687	1.1922200093525136e-8
688	1.1466108454705171e-8
689	1.1027314738600844e-8
690	1.0605195097147657e-8
691	1.0199123286091124e-8
692	9.808502561786207e-9
693	9.432733942094075e-9
694	9.071248143617337e-9
695	8.723537643754556e-9
696	8.389029144783306e-9
697	8.067275184613859e-9
698	7.757794652697812e-9
699	7.460104720345884e-9
700	7.173752893205747e-9
701	6.898317137917571e-9
702	6.633373942304853e-9
703	6.378562506287605e-9
704	6.133456548732856e-9
705	5.89772474541909e-9
706	5.6709703347864756e-9
707	5.452859586373473e-9
708	5.243122008630125e-9
709	5.041357376426342e-9
710	4.847357523640728e-9
711	4.66072012163216e-9
712	4.481267404439261e-9
713	4.308627332319298e-9
714	4.142620496879241e-9
715	3.983002243375671e-9
716	3.829462510221187e-9
717	3.681787354465065e-9
718	3.5397945147478602e-9
719	3.403236398032712e-9
720	3.2718970837096524e-9
721	3.145592418711361e-9
722	3.024170110000501e-9
723	2.9073476444291354e-9
724	2.7950689302161584e-9
725	2.6870828081149564e-9
726	2.5832024390263328e-9
727	2.4833704612032375e-9
728	2.38733419330387e-9
729	2.2949704488204203e-9
730	2.2062207626253843e-9
731	2.1208311051705484e-9
732	2.03874228488484e-9
733	1.959797137844406e-9
734	1.8839033073619652e-9
735	1.810902947059831e-9
736	1.7407683368705183e-9
737	1.6733084192569065e-9
738	1.608429678804493e-9
739	1.5460383561989108e-9
740	1.4861058078127398e-9
741	1.4284398088960432e-9
742	1.3730112660162416e-9
743	1.3197255331584743e-9
744	1.2684877454630396e-9
745	1.2192355636108362e-9
746	1.1718409852502117e-9
747	1.126339570786177e-9
748	1.0825702213164756e-9
749	1.0405026927419373e-9
750	1.0000410470288679e-9
751	9.611219674236208e-10
752	9.237476366708772e-10
753	8.877888706016504e-10
754	8.532476276221195e-10
755	8.200601205829074e-10
756	7.880967150666609e-10
757	7.574247967378102e-10
758	7.279145092670147e-10
759	6.995673609650179e-10
760	6.722861250741521e-10
761	6.460721528204333e-10
762	6.208609259970715e-10
763	5.966536749827309e-10
764	5.733857271918066e-10
765	5.510252539145597e-10
766	5.295074102762765e-10
767	5.08833179113543e-10
768	4.889705476585486e-10
769	4.698874450399067e-10
770	4.515187587867541e-10
771	4.3386527683263076e-10
772	4.1692776503986783e-10
773	4.0060794428769277e-10
774	3.849394868330033e-10
775	3.698900303125016e-10
776	3.554271651279003e-10
777	3.415184361298236e-10
778	3.281313442981074e-10
779	3.1529944453274867e-10
780	3.0295713782468175e-10
781	2.910718205747067e-10
782	2.796769830798857e-10
783	2.687399810435445e-10
784	2.5819505615632596e-10
785	2.4807564121011483e-10
786	2.383490024476137e-10
787	2.289823732842683e-10
788	2.2000915108507856e-10
789	2.1136343441414166e-10
790	2.0311170098808467e-10
791	1.9512178683748207e-10
792	1.8746014108031072e-10
793	1.8009387922071887e-10
794	1.7302321476619542e-10
795	1.662483524726337e-10
796	1.5970322734192502e-10
797	1.5342114021646126e-10
798	1.4740226095473118e-10
799	1.4158047126842674e-10
800	1.3602219433622116e-10
801	1.30661286076661e-10
802	1.255310193774646e-10
803	1.205983692903449e-10
804	1.1583029505012678e-10
805	1.1126005228500835e-10
806	1.0688774241972833e-10
807	1.0268030208605065e-10
808	9.863781634091483e-11
809	9.476036548862235e-11
810	9.101486154606468e-11
811	8.743453653225434e-11
812	8.398629127906875e-11
813	8.06701850523325e-11
814	7.748627334850754e-11
815	7.44346079026927e-11
816	7.148206842613352e-11
817	6.866186693718117e-11
818	6.597404439990331e-11
819	6.335230096484775e-11
820	6.086300810190144e-11
821	5.843986062755493e-11
822	5.6149223568692344e-11
823	5.392478766101034e-11
824	5.176657843603594e-11
825	4.9740949464778795e-11
826	4.778158815859429e-11
827	4.588851359754808e-11
828	4.406174302447509e-11
829	4.2334451356587185e-11
830	4.06403314231328e-11
831	3.904571195848856e-11
832	3.7484289093806505e-11
833	3.6022380382992455e-11
834	3.456053715058021e-11
835	3.323136572861672e-11
836	3.1902276629761496e-11
837	3.0639569858587245e-11
838	2.941010647269775e-11
839	2.8247028895938223e-11
840	2.711720135663538e-11
841	2.6053757447983708e-11
842	2.5023565172763428e-11
843	2.402662706782525e-11
844	2.3062944781359966e-11
845	2.2132519075069848e-11
846	2.1268459617385595e-11
847	2.0437647125188982e-11
848	1.9606978122106962e-11
849	1.8842656265107733e-11
850	1.807847998937363e-11
851	1.738063307774248e-11
852	1.6682930928150688e-11
853	1.6018459247355782e-11
854	1.5387210926977165e-11
855	1.475611156977246e-11
856	1.4158229835464269e-11
857	1.3626611686207458e-11
858	1.3095130744380472e-11
859	1.2563793480497667e-11
860	1.2032606358378118e-11
861	1.1567638094267332e-11
862	1.1102807384696828e-11
863	1.0671138079718547e-11
864	1.0239604231870608e-11
865	9.841215822871015e-12
866	9.44295936460025e-12
867	9.044839608620576e-12
868	8.712828522328766e-12
869	8.38093426843643e-12
870	8.049160761180043e-12
871	7.71751191074357e-12
872	7.38599162282339e-12
873	7.120494907246062e-12
874	6.8221649424526834e-12
875	6.523958651918482e-12
876	6.29172171209242e-12
877	6.0266690452517535e-12
878	5.794637229244698e-12
879	5.562707833764779e-12
880	5.3308835230031945e-12
881	5.132044620345765e-12
882	4.933297951590255e-12
883	4.734645775385378e-12
884	4.536090347801377e-12
885	4.337633922068027e-12
886	4.172109675186846e-12
887	4.006669449090044e-12
888	3.874126416921113e-12
889	3.676048473053958e-12
890	3.54366261811679e-12
891	3.4113476743061145e-12
892	3.2791051007239653e-12
893	3.1469363549348693e-12
894	3.0148428927821162e-12
895	2.8828261682105386e-12
896	2.783615377994623e-12
897	2.6844621888386154e-12
898	2.5526620893897254e-12
899	2.453638580650629e-12
900	2.3546760038710986e-12
901	2.255775424909113e-12
902	2.156937908216103e-12
903	2.0908124988728237e-12
904	2.024728492168148e-12
905	1.926062502948779e-12
906	1.8274635717397945e-12
907	1.7615324322649644e-12
908	1.6956456972848286e-12
909	1.6298040541567786e-12
910	1.5640081894978046e-12
911	1.4982587890898549e-12
912	1.4325565377886052e-12
913	1.3669021194355459e-12
914	1.3338066811307794e-12
915	1.2682367511502389e-12
916	1.235200476400239e-12
917	1.1697172816445896e-12
918	1.1042850850279171e-12
919	1.1037908790115572e-12
920	1.0384350789096372e-12
921	9.731320693423125e-13
922	9.726852523340232e-13
923	9.074615135714961e-13
924	8.746652694336646e-13
925	8.418954777126918e-13
926	8.091524604931507e-13
927	7.764365395149883e-13
928	7.43748036124724e-13
929	7.110872712284406e-13
930	7.107394080980882e-13
931	6.458502380700494e-13
932	6.455291858835716e-13
933	6.129672725594024e-13
934	5.804345825901135e-13
935	5.801397730928448e-13
936	5.154581430888471e-13
937	5.151919869222981e-13
938	5.149246112556569e-13
939	4.825108611914664e-13
940	4.5012801138496365e-13
941	4.498892612349015e-13
942	4.175528619346918e-13
943	3.8524819347947323e-13
944	3.8503925860101125e-13
945	3.8482945070214984e-13
946	3.5258839990807e-13
947	3.2038010671197336e-13
948	3.2020148112795863e-13
949	3.2002215416325254e-13
950	3.198421165536295e-13
951	2.877161831640968e-13
952	2.5562422378999273e-13
953	2.5547691291825877e-13
954	2.553290659981474e-13
955	2.551806752856193e-13
956	2.550317334524443e-13
957	2.2304271124481169e-13
958	2.2291061434411346e-13
959	1.909745622140582e-13
960	1.9085969015417235e-13
961	1.9074443712130871e-13
962	1.9062879715535153e-13
963	1.9051276461390114e-13
964	1.9039633416029872e-13
965	1.5858653411727283e-13
966	1.5848805997691554e-13
967	1.2673393713539006e-13
968	1.2665379287401817e-13
969	1.2657342274899434e-13
970	1.2649282221227354e-13
971	1.2641198694936398e-13
972	1.2633091287050898e-13
973	1.2624959610219736e-13
974	1.2616803297899295e-13
975	1.2608622003566794e-13
976	1.2600415399963252e-13
977	9.446045256786686e-14
978	9.439778827076347e-14
979	9.43349553246329e-14
980	9.427195074848351e-14
981	6.282761796343766e-14
982	6.278454907803995e-14
983	6.274139209182826e-14
984	6.269814421577846e-14
985	6.265480279711467e-14
986	6.261136531415099e-14
987	6.256782937132684e-14
988	6.252419269442789e-14
989	6.248045312598745e-14
990	6.243660862085865e-14
991	6.239265724195462e-14
992	6.234859715614655e-14
993	6.230442663031734e-14
994	6.226014402756229e-14
995	6.221574780353237e-14
996	6.217123650291551e-14
997	6.21266087560489e-14
998	6.208186327565897e-14
999	6.2036998853724e-14
1000	3.101157711587253e-14