1	145.95685451423492
2	284.90091196199387
3	417.0072460681225
4	542.4526318510646
5	661.4150243864482
6	774.0730773741939
7	880.6056992753277
8	981.1916448885859
9	1076.0091403367703
10	1165.2355395287893
11	1249.047010255478
12	1327.6182481658175
13	1401.1222169550988
14	1469.729913178048
15	1533.6101541781022
16	1592.9293876989002
17	1647.8515218158534
18	1698.5377738944198
19	1745.14653734751
20	1787.833265027501
21	1826.7503681486205
22	1862.0471296930891
23	1893.8696313096007
24	1922.3606927653636
25	1947.6598230632799
26	1969.9031823839152
27	1989.2235540578079
28	2005.7503258174431
29	2019.609479620016
30	2030.923589371934
31	2039.811825923988
32	2046.3899687422909
33	2050.770423694569
34	2053.062246424169
35	2053.37117081541
36	2051.7996420835834
37	2048.446854051185
38	2043.4087901987805
39	2036.7782681044687
40	2028.644986910096
41	2019.0955774754195
42	2008.213654903246
43	1996.07987313923
44	1982.7719813697554
45	1968.3648819598204
46	1952.9306896905498
47	1936.53879207262
48	1919.2559105276637
49	1901.1461622446736
50	1882.2711225325531
51	1862.6898875032637
52	1842.459136932694
53	1821.6331971581535
54	1800.2641038827367
55	1778.4016647672802
56	1756.093521700649
57	1733.385212648432
58	1710.3202329890005
59	1686.940096254114
60	1663.284394199113
61	1639.3908561350447
62	1615.2954074618726
63	1591.032227348476
64	1566.6338055110405
65	1542.1309980472126
66	1517.5530822885203
67	1492.9278106386498
68	1468.281463369615
69	1443.6389003522227
70	1419.0236117012412
71	1394.4577673192755
72	1369.962265326941
73	1345.5567793700102
74	1321.259804797201
75	1297.088703704998
76	1273.0597488484568
77	1249.1881664191917
78	1225.4881776939337
79	1201.9730395590075
80	1178.6550839178085
81	1155.545755990085
82	1132.6556515132154
83	1109.99455285713
84	1087.571464065621
85	1065.3946448380077
86	1043.471643466
87	1021.8093287415576
88	1000.4139208522528
89	979.2910212813807
90	958.4456417306274
91	937.8822320835923
92	917.6047074289746
93	897.6164741624974
94	877.9204551870386
95	858.5191142305928
96	839.4144793019218
97	820.6081653038673
98	802.101395824352
99	783.8950241251786
100	765.9895533486638
101	748.3851559621718
102	731.0816924604565
103	714.0787293456643
104	697.3755564046897
105	680.9712033033773
106	664.8644555169352
107	649.0538696156249
108	633.5377879246388
109	618.3143525767499
110	603.3815189761343
111	588.7370686913775
112	574.3786217954625
113	560.3036486702226
114	546.5094812923649
115	532.9933240179232
116	519.7522638816084
117	506.7832804272353
118	494.08325508501036
119	481.6489801111733
120	469.4771671050979
121	457.5644551186405
122	445.9074183721296
123	434.50257359108423
124	423.3463869773985
125	412.4352808283151
126	401.7656398162618
127	391.3338169421954
128	381.1361391748081
129	371.1689127875868
130	361.42842840538077
131	351.9109657718198
132	342.61279824857843
133	333.5301970571542
134	324.6594352735463
135	315.9967915858558
136	307.5385538245654
137	299.2810222749219
138	291.220512780572
139	283.3533596472872
140	275.6759183553624
141	268.18456808893256
142	260.8757140902626
143	253.74578984670737
144	246.79125911785195
145	240.0086178100468
146	233.3943957052853
147	226.94515805120233
148	220.6575070186292
149	214.52808303302092
150	208.55356598573005
151	202.7306763309971
152	197.05617607420885
153	191.5268696568643
154	186.13960474338575
155	180.8912729148143
156	175.7788102741579
157	170.79919796803165
158	165.94946262900552
159	161.22667674295198
160	156.62795894543297
161	152.15047425112036
162	147.79143421996446
163	143.54809706375661
164	139.41776769653598
165	135.39779773217177
166	131.4855854322929
167	127.67857560762624
168	123.97425947564446
169	120.37017447731697
170	116.86390405564582
171	113.45307739851216
172	110.13536914829714
173	106.90849908058647
174	103.77023175417703
175	100.7183761345202
176	97.75078519262485
177	94.8653554813156
178	92.06002669071786
179	89.33278118470399
180	86.6816435199432
181	84.1046799491815
182	81.5999979101985
183	79.1657455019202
184	76.80011094900662
185	74.50132205622006
186	72.2676456537853
187	70.09738703488907
188	67.98888938643873
189	65.94053321406828
190	63.950735762422646
191	62.01795043159768
192	60.14066619063621
193	58.31740698888083
194	56.54673116596336
195	54.8272308611805
196	53.1575314228883
197	51.536290818607995
198	49.96219904642134
199	48.43397754820247
200	46.95037862525203
201	45.51018485679779
202	44.1122085218054
203	42.75529102458114
204	41.438302324482514
205	40.160140370182724
206	38.919730538775234
207	37.7160250800553
208	36.54800256623443
209	35.41466734741644
210	34.315049012998884
211	33.248201859282204
212	32.21320436343771
213	31.2091586640473
214	30.235190048376083
215	29.29044644648561
216	28.374097932353173
217	27.485336232107926
218	26.623374239447028
219	25.787445538341846
220	24.97680393310872
221	24.190722985884626
222	23.428495561546157
223	22.689433380140997
224	21.972866576815658
225	21.27814326928566
226	20.604629132818456
227	19.951706982765604
228	19.31877636459747
229	18.705253151441948
230	18.110569149084654
231	17.534171708417922
232	16.975523345266215
233	16.43410136758375
234	15.909397509945613
235	15.400917575272182
236	14.908181083746765
237	14.430720928855107
238	13.968083040474776
239	13.519826054933864
240	13.085520991988442
241	12.664750938614784
242	12.257110739550791
243	11.862206694499317
244	11.479656261900889
245	11.109087769201963
246	10.75014012952505
247	10.402462564631218
248	10.06571433412201
249	9.739564470737909
250	9.4236915217123
251	9.117783296042125
252	8.821536617594832
253	8.534657083978095
254	8.256858831026088
255	7.987864302859015
256	7.7274040273858215
257	7.4752163971581
258	7.231047455494609
259	6.9946506877548655
260	6.765786817685919
261	6.544223608753377
262	6.329735670318291
263	6.122104268615712
264	5.9211171424362234
265	5.7265683233549165
266	5.538257960511226
267	5.355992149768972
268	5.179582767205502
269	5.008847306839017
270	4.843608722470669
271	4.683695273610375
272	4.5289403753549635
273	4.37918245214122
274	4.234264795299244
275	4.094035424331872
276	3.9583469517953627
277	3.8270564517612122
278	3.7000253317179594
279	3.5771192078865433
280	3.4582077838335357
281	3.3431647323248592
282	3.231867580346642
283	3.124197597194103
284	3.020039685613097
285	2.9192822758328765
286	2.821817222520704
287	2.7275397045140726
288	2.6363481272916736
289	2.5481440281277834
290	2.462831983836724
291	2.3803195210689068
292	2.3005170290790478
293	2.2233376749196654
294	2.148697320981799
295	2.0765144448477137
296	2.006710061367902
297	1.9392076469276793
298	1.8739330658545248
299	1.8108144988761585
300	1.749782373623118
301	1.6907692970788504
302	1.6337099899661287
303	1.5785412229877978
304	1.5252017548926335
305	1.4736322723148516
306	1.4237753313386536
307	1.3755753007301974
308	1.3289783068316345
309	1.2839321800132928
310	1.2403864027036378
311	1.1982920589044987
312	1.1576017851976954
313	1.11826972315881
314	1.0802514731620936
315	1.043504049557543
316	1.007985837129013
317	0.9736565488594461
318	0.9404771849298578
319	0.9084099929184919
320	0.8774184291948238
321	0.8474671214376387
322	0.8185218322885424
323	0.7905494240535246
324	0.7635178244773646
325	0.7373959935519948
326	0.7121538912799338
327	0.6877624464410284
328	0.6641935262604562
329	0.6414199070227775
330	0.6194152455454802
331	0.5981540515304478
332	0.577611660729497
333	0.5577642089391219
334	0.5385886067892143
335	0.520062515269803
336	0.5021643220266868
337	0.48487311837584246
338	0.4681686769979783
339	0.4520314303513813
340	0.43644244970740104
341	0.4213834248581028
342	0.4068366444169772
343	0.3927849767686746
344	0.3792118515491135
345	0.3661012417527757
346	0.3534376463454015
347	0.34120607344169945
348	0.3293920240072061
349	0.3179814760407501
350	0.3069608692650355
351	0.29631709029944453
352	0.2860374582737475
353	0.27610971091293185
354	0.2665219910325552
355	0.2572628334927723
356	0.24832115250306788
357	0.23968622939214468
358	0.2313477007006554
359	0.2232955467090791
360	0.21552008025158736
361	0.2080119359579256
362	0.2007620597883161
363	0.19376169889799918
364	0.187002391866523
365	0.18047595917193163
366	0.17417449402347915
367	0.16809035344178339
368	0.16221614966025727
369	0.15654474176999378
370	0.1510692276513643
371	0.14578293613657772
372	0.1406794194615937
373	0.1357524459205588
374	0.13099599277698903
375	0.12640423939987555
376	0.12197156061360136
377	0.11769252025419343
378	0.1135618649591112
379	0.1095745181307839
380	0.10572557410065682
381	0.10201029248772103
382	0.09842409273560358
383	0.0949625488217838
384	0.09162138414800136
385	0.08839646658180356
386	0.08528380367170607
387	0.08227953800758313
388	0.07937994274275618
389	0.07658141724314921
390	0.07388048290145428
391	0.07127377906568055
392	0.0687580591179383
393	0.06633018666828844
394	0.06398713187967289
395	0.061725967898300024
396	0.05954386744525475
397	0.057438099444016205
398	0.055406025835011405
399	0.053445098449703535
400	0.051552855993670495
401	0.049726921146520824
402	0.04796499772817372
403	0.046264867989256005
404	0.04462438996692949
405	0.04304149494379219
406	0.041514184966905295
407	0.04004053049910165
408	0.03861866807236806
409	0.03724679808828539
410	0.03592318265745653
411	0.03464614351345647
412	0.033414060000454
413	0.032225367125431004
414	0.031078553676051477
415	0.029972160394955722
416	0.028904778234049286
417	0.027875046636375127
418	0.02688165190395919
419	0.025923325601158162
420	0.02499884302522094
421	0.02410702171394276
422	0.02324672000144519
423	0.02241683565819645
424	0.021616304520581366
425	0.02084409920401126
426	0.0200992278547102
427	0.019380732940791928
428	0.018687690060188087
429	0.018019206839252115
430	0.017374421811774798
431	0.016752503387841223
432	0.01615264881455556
433	0.015574083189936506
434	0.015016058518007509
435	0.014477852782365914
436	0.013958769059772193
437	0.013458134653073507
438	0.012975300267189509
439	0.012509639194650814
440	0.012060546555706743
441	0.011627438535999988
442	0.011209751666822651
443	0.010806942122787372
444	0.010418485043631681
445	0.0100438738976915
446	0.009682619823005547
447	0.009334251036425732
448	0.008998312246768175
449	0.008674364069967399
450	0.008361982496115833
451	0.008060758346133231
452	0.007770296767959154
453	0.0074902167401324615
454	0.0072201505807230415
455	0.006959743503154787
456	0.006708653160510159
457	0.006466549215425832
458	0.006233112924947085
459	0.006008036731776299
460	0.005791023890573967
461	0.005581788076945897
462	0.005380053034035916
463	0.005185552226277337
464	0.004998028484963747
465	0.00481723370087682
466	0.004642928506910772
467	0.004474881952851696
468	0.00431287124110249
469	0.004156681423936427
470	0.004006105130957947
471	0.0038609423159530775
472	0.0037209999943264727
473	0.0035860919867147915
474	0.003456038700211065
475	0.0033306668848200023
476	0.003209809416566985
477	0.00309330508056858
478	0.002980998367596899
479	0.0028727392752754565
480	0.002768383107202471
481	0.00266779029486973
482	0.002570826217718669
483	0.0024773610213364374
484	0.00238726946330086
485	0.0023004307369560145
486	0.0022167283298235186
487	0.002136049862302029
488	0.0020582869475613036
489	0.001983335049997377
490	0.00191109334225078
491	0.0018414645951590905
492	0.00177435502296031
493	0.0017096741890219743
494	0.0016473348645545738
495	0.0015872529366314472
496	0.001529347285256498
497	0.0014735396730865713
498	0.001419754666441918
499	0.0013679195068500793
500	0.0013179640370272023
501	0.0012698206075082382
502	0.0012234239730553654
503	0.001178711229980662
504	0.0011356217061817856
505	0.0010940969155113732
506	0.0010540804508610323
507	0.0010155179207250202
508	0.0009783568827811825
509	0.0009425467721216622
510	0.0009080388358397742
511	0.0008747860552156777
512	0.0008427431072235562
513	0.0008118662902396347
514	0.0007821134655938027
515	0.0007534440056554645
516	0.0007258187390459077
517	0.0006991999071836226
518	0.0006735510942814597
519	0.0006488371995037916
520	0.0006250243850181853
521	0.000602080021178798
522	0.0005799726550728639
523	0.0005586719620212583
524	0.0005381487085957995
525	0.0005183747152820266
526	0.0004993228115911588
527	0.0004809668099782918
528	0.00046328146025897314
529	0.0004462424276977149
530	0.0004298262467608443
531	0.00041401030343147426
532	0.0003987727979992196
533	0.00038409271235639213
534	0.0003699497915373364
535	0.00035632450808594917
536	0.0003431980406850771
537	0.0003305522477160326
538	0.0003183696430124081
539	0.000306633371391074
540	0.00029532718151872265
541	0.0002844354205410228
542	0.0002739429919178825
543	0.00026383534722123806
544	0.0002540984680231955
545	0.00024471883778884974
546	0.00023568343567011558
547	0.00022697970559250715
548	0.0002185955522124303
549	0.00021051931212470534
550	0.0002027397470817117
551	0.00019524602723608762
552	0.00018802771423542542
553	0.00018107475409538906
554	0.00017437744763656643
555	0.00016792645550965158
556	0.00016171276836733268
557	0.0001557277166980238
558	0.00014996293576981172
559	0.00014441036779761472
560	0.0001390622490915874
561	0.00013391109709473388
562	0.00012894969981890896
563	0.00012417111021288037
564	0.0001195686354442731
565	0.00011513581601592658
566	0.00011086644505872528
567	0.00010675452211694792
568	0.0001027942798820477
569	0.00009898015543721368
570	0.0000953067891511543
571	0.0000917690134064518
572	0.00008836185901405432
573	0.00008508052606489003
574	0.00008192039784066162
575	0.00007887702168012652
576	0.0000759461075621884
577	0.0000731235266704165
578	0.00007040529459035417
579	0.00006778757742864073
580	0.00006526667745485207
581	0.0000628390366040401
582	0.00006050122457539271
583	0.000058249934559181274
584	0.000056081981503325725
585	0.0000539942977819508
586	0.0000519839288271107
587	0.00005004802872369025
588	0.00004818385317878606
589	0.00004638875761945014
590	0.00004466020046163525
591	0.00004299572561435301
592	0.00004139297086468051
593	0.00003984965808975568
594	0.00003836359903764448
595	0.00003693267765378
596	0.00003555486102382297
597	0.000034228189459985154
598	0.000032950771752475654
599	0.000031720793495973675
600	0.00003053649921696545
601	0.000029396200657305216
602	0.000028298274586667632
603	0.000027241155327424228
604	0.000026223329862076215
605	0.000025243348748216102
606	0.000024299810669176298
607	0.000023391370695990102
608	0.00002251672475539626
609	0.000021674625823065743
610	0.00002086386835485572
611	0.000020083293880443768
612	0.00001933177799878197
613	0.000018608251929149754
614	0.000017911676180660162
615	0.00001724105143643283
616	0.0000165954161393685
617	0.00001597384138213889
618	0.000015375441843327328
619	0.000014799349227455951
620	0.000014244741939982434
621	0.000013710821171081096
622	0.000013196816434086053
623	0.000012701993836405949
624	0.000012225640116010803
625	0.00001176706548102488
626	0.000011325611877564511
627	0.000010900645064584126
628	0.000010491549344725798
629	0.000010097733114959354
630	9.718637171106644e-6
631	9.353704984027485e-6
632	9.00241540984913e-6
633	8.664255640508017e-6
634	8.338743100295077e-6
635	8.025403769586007e-6
636	7.72378318817872e-6
637	7.4334520548465095e-6
638	7.153978963766348e-6
639	6.8849715751983294e-6
640	6.626030132819986e-6
641	6.376785944743917e-6
642	6.136876782070895e-6
643	5.905952438672097e-6
644	5.683677567668207e-6
645	5.469731773196318e-6
646	5.263806936056623e-6
647	5.0655962134793656e-6
648	4.8748190045448965e-6
649	4.69119335018081e-6
650	4.5144553816334015e-6
651	4.344348301881804e-6
652	4.180619647059e-6
653	4.023038042192847e-6
654	3.8713682083018645e-6
655	3.7253932962395055e-6
656	3.584898213550653e-6
657	3.449678039041706e-6
658	3.319538083950726e-6
659	3.194285535508442e-6
660	3.073737899024153e-6
661	2.9577230590519057e-6
662	2.846065265350754e-6
663	2.7386048443040206e-6
664	2.635187006032644e-6
665	2.535656226561261e-6
666	2.4398703841809286e-6
667	2.3476866842642416e-6
668	2.2589701594308642e-6
669	2.1735937154176533e-6
670	2.0914296584629363e-6
671	2.0123610655305184e-6
672	1.9362647718145245e-6
673	1.863036978166331e-6
674	1.792567692607192e-6
675	1.724752118887846e-6
676	1.6594906870686128e-6
677	1.5966890840977414e-6
678	1.536255420446408e-6
679	1.4780973784097614e-6
680	1.422133692336336e-6
681	1.3682827173244134e-6
682	1.3164595530797964e-6
683	1.2665904247463917e-6
684	1.2186040972090094e-6
685	1.172429005060029e-6
686	1.1279932526194717e-6
687	1.0852361796929963e-6
688	1.044096844722176e-6
689	1.0045082297187758e-6
690	9.664146133208935e-7
691	9.297600172904884e-7
692	8.944911132342991e-7
693	8.6055432813392e-7
694	8.278987571734625e-7
695	7.964790948848245e-7
696	7.662439900388755e-7
697	7.371535469345781e-7
698	7.091647613740634e-7
699	6.82234433488396e-7
700	6.563220988777649e-7
701	6.313900438886297e-7
702	6.074003836643032e-7
703	5.843209427132816e-7
704	5.621135121307701e-7
705	5.407485509919233e-7
706	5.201904849913543e-7
707	5.004094858655933e-7
708	4.813815019117348e-7
709	4.630705370382882e-7
710	4.454582060519082e-7
711	4.285082500489842e-7
712	4.122050253729312e-7
713	3.9651499029249926e-7
714	3.8142229941242687e-7
715	3.6690508018468996e-7
716	3.5293540243853435e-7
717	3.3949416274159396e-7
718	3.265651581046927e-7
719	3.1412613405307135e-7
720	3.0215773048553763e-7
721	2.906434969222741e-7
722	2.795699077486868e-7
723	2.6891137124021885e-7
724	2.5866321583586675e-7
725	2.488027014024599e-7
726	2.393130109181904e-7
727	2.3018930778095008e-7
728	2.2140863203880704e-7
729	2.1296000418128698e-7
730	2.0483844092089915e-7
731	1.9702078086071356e-7
732	1.8950193688501343e-7
733	1.8226770231971196e-7
734	1.7530987892174293e-7
735	1.686141562496573e-7
736	1.621783260927675e-7
737	1.5598494868320158e-7
738	1.5002565178032267e-7
739	1.442920265092644e-7
740	1.3878173330099902e-7
741	1.3347714025508585e-7
742	1.283758376115161e-7
743	1.2346927915353675e-7
744	1.1874888206978361e-7
745	1.1420909512106426e-7
746	1.0983820025139851e-7
747	1.0563980184535879e-7
748	1.015990527065343e-7
749	9.771336600849925e-8
750	9.397397599040485e-8
751	9.037516672964893e-8
752	8.691737673142725e-8
753	8.358867462864026e-8
754	8.038946230596809e-8
755	7.731394453158517e-8
756	7.435009863149927e-8
757	7.150448074735284e-8
758	6.876502556527953e-8
759	6.61320617112229e-8
760	6.3596576730803e-8
761	6.115887180027877e-8
762	5.881300856649406e-8
763	5.655926986275767e-8
764	5.439168688194024e-8
765	5.230739531947617e-8
766	5.0300386849842474e-8
767	4.837089857963282e-8
768	4.651602965712309e-8
769	4.473286705577765e-8
770	4.30153416418167e-8
771	4.1363653940191203e-8
772	3.977800441214736e-8
773	3.824913443131024e-8
774	3.6780373155743715e-8
775	3.5368743670529464e-8
776	3.4011256914429905e-8
777	3.270491168489025e-8
778	3.144669464316051e-8
779	3.0239922585181314e-8
780	2.9078401876225772e-8
781	2.795909185111368e-8
782	2.6885300100015445e-8
783	2.585397982680415e-8
784	2.4858885900688723e-8
785	2.3903316725322585e-8
786	2.2984198223240244e-8
787	2.2098444215644463e-8
788	2.1249352982687633e-8
789	2.0430630947370803e-8
790	1.964877760044087e-8
791	1.8891072609616537e-8
792	1.8164009369848975e-8
793	1.7464465326646493e-8
794	1.6792522193940333e-8
795	1.6148261651875283e-8
796	1.5525320630317246e-8
797	1.4926988064074686e-8
798	1.4353336514880236e-8
799	1.3797975760873629e-8
800	1.3267429034424051e-8
801	1.2755294037377662e-8
802	1.226486557673154e-8
803	1.1792963665328664e-8
804	1.133639628143384e-8
805	1.0898458158776076e-8
806	1.0479203618663689e-8
807	1.0075431566946099e-8
808	9.687187279078193e-9
809	9.314516009097834e-9
810	8.95419860773386e-9
811	8.60953867563489e-9
812	8.27731103132821e-9
813	7.957551860900567e-9
814	7.650297332569624e-9
815	7.355583596411711e-9
816	7.070164442193304e-9
817	6.797352344150967e-9
818	6.537183398984536e-9
819	6.28311106389463e-9
820	6.0417420667548974e-9
821	5.806517882445276e-9
822	5.5840571605437435e-9
823	5.367789400097971e-9
824	5.157732686376921e-9
825	4.960523538920967e-9
826	4.769573508298936e-9
827	4.584900645365439e-9
828	4.406522991090198e-9
829	4.237779720399283e-9
830	4.072049544203776e-9
831	3.9159957370528975e-9
832	3.7629850767059625e-9
833	3.6196927250490985e-9
834	3.476137509592823e-9
835	3.3456755468717074e-9
836	3.2149747506283557e-9
837	3.090725118539814e-9
838	2.9695966774704236e-9
839	2.8549493261690793e-9
840	2.743447134898564e-9
841	2.63845592334779e-9
842	2.5366338089552415e-9
843	2.437989783146814e-9
844	2.3425328317728505e-9
845	2.2502719350357792e-9
846	2.1645876993480174e-9
847	2.0821233819894397e-9
848	1.9995103910992657e-9
849	1.9235098248346074e-9
850	1.8473725722261245e-9
851	1.7778715513750679e-9
852	1.708245811486279e-9
853	1.641887751170804e-9
854	1.5788062964826404e-9
855	1.5156121336106341e-9
856	1.455706509355163e-9
857	1.4025024661512516e-9
858	1.3492035908362311e-9
859	1.2958099376947343e-9
860	1.2423215614926412e-9
861	1.1955703480380905e-9
862	1.1487362934460052e-9
863	1.1052412460811648e-9
864	1.0616693362264294e-9
865	1.021448288659325e-9
866	9.811563464595477e-10
867	9.407935525944509e-10
868	9.072329271166974e-10
869	8.736132728988768e-10
870	8.399346263100523e-10
871	8.061970240241704e-10
872	7.72400503020488e-10
873	7.454473912436572e-10
874	7.149930727514897e-10
875	6.844857980028786e-10
876	6.608454488332134e-10
877	6.337010587743884e-10
878	6.099754269949708e-10
879	5.862086565950496e-10
880	5.624007747060944e-10
881	5.420263364732376e-10
882	5.216166750668945e-10
883	5.011718141184076e-10
884	4.806917774445481e-10
885	4.601765890477228e-10
886	4.4311537052186356e-10
887	4.2602486825794204e-10
888	4.12400017958017e-10
889	3.9175609385367824e-10
890	3.7807859045988525e-10
891	3.643776933982511e-10
892	3.5065341922766426e-10
893	3.3690578463156364e-10
894	3.231348064180559e-10
895	3.093405015200296e-10
896	2.9904101660235515e-10
897	2.8872402952722515e-10
898	2.74865634709222e-10
899	2.645107897022058e-10
900	2.541384827596858e-10
901	2.4374872697947145e-10
902	2.333415355534133e-10
903	2.2645528560505483e-10
904	2.195573956352013e-10
905	2.0910374321259222e-10
906	1.9863270572776283e-10
907	1.916941892210259e-10
908	1.8474407146541152e-10
909	1.7778236153777298e-10
910	1.708090685779358e-10
911	1.638242017887378e-10
912	1.5682777043606732e-10
913	1.4981978384889986e-10
914	1.463702577048175e-10
915	1.3934205582901138e-10
916	1.358780639681805e-10
917	1.2882967829448852e-10
918	1.2176978166340307e-10
919	1.218670327527392e-10
920	1.1478986065258278e-10
921	1.0770120349921851e-10
922	1.0778686195622502e-10
923	1.006809715285578e-10
924	9.71622232894813e-11
925	9.363772674978032e-11
926	9.010748685047589e-11
927	8.657150856429599e-11
928	8.302979689568588e-11
929	7.948235688081863e-11
930	7.954486947272818e-11
931	7.237031211569836e-11
932	7.242707115422229e-11
933	6.885960492617057e-11
934	6.528643422432132e-11
935	6.53374209890561e-11
936	5.812300030607977e-11
937	5.816826413073913e-11
938	5.821349889260498e-11
939	5.461753543543988e-11
940	5.101589562922818e-11
941	5.10553990881663e-11
942	4.744524262391335e-11
943	4.3829424230682917e-11
944	4.386321751587221e-11
945	4.3896988336073244e-11
946	4.026984187955113e-11
947	3.66370518332217e-11
948	3.666513754387182e-11
949	3.6693204215680966e-11
950	3.672125176915741e-11
951	3.307435211233482e-11
952	2.942183136254496e-11
953	2.944422313982702e-11
954	2.946659936813274e-11
955	2.948895998390414e-11
956	2.951130492359256e-11
957	2.584192985820197e-11
958	2.5861454080504785e-11
959	2.2183683788121562e-11
960	2.220039498818323e-11
961	2.221709419299944e-11
962	2.2233781354962254e-11
963	2.2250456426474593e-11
964	2.226711935995071e-11
965	1.856980842318071e-11
966	1.8583673852093075e-11
967	1.4878023237657964e-11
968	1.4889099174805213e-11
969	1.4900166861435755e-11
970	1.4911226265878865e-11
971	1.4922277356473897e-11
972	1.493332010157066e-11
973	1.4944354469529757e-11
974	1.4955380428722924e-11
975	1.4966397947533394e-11
976	1.497740699435623e-11
977	1.1241305653199015e-11
978	1.1249549659260397e-11
979	1.1257787240275819e-11
980	1.1266018372579657e-11
981	7.51616202167766e-12
982	7.521640797627517e-12
983	7.52711522714645e-12
984	7.532585294485515e-12
985	7.538050983903206e-12
986	7.543512279665649e-12
987	7.54896916604675e-12
988	7.55442162732837e-12
989	7.559869647800488e-12
990	7.56531321176136e-12
991	7.570752303517688e-12
992	7.576186907384796e-12
993	7.581617007686766e-12
994	7.58704258875663e-12
995	7.592463634936497e-12
996	7.597880130577758e-12
997	7.603292060041204e-12
998	7.608699407697225e-12
999	7.614102157925933e-12
1000	3.8097501475586714e-12