1	0.464724672337092
2	0.9167424114780268
3	1.3560198293695316
4	1.7825348642495462
5	2.1962771221975204
6	2.597248110290024
7	2.985461371870343
8	3.3609425337197703
9	3.72372927423695
10	4.073871221088328
11	4.4114297861856
12	4.736477945273468
13	5.049099968871342
14	5.349391110804471
15	5.6374572600816
16	5.913414561426463
17	6.177389009347578
18	6.4295160202339865
19	6.669939986591921
20	6.8988138171881435
21	7.116298466538638
22	7.3225624568749215
23	7.517781395433989
24	7.702137489650163
25	7.87581906257752
26	8.039020070638522
27	8.191939625577472
28	8.334781522295762
29	8.467753774057819
30	8.591068156382885
31	8.704939760775822
32	8.809586559300866
33	8.90522898086373
34	8.992089499939945
35	9.070392238369333
36	9.140362580728466
37	9.202226803693275
38	9.256211719712736
39	9.302544335231033
40	9.341451523619611
41	9.373159712910837
42	9.39789458836222
43	9.415880809822934
44	9.427341743823002
45	9.432499210259179
46	9.43157324351004
47	9.424781867776105
48	9.412340886407643
49	9.394463684954516
50	9.371361047646632
51	9.343240986992095
52	9.310308586161296
53	9.272765853808885
54	9.23081159097303
55	9.184641269679679
56	9.134446922871678
57	9.08041704527552
58	9.022736504814118
59	8.961586464170926
60	8.897144312109393
61	8.829583604151793
62	8.759074012222625
63	8.685781282864609
64	8.609867203638437
65	8.53148957732236
66	8.450802203532476
67	8.367954867391326
68	8.283093334878426
69	8.196359354504214
70	8.107890664956427
71	8.017821008376139
72	7.926280148929475
73	7.8333938963497145
74	7.739284134133843
75	7.644068852086708
76	7.547862182915824
77	7.4507744425891556
78	7.352912174177961
79	7.254378194916784
80	7.155271646221941
81	7.055688046420063
82	6.955719345947469
83	6.855453984791038
84	6.7549769519505105
85	6.654369846711662
86	6.553710941528891
87	6.4530752463249605
88	6.352534574024337
89	6.252157607145547
90	6.152009965286353
91	6.052154273343857
92	5.9526502303199464
93	5.853554678570254
94	5.7549216733626745
95	5.656802552618825
96	5.55924600671914
97	5.462298148259597
98	5.366002581654367
99	5.270400472485889
100	5.175530616509716
101	5.08142950822807
102	4.988131408951539
103	4.89566841427446
104	4.804070520894739
105	4.713365692714202
106	4.623579926160734
107	4.534737314678068
108	4.446860112334046
109	4.359968796502227
110	4.274082129576404
111	4.189217219681216
112	4.105389580346087
113	4.02261318911354
114	3.9409005450560515
115	3.8602627251793575
116	3.7807094396928895
117	3.702249086131291
118	3.6248888023136474
119	3.5486345181296537
120	3.4734910061447186
121	3.399461931018132
122	3.326549897730685
123	3.2547564986204494
124	3.1840823592270855
125	3.1145271829471093
126	3.0460897945041943
127	2.978768182240174
128	2.9125595392339547
129	2.8474603032569243
130	2.783466195574681
131	2.72057225860617
132	2.658772892452393
133	2.5980618903077617
134	2.538432472768299
135	2.479877321051496
136	2.4223886091435873
137	2.3659580348905345
138	2.31057685004975
139	2.256235889320131
140	2.2029255983683336
141	2.150636060869834
142	2.0993570245835236
143	2.0490779264790446
144	1.999787916936206
145	1.9514758830361445
146	1.904130470964024
147	1.8577401075431537
148	1.812293020920593
149	1.767777260424281
150	1.724180715611766
151	1.6814911345306025
152	1.639696141210462
153	1.5987832524068641
154	1.5587398936163794
155	1.5195534143830178
156	1.4812111029153614
157	1.443700200033871
158	1.4070079124674677
159	1.371121425518491
160	1.336027915114738
161	1.3017145592671018
162	1.2681685489511256
163	1.2353770984304306
164	1.203327455039761
165	1.1720069084450824
166	1.1414027993979086
167	1.1115025280006272
168	1.0822935614994065
169	1.0537634416209019
170	1.0258997914686032
171	0.9986903219944236
172	0.9721228380607834
173	0.9461852441080331
174	0.9208655494418582
175	0.8961518731548541
176	0.8720324486962111
177	0.8484956281030347
178	0.8255298859065912
179	0.8031238227263335
180	0.781266168564299
181	0.7599457858121362
182	0.7391516719826166
183	0.7188729621772926
184	0.6990989313015288
185	0.6798189960378465
186	0.6610227165882485
187	0.6426997981958146
188	0.6248400924556239
189	0.6074335984246706
190	0.5904704635402314
191	0.5739409843557842
192	0.5578356071033298
193	0.5421449280906637
194	0.526859693941854
195	0.5119708016889686
196	0.497469298722744
197	0.4833463826096913
198	0.46959340078284756
199	0.4562018501131344
200	0.44316337636805747
201	0.43046977356418425
202	0.4181129832196993
203	0.406085093513002
204	0.3943783383531591
205	0.3829850963677849
206	0.3718978898137004
207	0.36110938341551574
208	0.35061238313711074
209	0.34039983489073733
210	0.3304648231883265
211	0.32080056973935805
212	0.31140043199951845
213	0.302257901674116
214	0.2933666031801686
215	0.2847202920707819
216	0.2763128534253867
217	0.2681383002091885
218	0.2601907716050491
219	0.252464531320851
220	0.24495396587531398
221	0.23765358286502075
222	0.23055800921532468
223	0.22366198941767418
224	0.2169603837557624
225	0.2104481665227729
226	0.2041204242319225
227	0.19797235382233808
228	0.19199926086223132
229	0.18619655775122446
230	0.18055976192355688
231	0.17508449405385806
232	0.16976647626700975
233	0.16460153035359726
234	0.15958557599232123
235	0.15471462898066174
236	0.14998479947504165
237	0.14539229024160533
238	0.14093339491871137
239	0.1366044962921154
240	0.132402064583793
241	0.12832265575526944
242	0.12436290982624916
243	0.1205195492093112
244	0.11678937706133934
245	0.11316927565233573
246	0.10965620475219899
247	0.10624720003598631
248	0.10293937150816394
249	0.09972990194625972
250	0.09661604536434358
251	0.09359512549665955
252	0.09066453430174258
253	0.08782173048729056
254	0.08506423805603083
255	0.08238964487278817
256	0.07979560125293514
257	0.07727981857235453
258	0.07484006789904092
259	0.07247417864641811
260	0.0701800372484414
261	0.06795558585651665
262	0.06579882105823906
263	0.06370779261795376
264	0.06168060223911629
265	0.05971540234836131
266	0.05781039490126394
267	0.05596383020966764
268	0.05417400579049208
269	0.05243926523590709
270	0.05075799710471533
271	0.04912863383483683
272	0.04754965067670644
273	0.046019564647418486
274	0.04453693350545059
275	0.04310035474577161
276	0.04170846461511884
277	0.04035993714726368
278	0.03905348321801955
279	0.03778784961979715
280	0.03656181815545569
281	0.035374204751224436
282	0.03422385858845789
283	0.033109661253957846
284	0.03203052590865793
285	0.03098539647434656
286	0.029973246838250492
287	0.028993080075158904
288	0.028043927686850944
289	0.027124848858569216
290	0.02623492973225298
291	0.02537328269628245
292	0.024539045691454913
293	0.023731381532935684
294	0.022949477247898642
295	0.02219254342861151
296	0.021459813600667812
297	0.020750543606119404
298	0.020064011001248716
299	0.019399514468680296
300	0.018756373243611943
301	0.01813392655385983
302	0.0175315330734927
303	0.01694857038976441
304	0.016384434483106683
305	0.015838539219921326
306	0.015310315857916612
307	0.014799212563724238
308	0.01430469394258773
309	0.013826240579813583
310	0.013363348593806685
311	0.012915529200394326
312	0.01248230828825244
313	0.012063226005148224
314	0.011657836354794043
315	0.011265706804102915
316	0.010886417900559484
317	0.010519562899553173
318	0.010164747401411616
319	0.009821588997916379
320	0.009489716928123138
321	0.009168771743229708
322	0.008858404980337619
323	0.008558278844835886
324	0.008268065901273054
325	0.007987448772511483
326	0.00771611984690679
327	0.007453780993418601
328	0.00720014328437107
329	0.006954926725771872
330	0.0067178599949310885
331	0.006488680185260668
332	0.006267132558028878
333	0.006052970300952084
334	0.005845954293441189
335	0.005645852878294507
336	0.00545244163974795
337	0.005265503187687282
338	0.005084826947843331
339	0.004910208957901134
340	0.004741451669268853
341	0.004578363754459014
342	0.004420759919854073
343	0.0042684607238252835
344	0.004121292399921952
345	0.003979086685165469
346	0.0038416806531637172
347	0.0037089165520305355
348	0.0035806416469505325
349	0.003456708067223632
350	0.0033369726577354942
351	0.003221296834721116
352	0.003109546445665765
353	0.00300159163330084
354	0.002897306703512338
355	0.0027965699971533023
356	0.0026992637655041916
357	0.00260527404948432
358	0.0025144905623049087
359	0.002426806575669919
360	0.0023421188092034146
361	0.0022603273232652543
362	0.002181335414859543
363	0.0021050495166255317
364	0.0020313790989040575
365	0.0019602365746080493
366	0.0018915372070270997
367	0.0018251990203117234
368	0.0017611427127039291
369	0.0016992915723184395
370	0.001639571395492114
371	0.0015819104075453854
372	0.0015262391860057078
373	0.0014724905860825524
374	0.0014205996684393655
375	0.0013705036291539988
376	0.0013221417317973699
377	0.001275455241567534
378	0.0012303873614836086
379	0.0011868831704818159
380	0.001144889563418701
381	0.0011043551929273176
382	0.0010652304130539948
383	0.0010274672246219883
384	0.0009910192222998885
385	0.0009558415432775498
386	0.0009218908175555435
387	0.0008891251197560234
388	0.0008575039224518212
389	0.0008269880509099856
390	0.000797539639292328
391	0.0007691220881782388
392	0.000741700023450647
393	0.0007152392564425247
394	0.0006897067453466876
395	0.0006650705578064625
396	0.000641299834776046
397	0.0006183647553598863
398	0.0005962365029220438
399	0.0005748872321714566
400	0.0005542900373014435
401	0.0005344189211767577
402	0.0005152487654355419
403	0.000496755301608049
404	0.0004789150831024609
405	0.00046170545811812576
406	0.0004451045433703951
407	0.00042909119876708725
408	0.00041364500272669704
409	0.0003987462284422865
410	0.0003843758208315407
411	0.00037051537423362464
412	0.000357147110833703
413	0.00034425385977746736
414	0.00033181903696148933
415	0.00031982662546194916
416	0.00030826115664117355
417	0.00029710769179467657
418	0.0002863518044603659
419	0.0002759795632576313
420	0.0002659775153171903
421	0.00025633267021697714
422	0.00024703248443675775
423	0.00023806484640673532
424	0.0002294180619095896
425	0.0002210808400504309
426	0.00021304227967572156
427	0.0002052918562313381
428	0.00019781940899308052
429	0.00019061512884187206
430	0.00018366954630094558
431	0.00017697352009665991
432	0.00017051822598964796
433	0.00016429514601965246
434	0.0001582960581261421
435	0.00015251302607849384
436	0.0001469383897619069
437	0.00014156475575821914
438	0.00013638498827467875
439	0.00013139220032681994
440	0.00012657974528465103
441	0.0001219412086272988
442	0.00011747040001596253
443	0.00011316134561315761
444	0.00010900828065919078
445	0.00010500564234657707
446	0.00010114806281599789
447	0.00009743036250809108
448	0.00009384754369595756
449	0.00009039478418620497
450	0.00008706743131782992
451	0.00008386099608597992
452	0.00008077114752051317
453	0.0000777937072275914
454	0.00007492464408333573
455	0.00007216006918956967
456	0.00006949623092677907
457	0.00006692951020192531
458	0.00006445641585797647
459	0.00006207358021713213
460	0.000059777754834420555
461	0.00005756580631095121
462	0.00005543471231748125
463	0.00005338155773963052
464	0.000051403530897080437
465	0.00004949791999107222
466	0.00004766210961484877
467	0.00004589357732881568
468	0.0000441898904962028
469	0.000042548703089953635
470	0.00004096775266576544
471	0.00003944485746831338
472	0.000037977913583956714
473	0.00003656489218229342
474	0.000035203836937233284
475	0.000033892861441712193
476	0.000032630146765064414
477	0.000031413939072279945
478	0.000030242547343194917
479	0.000029114341163335537
480	0.000028027748564060287
481	0.000026981253984925252
482	0.000025973396282558407
483	0.000025002766783770375
484	0.000024068007470957403
485	0.000023167809147036744
486	0.00002230090975103799
487	0.000021466092656969964
488	0.00002066218507950605
489	0.00001988805651582941
490	0.00001914261722186871
491	0.000018424816828513375
492	0.000017733642855079805
493	0.000017068119446257887
494	0.00001642730599623749
495	0.000015810295959810058
496	0.000015216215598020344
497	0.000014644222793592808
498	0.000014093505994954902
499	0.000013563283031769337
500	0.000013052800130345062
501	0.000012561330894279703
502	0.000012088175277444643
503	0.000011632658712602642
504	0.000011194131111799902
505	0.000010771966096687659
506	0.000010365560053233793
507	9.974331347761206e-6
508	9.59771955415396e-6
509	9.235184683445022e-6
510	8.886206453091574e-6
511	8.550283533768456e-6
512	8.22693294287212e-6
513	7.915689337753344e-6
514	7.616104377170134e-6
515	7.327746120226068e-6
516	7.0501984311564095e-6
517	6.783060436595167e-6
518	6.525945908554081e-6
519	6.278482801546985e-6
520	6.040312722787453e-6
521	5.811090405164094e-6
522	5.590483270903958e-6
523	5.378170949880009e-6
524	5.173844848055158e-6
525	4.9772077258355145e-6
526	4.787973261334795e-6
527	4.60586568771091e-6
528	4.43061937404034e-6
529	4.261978496358144e-6
530	4.099696634712778e-6
531	3.943536476765279e-6
532	3.793269463080438e-6
533	3.648675455864996e-6
534	3.509542464773812e-6
535	3.375666321096223e-6
536	3.246850408504059e-6
537	3.122905383373555e-6
538	3.003648909507623e-6
539	2.888905398622807e-6
540	2.7785057477573977e-6
541	2.6722871590131027e-6
542	2.5700928363266697e-6
543	2.471771806777827e-6
544	2.3771787128095362e-6
545	2.2861735743657152e-6
546	2.1986216333572993e-6
547	2.114393115699436e-6
548	2.0333630931227327e-6
549	1.955411261767624e-6
550	1.8804218032468324e-6
551	1.8082832145463657e-6
552	1.7388881413666281e-6
553	1.672133250360938e-6
554	1.607919024700574e-6
555	1.5461496872318414e-6
556	1.4867330020278246e-6
557	1.4295802219835776e-6
558	1.3746058779406798e-6
559	1.3217277050308913e-6
560	1.270866517949389e-6
561	1.2219460886323361e-6
562	1.174893035356863e-6
563	1.1296367324900268e-6
564	1.086109204363804e-6
565	1.0442449843762567e-6
566	1.0039811233385856e-6
567	9.652569605889096e-7
568	9.280141642401585e-7
569	8.92196570411705e-7
570	8.57750125768654e-7
571	8.246227947102065e-7
572	7.927645337272388e-7
573	7.621271363299361e-7
574	7.326642386970753e-7
575	7.043312049602604e-7
576	6.77085079597712e-7
577	6.508845414741049e-7
578	6.256898022326067e-7
579	6.014625913802841e-7
580	5.781660665738053e-7
581	5.557647918373799e-7
582	5.342246595993916e-7
583	5.135128424008915e-7
584	4.935977553634095e-7
585	4.7444901012165624e-7
586	4.560373697330433e-7
587	4.383347045167703e-7
588	4.2131393900300554e-7
589	4.049490191781304e-7
590	3.89214900309289e-7
591	3.740874571956573e-7
592	3.595434931109167e-7
593	3.4556068089385916e-7
594	3.3211756388117567e-7
595	3.1919346858823555e-7
596	3.0676852681506247e-7
597	2.9482361927800404e-7
598	2.8334033949072854e-7
599	2.723010082530011e-7
600	2.616885888061949e-7
601	2.5148670243611126e-7
602	2.4167960478592775e-7
603	2.3225214245745504e-7
604	2.231897199721443e-7
605	2.1447832799980478e-7
606	2.061044709125179e-7
607	1.9805518589511725e-7
608	1.9031797099591905e-7
609	1.8288083580694253e-7
610	1.757322302556222e-7
611	1.688610553665018e-7
612	1.622566026001031e-7
613	1.559086272208323e-7
614	1.498072368617894e-7
615	1.4394292436975534e-7
616	1.3830654959994176e-7
617	1.3288931104906934e-7
618	1.276827801647811e-7
619	1.2267879021292022e-7
620	1.1786954408793186e-7
621	1.1324751400790188e-7
622	1.0880545601541734e-7
623	1.045364355399537e-7
624	1.0043375866620673e-7
625	9.649097693046853e-8
626	9.270191366993545e-8
627	8.906062733311621e-8
628	8.556138530216896e-8
629	8.219868029331893e-8
630	7.896725787360078e-8
631	7.586199496627817e-8
632	7.28780234514963e-8
633	7.001061946766633e-8
634	6.725528508131976e-8
635	6.460765890470937e-8
636	6.206355531198838e-8
637	5.961898267814846e-8
638	5.7270032233887204e-8
639	5.5013036768627186e-8
640	5.284438392673994e-8
641	5.0760664697064036e-8
642	4.8758573183272604e-8
643	4.6834925472460586e-8
644	4.49866679240046e-8
645	4.3210874746007415e-8
646	4.150473472979959e-8
647	3.986550506921787e-8
648	3.8290607751326005e-8
649	3.677751783162376e-8
650	3.5323838199523786e-8
651	3.3927253696013155e-8
652	3.258551808944831e-8
653	3.129651856683387e-8
654	3.005817453027599e-8
655	2.8868524419030063e-8
656	2.7725657655080636e-8
657	2.662774634050227e-8
658	2.557304384873358e-8
659	2.455984996260757e-8
660	2.358654292464415e-8
661	2.265157822308943e-8
662	2.1753431331982025e-8
663	2.08906748759116e-8
664	2.006193273595369e-8
665	1.9265856368162645e-8
666	1.85011799693166e-8
667	1.7766663172227234e-8
668	1.7061123835132008e-8
669	1.6383437165490715e-8
670	1.573250085716397e-8
671	1.5107279505207524e-8
672	1.4506735692885667e-8
673	1.3929931391988568e-8
674	1.337592496347715e-8
675	1.2843815813539623e-8
676	1.2332743711647131e-8
677	1.1841888140514297e-8
678	1.137045621871766e-8
679	1.0917670569170518e-8
680	1.0482814561891749e-8
681	1.0065185921334253e-8
682	9.66408456868456e-9
683	9.278869567876684e-9
684	8.908924183852474e-9
685	8.553643826999394e-9
686	8.212435507422185e-9
687	7.884763627762923e-9
688	7.5701033743155e-9
689	7.267917025291061e-9
690	6.977723064762802e-9
691	6.699049474954665e-9
692	6.431444952874846e-9
693	6.174466910291729e-9
694	5.927692749614775e-9
695	5.690731229287438e-9
696	5.463175461614578e-9
697	5.244672664398152e-9
698	5.034865495537702e-9
699	4.833403402067352e-9
700	4.6399540539111076e-9
701	4.454203110301761e-9
702	4.2758422366216695e-9
703	4.104592379544718e-9
704	3.940156489997784e-9
705	3.7822781346263004e-9
706	3.6306824004424404e-9
707	3.485122821190346e-9
708	3.3453812681442645e-9
709	3.211196826182486e-9
710	3.0823838553841288e-9
711	2.9586898212909976e-9
712	2.839949082700892e-9
713	2.725928659972509e-9
714	2.6164704178063708e-9
715	2.5113960207093925e-9
716	2.410506676926786e-9
717	2.3136424792268725e-9
718	2.2206585541504002e-9
719	2.1313891626025857e-9
720	2.04568331087407e-9
721	1.9634046720946475e-9
722	1.8844315115276154e-9
723	1.8085967498560976e-9
724	1.7358194751466086e-9
725	1.6659492670086797e-9
726	1.5988618260738233e-9
727	1.5344829810232403e-9
728	1.4726685993788016e-9
729	1.4133244928428828e-9
730	1.356382433273382e-9
731	1.3017038202709528e-9
732	1.2492239506052662e-9
733	1.1988436686257848e-9
734	1.1504894994474507e-9
735	1.1040653662932223e-9
736	1.0595249290944568e-9
737	1.0167628809283652e-9
738	9.75711461350594e-10
739	9.363042019337974e-10
740	8.985000888907517e-10
741	8.62198762598861e-10
742	8.273615263998238e-10
743	7.939265579410956e-10
744	7.618330668276246e-10
745	7.310333931739805e-10
746	7.014565461048563e-10
747	6.730931940777735e-10
748	6.458619912811051e-10
749	6.197310415482107e-10
750	5.946449348177143e-10
751	5.705611944763603e-10
752	5.474624608270676e-10
753	5.252833598015993e-10
754	5.040079440960235e-10
755	4.83596552999306e-10
756	4.6398572784923494e-10
757	4.4518584887272856e-10
758	4.2713462991267004e-10
759	4.0981918578821743e-10
760	3.931905014655383e-10
761	3.772367429699551e-10
762	3.6192211094196187e-10
763	3.4723574830678225e-10
764	3.3314277132148843e-10
765	3.196209640477439e-10
766	3.066362672516033e-10
767	2.941795247239267e-10
768	2.822297107092745e-10
769	2.7076616231454916e-10
770	2.597562899768665e-10
771	2.491923765813023e-10
772	2.3906703850493477e-10
773	2.2933635586189795e-10
774	2.2000582561634056e-10
775	2.110566676381713e-10
776	2.0247036826797382e-10
777	1.9422866900185822e-10
778	1.863135556945653e-10
779	1.787318571279584e-10
780	1.714537273536493e-10
781	1.6446183304537014e-10
782	1.5776367163306103e-10
783	1.5134232721931536e-10
784	1.4516875360838426e-10
785	1.39251035155001e-10
786	1.335728024881384e-10
787	1.28117850955736e-10
788	1.2289478694820958e-10
789	1.1787539873844903e-10
790	1.1308093274550895e-10
791	1.0845880351375206e-10
792	1.0403053976066889e-10
793	9.978081174631461e-11
794	9.570674818833129e-11
795	9.180560030951519e-11
796	8.805005822659482e-11
797	8.444993556299371e-11
798	8.100281683508121e-11
799	7.768170498940365e-11
800	7.450906625403934e-11
801	7.145809289922613e-11
802	6.853909451589949e-11
803	6.573777990101854e-11
804	6.303993843378686e-11
805	6.045612827283793e-11
806	5.798463891957416e-11
807	5.561148631703093e-11
808	5.3335101095031856e-11
809	5.115398032792356e-11
810	4.90543391075827e-11
811	4.704714465710707e-11
812	4.5118731590509905e-11
813	4.3267836065928596e-11
814	4.1493247636022763e-11
815	3.979380685723974e-11
816	3.815606080742753e-11
817	3.659128925400938e-11
818	3.509847271531954e-11
819	3.365195566132185e-11
820	3.227548472611018e-11
821	3.094348904691689e-11
822	2.9679787256968544e-11
823	2.8458886890527498e-11
824	2.7280006350646727e-11
825	2.616705862592147e-11
826	2.5094658652386923e-11
827	2.406211953196652e-11
828	2.306878333278982e-11
829	2.2126342843735117e-11
830	2.1209545975414473e-11
831	2.0342457894854906e-11
832	1.9499884439950686e-11
833	1.8705928919590188e-11
834	1.792314014029321e-11
835	1.7200279973955837e-11
836	1.6487639775661888e-11
837	1.5809393136065398e-11
838	1.515280883807658e-11
839	1.4529779679182586e-11
840	1.3927614804807907e-11
841	1.3358234004510136e-11
842	1.2808984094627546e-11
843	1.2279524160311735e-11
844	1.1769527570074272e-11
845	1.1278681332751753e-11
846	1.0818959207611349e-11
847	1.0377792461932889e-11
848	9.942639008530127e-12
849	9.537770485502544e-12
850	9.138404909150925e-12
851	8.768819376549959e-12
852	8.404268136554521e-12
853	8.056785491522197e-12
854	7.72615649392707e-12
855	7.399937957413145e-12
856	7.090177563417201e-12
857	6.80891273822983e-12
858	6.531500804396368e-12
859	6.2577802927923e-12
860	5.987597015278405e-12
861	5.745220005553141e-12
862	5.5060720827760016e-12
863	5.282216381738725e-12
864	5.061315868382872e-12
865	4.855434710443141e-12
866	4.652257268306369e-12
867	4.4516710922856635e-12
868	4.277910164037069e-12
869	4.1065078547697355e-12
870	3.937365810874784e-12
871	3.770390130756683e-12
872	3.6054911692935553e-12
873	3.466865970539009e-12
874	3.317990532433747e-12
875	3.1709339877151073e-12
876	3.0498670072230745e-12
877	2.9183311734483106e-12
878	2.8004970023329938e-12
879	2.684176415670758e-12
880	2.569306975021917e-12
881	2.4679189911596204e-12
882	2.367852069043899e-12
883	2.2690516744145537e-12
884	2.1714657556262965e-12
885	2.0750446340650774e-12
886	1.991795964013347e-12
887	1.90960500666314e-12
888	1.840468897460303e-12
889	1.7482245491077474e-12
890	1.68097978594846e-12
891	1.61461553242518e-12
892	1.5490955461443393e-12
893	1.4843852391002928e-12
894	1.4204516044052263e-12
895	1.3572631462294064e-12
896	1.3067690681841571e-12
897	1.256945398524041e-12
898	1.1958014151283095e-12
899	1.147245232223881e-12
900	1.0992804924701826e-12
901	1.051883223349229e-12
902	1.0050305529348458e-12
903	9.706221060815492e-13
904	9.366984799166357e-13
905	8.913353618281797e-13
906	8.464352596982628e-13
907	8.13866810145608e-13
908	7.817083346989159e-13
909	7.499431814672943e-13
910	7.185554640682158e-13
911	6.875300274993012e-13
912	6.568524155147967e-13
913	6.265088394408709e-13
914	6.083091001830971e-13
915	5.785853451512309e-13
916	5.609619622649781e-13
917	5.318098667825122e-13
918	5.029317312642073e-13
919	4.978675390935337e-13
920	4.694871611577012e-13
921	4.4135093542010344e-13
922	4.3694113827067394e-13
923	4.092467261497916e-13
924	3.9349620979650974e-13
925	3.779359845762323e-13
926	3.6255844022880404e-13
927	3.4735631890224555e-13
928	3.323226993343707e-13
929	3.1745098173627293e-13
930	3.1439853300620664e-13
931	2.8816837462841465e-13
932	2.8538822582554674e-13
933	2.710933506503356e-13
934	2.569316474009687e-13
935	2.5450830101069947e-13
936	2.289881793895876e-13
937	2.2678544191347492e-13
938	2.2467532329978373e-13
939	2.1108745951199733e-13
940	1.9760620669895564e-13
941	1.9577150120536754e-13
942	1.8248121697972847e-13
943	1.692868882879501e-13
944	1.6769479687181935e-13
945	1.6616937982165841e-13
946	1.5322116884001622e-13
947	1.4035688621303358e-13
948	1.3903691168652743e-13
949	1.3777218065483274e-13
950	1.3656012398101736e-13
951	1.2397083059082488e-13
952	1.1145337414334176e-13
953	1.1040915463857951e-13
954	1.0940858130330695e-13
955	1.0844961996394502e-13
956	1.0753032946883226e-13
957	9.529421894020739e-14
958	9.446115607574591e-14
959	8.233266039463047e-14
960	8.157932456661907e-14
961	8.085733212058588e-14
962	8.016521737797692e-14
963	7.950158189341606e-14
964	7.886509140249896e-14
965	6.70004343851533e-14
966	6.642732378596396e-14
967	5.464949482340857e-14
968	5.4135367323036406e-14
969	5.3642698074032267e-14
970	5.317048051702703e-14
971	5.2717754428799894e-14
972	5.2283603811604163e-14
973	5.186715487777409e-14
974	5.146757412534676e-14
975	5.108406650062601e-14
976	5.071587364379417e-14
977	3.9266354661251666e-14
978	3.894020984851908e-14
979	3.862736541205277e-14
980	3.832719347707524e-14
981	2.6997738381982406e-14
982	2.6734923695708423e-14
983	2.6483122667443288e-14
984	2.6241815580096855e-14
985	2.6010506795553565e-14
986	2.5788723651128227e-14
987	2.557601540612862e-14
988	2.5371952236269028e-14
989	2.5176124273780693e-14
990	2.4988140691161063e-14
991	2.480762882659593e-14
992	2.4634233349174932e-14
993	2.4467615462107886e-14
994	2.4307452142225443e-14
995	2.415343541412866e-14
996	2.400527165742107e-14
997	2.3862680945531034e-14
998	2.3725396414695392e-14
999	2.3593163661741636e-14
1000	1.26954890395894e-14