1	6439.5857523428895
2	6246.134898239175
3	6057.831239275287
4	5874.570055841561
5	5696.247034839753
6	5522.758386585551
7	5354.000952762595
8	5189.872305901036
9	5030.270840832914
10	4875.095858556529
11	4724.2476429229355
12	4577.627530539009
13	4435.137974263877
14	4296.682600658316
15	4162.166261730265
16	4031.4950813039345
17	3904.576496324519
18	3781.319293396306
19	3661.633640837631
20	3545.4311165229233
21	3432.6247317690686
22	3323.128951510961
23	3216.859710999316
24	3113.7344292423413
25	3013.672019402018
26	2916.592896345301
27	2822.418981540499
28	2731.073705479576
29	2642.482007797844
30	2556.5703352538326
31	2473.2666377236683
32	2392.500362356251
33	2314.20244602787
34	2238.305306227523
35	2164.7428304971963
36	2093.450364544632
37	2024.3646991397673
38	1957.4240558998074
39	1892.5680720621856
40	1829.7377843389697
41	1768.8756119410627
42	1709.9253388554039
43	1652.8320954535975
44	1597.542339505765
45	1544.0038366690533
46	1492.1656405160368
47	1441.978072164293
48	1393.3926995646354
49	1346.362316501934
50	1300.8409213589312
51	1256.7836956903595
52	1214.1469826514262
53	1172.8882653219082
54	1132.9661449642651
55	1094.3403192515214
56	1056.9715604982118
57	1020.8216939252684
58	985.8535759874765
59	952.0310727899973
60	919.3190386184637
61	887.6832946051713
62	857.0906075521729
63	827.5086689302809
64	798.9060740714337
65	771.2523015703379
66	744.5176929098138
67	718.6734323230091
68	693.6915269042556
69	669.5447869792253
70	646.206806743854
71	623.6519451804542
72	601.8553072584459
73	580.7927254261491
74	560.440741399259
75	540.776588250739
76	521.7781728061148
77	503.42405834745375
78	485.69344762855303
79	468.5661662033291
80	452.0226460687275
81	436.0439096229625
82	420.6115539393736
83	405.70773535569543
84	391.3151543781258
85	377.4170408991423
86	363.99713972764033
87	351.03969642963636
88	338.5294434774393
89	326.4515867049093
90	314.79179206613105
91	303.5361726946367
92	292.6712762600062
93	282.1840726185417
94	272.06194175449394
95	262.29266200815766
96	252.86439858699273
97	243.7656923558331
98	234.98544890206966
99	226.51292787165374
100	218.33773257162744
101	210.44979983483955
102	202.83939014242918
103	195.49707799961337
104	188.41374256026396
105	181.58055849572932
106	174.9889871033346
107	168.6307676499664
108	162.49790894616595
109	156.58268114611658
110	150.87760776894802
111	145.37545793678223
112	140.06923882496324
113	134.95218831992065
114	130.01776788018358
115	125.2596555960569
116	120.67173944352321
117	116.24811072797448
118	111.98305771343233
119	107.87105943293246
120	103.9067796758364
121	100.0850611478562
122	96.40091979964974
123	92.84953931990822
124	89.42626578887402
125	86.12660248835861
126	82.94620486431656
127	79.8808756381561
128	76.92656006298554
129	74.07934132109366
130	71.33543605900731
131	68.69119005653852
132	66.14307402631205
133	63.68767954031653
134	61.32171508009464
135	59.04200220726151
136	56.84547185109702
137	54.72916071003152
138	52.690207763908404
139	50.7258508939797
140	48.83342360763732
141	47.010351864984514
142	45.254151004370264
143	43.562422764122445
144	41.93285239773452
145	40.363205879854426
146	38.85132720048987
147	37.39513574486021
148	35.99262375645932
149	34.64185388087256
150	33.3409567880321
151	32.08812887057471
152	30.88163001609261
153	29.71978145106354
154	28.600963654362015
155	27.52361433824854
156	26.48622649483781
157	25.48734650606601
158	24.52557231524669
159	23.59955165833841
160	22.707980353137895
161	21.849600644588136
162	21.023199604522038
163	20.227607584144813
164	19.46169671763949
165	18.72437947530855
166	18.014607264721583
167	17.33136907835948
168	16.67369018631697
169	16.040630872647952
170	15.431285213970659
171	14.844779899017839
172	14.280273087820506
173	13.736953309276307
174	13.214038395886494
175	12.710774454464788
176	12.22643487166782
177	11.760319353246244
178	11.311752995913201
179	10.880085390784735
180	10.464689757382585
181	10.064962107185238
182	9.680320435794806
183	9.310203942763893
184	8.954072278196625
185	8.611404815236156
186	8.281699947595435
187	7.964474411310492
188	7.659262629904551
189	7.365616082213335
190	7.0831026920931714
191	6.811306239310315
192	6.549825790891848
193	6.298275152267465
194	6.056282337536283
195	5.823489058208713
196	5.599550229830877
197	5.384133495862998
198	5.1769187682438105
199	4.977597784087953
200	4.785873677949424
201	4.60146056913752
202	4.4240831635864035
203	4.253476369749429
204	4.089384928087657
205	3.931563053644307
206	3.7797740912875835
207	3.6337901831746895
208	3.4933919480377025
209	3.3583681718472205
210	3.2285155095075653
211	3.103638197167216
212	2.98354777480727
213	2.8680628187314356
214	2.7570086836187175
215	2.650217253823907
216	2.5475267035862954
217	2.4487812658367663
218	2.3538310093224344
219	2.2625316237429214
220	2.1747442126181533
221	2.090335093624386
222	2.009175606141485
223	1.9311419257398192
224	1.8561148853847413
225	1.7839798031039662
226	1.7146263159105832
227	1.6479482197379023
228	1.583843315192987
229	1.5222132589122945
230	1.4629634203280124
231	1.4060027436444635
232	1.351243614854867
233	1.298601733599119
234	1.247995989704495
235	1.1993483442443276
236	1.1525837149443328
237	1.107629865783334
238	1.0644173006416653
239	1.0228791608558296
240	0.9829511265271508
241	0.9445713214634347
242	0.9076802216141906
243	0.8722205668772037
244	0.8381372761574322
245	0.8053773655549181
246	0.7738898695710426
247	0.7436257652330007
248	0.7145378990121712
249	0.6865809164593273
250	0.6597111944326653
251	0.6338867758455548
252	0.6090673068357499
253	0.5852139762562825
254	0.5622894574288425
255	0.5402578520502743
256	0.5190846361908972
257	0.49873660830526734
258	0.47918183917456236
259	0.4603896237220654
260	0.4423304346236919
261	0.42497587764416817
262	0.4082986486568305
263	0.39227249226093847
264	0.3768721619404258
265	0.36207338173649356
266	0.34785280933361434
267	0.33418800054386555
268	0.32105737511946303
269	0.3084401838451945
270	0.29631647687930573
271	0.28466707327088686
272	0.27347353163038796
273	0.2627181219068781
274	0.25238379822687557
275	0.24245417275049677
276	0.2329134905272204
277	0.2237466052858998
278	0.2149389561523719
279	0.2064765452363897
280	0.19834591607274032
281	0.19053413287617554
282	0.18302876057920733
283	0.17581784563458785
284	0.16888989752886668
285	0.16223387101987385
286	0.15583914902719
287	0.14969552618380233
288	0.1437931930119569
289	0.13812272069489004
290	0.1326750464343674
291	0.12744145936108062
292	0.12241358698440864
293	0.11758338215503325
294	0.11294311052868443
295	0.10848533850220328
296	0.10420292161661707
297	0.10008899340056605
298	0.09613695463462765
299	0.09234046303555227
300	0.08869342332511577
301	0.0851899776876948
302	0.08182449658544802
303	0.0785915699308225
304	0.07548599859496247
305	0.07250278624079755
306	0.06963713146934992
307	0.06688442027237214
308	0.06424021876379758
309	0.06170026620381135
310	0.059260468279557846
311	0.05691689065305469
312	0.054665752747668606
313	0.05250342178167692
314	0.05042640703076814
315	0.04843135430320927
316	0.04651504064098711
317	0.04467436921406689
318	0.04290636441530851
319	0.04120816714813
320	0.039577030288793835
321	0.03801031433129852
322	0.036505483191389965
323	0.03506010018521176
324	0.03367182415499313
325	0.032338405739683405
326	0.031057683804011773
327	0.02982758199122844
328	0.028646105422843137
329	0.027511337513095546
330	0.02642143691631659
331	0.025374634585948054
332	0.02436923095546245
333	0.02340359322216741
334	0.02247615273424534
335	0.021585402489328154
336	0.020729894721026605
337	0.0199082385803803
338	0.019119097915059783
339	0.018361189121445565
340	0.01763327909400263
341	0.01693418324364102
342	0.016262763603891745
343	0.015617926995175183
344	0.014998623280593206
345	0.014403843669577022
346	0.013832619104341087
347	0.013284018699450227
348	0.012757148241108398
349	0.012251148753620838
350	0.011765195115789382
351	0.01129849472914284
352	0.010850286245327743
353	0.010419838335347185
354	0.010006448515077761
355	0.00960944200414305
356	0.009228170649041328
357	0.008862011865446167
358	0.008510367642527678
359	0.008172663565614297
360	0.007848347902257817
361	0.0075368906986757415
362	0.0072377829270507815
363	0.006950535666406646
364	0.006674679300925277
365	0.006409762770879021
366	0.0061553528342682155
367	0.005911033371602498
368	0.005676404705550899
369	0.005451082957013152
370	0.005234699419733678
371	0.005026899967849
372	0.004827344474100775
373	0.0046357062632077705
374	0.004451671579717007
375	0.004274939077399875
376	0.004105219330644157
377	0.003942234367202116
378	0.0037857172109923673
379	0.0036354114509579588
380	0.003491070824898752
381	0.0033524588176642727
382	0.0032193482761916177
383	0.0030915210409666704
384	0.0029687675888639153
385	0.002850886694333275
386	0.002737685099950118
387	0.0026289772029057996
388	0.002524584750483491
389	0.002424336552993613
390	0.002328068200991071
391	0.002235621800094861
392	0.002146845711041933
393	0.0020615943037332893
394	0.0019797277189449315
395	0.0019011116436420967
396	0.0018256170822776188
397	0.001753120158913017
398	0.0016835019050782736
399	0.0016166480689033997
400	0.0015524489298921243
401	0.0014907991159692823
402	0.0014315974359155827
403	0.0013747467097046738
404	0.0013201536122075073
405	0.0012677285186055193
406	0.0012173853624514092
407	0.0011690414854304972
408	0.0011226175138306588
409	0.0010780372207887699
410	0.001035227403260413
411	0.000994117763009593
412	0.0009546407910637605
413	0.0009167316573105701
414	0.0008803281041849014
415	0.0008453703461693802
416	0.0008118009681501721
417	0.000779564835856128
418	0.0007486090022383098
419	0.0007188826225171829
420	0.0006903368689362368
421	0.0006629248525138545
422	0.0006366015482898029
423	0.0006113237143000838
424	0.00058704982811184
425	0.0005637400161889612
426	0.0005413559872129715
427	0.0005198609687048052
428	0.0004992196520788389
429	0.0004793981271725749
430	0.00046036383351159057
431	0.0004420855005197313
432	0.0004245331007166613
433	0.00040767780023651167
434	0.0003914919093691963
435	0.0003759488383332575
436	0.0003610230526623038
437	0.00034669003291104176
438	0.0003329262326368559
439	0.00031970904242175784
440	0.00030701674887742195
441	0.00029482850197190416
442	0.0002831242796627181
443	0.00027188485557711156
444	0.00026109176788470187
445	0.00025072728508580844
446	0.0002407743833400124
447	0.00023121671412230208
448	0.00022203857690338396
449	0.0002132248969902429
450	0.00020476119695472036
451	0.00019663357567472917
452	0.00018882868345198307
453	0.0001813337003353392
454	0.000174136317859934
455	0.0001672247148132449
456	0.00016058753989749825
457	0.0001542138928484768
458	0.0001480933062524081
459	0.0001422157297762137
460	0.00013657151046210514
461	0.00013115138031809476
462	0.00012594643916849366
463	0.00012094813927759149
464	0.00011614827483129763
465	0.00011153896443170815
466	0.00010711263867116503
467	0.00010286203208634918
468	0.00009878016503513467
469	0.00009486033622502106
470	0.00009109611139319885
471	0.00008748131040181498
472	0.00008400999857874591
473	0.00008067647894845705
474	0.00007747527894392316
475	0.00007440114419858082
476	0.00007144902889018385
477	0.00006861408798234053
478	0.00006589166857970891
479	0.00006327730211341433
480	0.00006076669858705093
481	0.00005835573793777161
482	0.000056040463328455117
483	0.000053817076261051344
484	0.00005168192776229745
485	0.00004963151519806616
486	0.00004766247374620935
487	0.000045771572914457404
488	0.00004395571022452242
489	0.000042211906347512314
490	0.00004053730160719242
491	0.000038929147423368834
492	0.00003738480711612459
493	0.00003590174646753586
494	0.00003447753393262839
495	0.00003310983270175284
496	0.00003179639932627097
497	0.00003053508083990619
498	0.000029323807081438556
499	0.000028160592688301796
500	0.000027043530062792133
501	0.000025970786561784418
502	0.000024940604146920593
503	0.00002395129250092802
504	0.000023001231072394718
505	0.000022088860513943528
506	0.000021212685370439444
507	0.0000203712697641239
508	0.00001956323417835958
509	0.000018787253685162227
510	0.00001804205558773653
511	0.000017326419612698954
512	0.000016639171964785135
513	0.00001597918585040614
514	0.00001534537974591054
515	0.00001473671499920771
516	0.000014152194305967869
517	0.000013590858721260351
518	0.00001305178934064872
519	0.000012534102479820647
520	0.000012036949123126395
521	0.000011559515115608614
522	0.000011101017931012423
523	0.000010660706461134004
524	0.000010237859257844041
525	9.83178311587004e-6
526	9.441813085757667e-6
527	9.067309814882412e-6
528	8.707660150972002e-6
529	8.36227433056739e-6
530	8.030587117033172e-6
531	7.712054795008303e-6
532	7.406155348569113e-6
533	7.11238813060857e-6
534	6.830271597695925e-6
535	6.559343793099081e-6
536	6.299160876780459e-6
537	6.049296579957698e-6
538	5.809341494939497e-6
539	5.578902549311419e-6
540	5.357603002340639e-6
541	5.145079464727587e-6
542	4.940984334599203e-6
543	4.7449834857259754e-6
544	4.556755522242858e-6
545	4.3759925499411155e-6
546	4.202397987618619e-6
547	4.035687943974227e-6
548	3.875588959704545e-6
549	3.721839278838822e-6
550	3.5741871796750897e-6
551	3.4323907824024645e-6
552	3.296217958447064e-6
553	3.1654450126235814e-6
554	3.0398584502510103e-6
555	2.9192521960099213e-6
556	2.8034295342008073e-6
557	2.6921998789647456e-6
558	2.585381525936083e-6
559	2.482799573495449e-6
560	2.3842858908332814e-6
561	2.2896791531550176e-6
562	2.1988246215219433e-6
563	2.1115733561570756e-6
564	2.027782138879254e-6
565	1.947314708501598e-6
566	1.8700380195335658e-6
567	1.795826736047004e-6
568	1.7245586780719307e-6
569	1.6561172161179852e-6
570	1.5903902724517622e-6
571	1.5272706139766427e-6
572	1.4666540500157307e-6
573	1.4084419565920435e-6
574	1.3525386477721845e-6
575	1.298852754259112e-6
576	1.2472965093894988e-6
577	1.1977850878087763e-6
578	1.1502377701436793e-6
579	1.1045764553046032e-6
580	1.0607265889152847e-6
581	1.0186160512335363e-6
582	9.78175846168327e-7
583	9.393399297175372e-7
584	9.02044779943872e-7
585	8.662292892035277e-7
586	8.318346822547356e-7
587	7.988044585815604e-7
588	7.670846399963987e-7
589	7.366234687633881e-7
590	7.07370573208032e-7
591	6.792784049210698e-7
592	6.523008793820333e-7
593	6.263940042009521e-7
594	6.015148571451596e-7
595	5.776230701822989e-7
596	5.546792921316165e-7
597	5.326458763535546e-7
598	5.114870234926141e-7
599	4.91167591295105e-7
600	4.7165462174190414e-7
601	4.5291617862984847e-7
602	4.349212878164395e-7
603	4.176404168859614e-7
604	4.010456896599652e-7
605	3.851095400504952e-7
606	3.698060091700997e-7
607	3.5510969042001626e-7
608	3.4099702661795983e-7
609	3.274445094010318e-7
610	3.1442999264466917e-7
611	3.0193194982222863e-7
612	2.89930524305412e-7
613	2.784052963237288e-7
614	2.6733761346018366e-7
615	2.5670938353537195e-7
616	2.465031443146664e-7
617	2.367023830714973e-7
618	2.2729038481201444e-7
619	2.1825252765463208e-7
620	2.095734296639034e-7
621	2.012390047298106e-7
622	1.9323582493548865e-7
623	1.8555026785809647e-7
624	1.781698300868239e-7
625	1.7108275259706158e-7
626	1.6427719134172392e-7
627	1.577418193641629e-7
628	1.5146618200974296e-7
629	1.45440119288223e-7
630	1.3965297891397164e-7
631	1.34096063118584e-7
632	1.2875976336382237e-7
633	1.2363577235226883e-7
634	1.1871517216745192e-7
635	1.139901732814204e-7
636	1.0945312459629836e-7
637	1.0509600040842177e-7
638	1.0091255621487888e-7
639	9.689492705713983e-8
640	9.303732778599642e-8
641	8.933290039053014e-8
642	8.577563587472053e-8
643	8.235987168333269e-8
644	7.908002052945148e-8
645	7.593052239574857e-8
646	7.290601158194248e-8
647	7.000211199192775e-8
648	6.721348521067116e-8
649	6.453590114572943e-8
650	6.196472097124911e-8
651	5.9495697264875135e-8
652	5.712513488642193e-8
653	5.4848620259714895e-8
654	5.266283519740946e-8
655	5.056388409026911e-8
656	4.854848494327239e-8
657	4.661332714950296e-8
658	4.475504633708389e-8
659	4.297079320078478e-8
660	4.1257606940331295e-8
661	3.961239559489864e-8
662	3.8032888674324165e-8
663	3.651624246135172e-8
664	3.505980383878488e-8
665	3.366146801476482e-8
666	3.2318695887982694e-8
667	3.1029452726400154e-8
668	2.9791614339552677e-8
669	2.8602953645031517e-8
670	2.7461685351956076e-8
671	2.636570066972806e-8
672	2.5313663892347442e-8
673	2.4303334602503373e-8
674	2.333321387403827e-8
675	2.2401789445922755e-8
676	2.1507524423780546e-8
677	2.0648846848338065e-8
678	1.9824317481844004e-8
679	1.9032792275576008e-8
680	1.8272702755337255e-8
681	1.7542756273865603e-8
682	1.6842092636870725e-8
683	1.6169401434777167e-8
684	1.5523440853420827e-8
685	1.490319833817213e-8
686	1.4307876557239013e-8
687	1.3736206587022341e-8
688	1.3187124321308746e-8
689	1.2660090875510006e-8
690	1.2154078579502725e-8
691	1.1668237013139892e-8
692	1.1201718730701422e-8
693	1.07538362516759e-8
694	1.0323890645148524e-8
695	9.91100634727244e-9
696	9.514770041742542e-9
697	9.134260607076194e-9
698	8.768848301547817e-9
699	8.418025271231913e-9
700	8.081242154649994e-9
701	7.757905527947634e-9
702	7.447529519225909e-9
703	7.1494232136363355e-9
704	6.863301669400938e-9
705	6.58851501753047e-9
706	6.3248073414947695e-9
707	6.071704849263919e-9
708	5.828519753209601e-9
709	5.595238655302423e-9
710	5.3710344839573e-9
711	5.156036012862192e-9
712	4.949415438635276e-9
713	4.751284648138426e-9
714	4.560949697522686e-9
715	4.378069542203426e-9
716	4.202643217172181e-9
717	4.034296447546487e-9
718	3.872570133686586e-9
719	3.7173366212914884e-9
720	3.568375123991678e-9
721	3.4253731070982592e-9
722	3.2879277619460447e-9
723	3.156221998679254e-9
724	3.029530166314872e-9
725	2.907976874942278e-9
726	2.7914502417347803e-9
727	2.6793453642894487e-9
728	2.571884972334502e-9
729	2.468794385801251e-9
730	2.3695743012266628e-9
731	2.274531481554529e-9
732	2.1832253089939636e-9
733	2.0956283929932223e-9
734	2.0114846994598747e-9
735	1.9308149662269226e-9
736	1.8531637421308842e-9
737	1.7787216083074865e-9
738	1.7073255228126573e-9
739	1.6388339493772457e-9
740	1.5728844218122023e-9
741	1.5097385981170488e-9
742	1.4490714251409355e-9
743	1.3908171245474177e-9
744	1.3349253511506804e-9
745	1.2812436313533077e-9
746	1.2298675037706512e-9
747	1.1803271413387452e-9
748	1.1328616889971054e-9
749	1.0872612132581693e-9
750	1.0435569788995268e-9
751	1.001677464628796e-9
752	9.613405255572824e-10
753	9.227217014520675e-10
754	8.855624558176814e-10
755	8.498369924678948e-10
756	8.157438796377363e-10
757	7.828406877134403e-10
758	7.513428324814834e-10
759	7.210439611034407e-10
760	6.920646374872874e-10
761	6.642158227585752e-10
762	6.375264804757057e-10
763	6.118251287571243e-10
764	5.871543381438968e-10
765	5.634594537455882e-10
766	5.407926870142626e-10
767	5.190100460544982e-10
768	4.980750957896789e-10
769	4.779567162453264e-10
770	4.5872623909323446e-10
771	4.402632183736681e-10
772	4.224544175546741e-10
773	4.0547946862896726e-10
774	3.8913754575475566e-10
775	3.734247890022621e-10
776	3.583405168583483e-10
777	3.4388697861412064e-10
778	3.300691187490015e-10
779	3.167121487082665e-10
780	3.03920315122218e-10
781	2.917074025400584e-10
782	2.799109838209765e-10
783	2.685524621135611e-10
784	2.577423536102283e-10
785	2.4732880106911563e-10
786	2.373391170687427e-10
787	2.278015790700414e-10
788	2.1857536766701162e-10
789	2.0977857393425032e-10
790	2.0119264685979132e-10
791	1.931052017685681e-10
792	1.853023644830367e-10
793	1.778232935202157e-10
794	1.7062620240781144e-10
795	1.6367186320458305e-10
796	1.5708288855828358e-10
797	1.5074189273781478e-10
798	1.4461472215447226e-10
799	1.388249046936548e-10
800	1.3318435197685058e-10
801	1.2781803682781822e-10
802	1.2262010463779166e-10
803	1.1763950028029353e-10
804	1.1292436175704003e-10
805	1.0837396216695322e-10
806	1.0396500369504737e-10
807	9.974843667800442e-11
808	9.570201330932307e-11
809	9.180484612448345e-11
810	8.8108281922925e-11
811	8.452181882045733e-11
812	8.109801895303493e-11
813	7.781903828350369e-11
814	7.466811852345674e-11
815	7.162953630671404e-11
816	6.875590530538888e-11
817	6.596490146797604e-11
818	6.32436314483842e-11
819	6.071124418164264e-11
820	5.822300320962363e-11
821	5.589734613693537e-11
822	5.359339927038802e-11
823	5.14287623205632e-11
824	4.9391705605815376e-11
825	4.734685463438731e-11
826	4.541035065832103e-11
827	4.357235900808026e-11
828	4.182362370430835e-11
829	4.009552232247345e-11
830	3.8500265211288696e-11
831	3.691088614802217e-11
832	3.543836259148149e-11
833	3.3958861226579685e-11
834	3.2639238129677954e-11
835	3.124378465678849e-11
836	2.9994639946895794e-11
837	2.8772318404155308e-11
838	2.7627089733268047e-11
839	2.6498428216933883e-11
840	2.5436217343452714e-11
841	2.4381634429658807e-11
842	2.3384124306764315e-11
843	2.2438915763071174e-11
844	2.154151689208384e-11
845	2.0687701965108808e-11
846	1.9822620362764358e-11
847	1.899443684997183e-11
848	1.8249507917389988e-11
849	1.7484312905966847e-11
850	1.679500270194838e-11
851	1.6080477257456326e-11
852	1.543527285726657e-11
853	1.4808025198991766e-11
854	1.4196401951750688e-11
855	1.3644628953913174e-11
856	1.3103326170924048e-11
857	1.2525208441077932e-11
858	1.1999890694273681e-11
859	1.152434629297531e-11
860	1.1095690351762319e-11
861	1.0624135366365045e-11
862	1.0195981774244347e-11
863	9.766137942107588e-12
864	9.375721949123444e-12
865	8.980794494747425e-12
866	8.621747721618293e-12
867	8.296496420176591e-12
868	7.922502088575154e-12
869	7.580237192858613e-12
870	7.267883380532581e-12
871	6.983707792655343e-12
872	6.726059204294115e-12
873	6.41730082956431e-12
874	6.171353914013159e-12
875	5.94830778823389e-12
876	5.673367320397642e-12
877	5.456675895770831e-12
878	5.223987768416208e-12
879	5.010821579417606e-12
880	4.816038373165269e-12
881	4.603988035514768e-12
882	4.409047560161367e-12
883	4.230225476139817e-12
884	4.066577228591729e-12
885	3.917203051248875e-12
886	3.748771622474943e-12
887	3.5937635216736683e-12
888	3.4197405073779062e-12
889	3.3209181179052392e-12
890	3.170779477247745e-12
891	3.031948609210808e-12
892	2.9037736550190972e-12
893	2.785633681004232e-12
894	2.6769372720425754e-12
895	2.5771211883036986e-12
896	2.457184848335002e-12
897	2.3458590803229074e-12
898	2.2703402180353092e-12
899	2.1743962560555004e-12
900	2.085655684626064e-12
901	2.0036927190485525e-12
902	1.928101924237109e-12
903	1.832707079634015e-12
904	1.743677357357916e-12
905	1.6857023745622097e-12
906	1.6326590239730521e-12
907	1.5599201740443523e-12
908	1.4922238640638165e-12
909	1.429276890733798e-12
910	1.3708000714375837e-12
911	1.316527602677082e-12
912	1.2662064475487541e-12
913	1.2195957509516718e-12
914	1.1546630148600402e-12
915	1.115146299389069e-12
916	1.0575769786227842e-12
917	1.0243151300258527e-12
918	9.937193374434576e-13
919	9.254592375956714e-13
920	9.00346898617539e-13
921	8.773864913317555e-13
922	8.182957658481872e-13
923	7.998524077427512e-13
924	7.647185237754787e-13
925	7.318206578186223e-13
926	7.010276140341929e-13
927	6.72214523091132e-13
928	6.452625508547943e-13
929	6.200586203372209e-13
930	5.800382069525568e-13
931	5.744697819995603e-13
932	5.380599554598923e-13
933	5.191364006076489e-13
934	5.014710021551705e-13
935	4.700875290777901e-13
936	4.695840249195052e-13
937	4.4092667511881853e-13
938	4.138228232770495e-13
939	4.018748232060327e-13
940	3.907372458832554e-13
941	3.672684100463978e-13
942	3.5786534767381495e-13
943	3.4909524609602975e-13
944	3.2870543203286865e-13
945	3.0942502478991524e-13
946	3.028237459051827e-13
947	2.9665665137657465e-13
948	2.7982791462126796e-13
949	2.639143357225953e-13
950	2.48872037170291e-13
951	2.4487211353966804e-13
952	2.4110903340022785e-13
953	2.278883120034991e-13
954	2.153866276730797e-13
955	2.0356943170168127e-13
956	1.9240379239985309e-13
957	1.9044074279578354e-13
958	1.8022018787152304e-13
959	1.7861675912700258e-13
960	1.6923441094055263e-13
961	1.6036431815298835e-13
962	1.5198177963532483e-13
963	1.4406325376956202e-13
964	1.365863045606727e-13
965	1.360398355484177e-13
966	1.291319223145652e-13
967	1.2861627055521345e-13
968	1.222067240357133e-13
969	1.16144944945428e-13
970	1.1041411803271797e-13
971	1.049982200112205e-13
972	9.98819826367829e-14
973	9.505085749162474e-14
974	9.049098239737184e-14
975	8.618914938224551e-14
976	8.213277413104352e-14
977	8.192352396521613e-14
978	7.809244574031613e-14
979	7.447421844799971e-14
980	7.105846792685832e-14
981	7.05382124136003e-14
982	6.727473518373251e-14
983	6.418713032675641e-14
984	6.126684726690983e-14
985	5.85057406045607e-14
986	5.5896051117345336e-14
987	5.34303876445247e-14
988	5.1101709813812885e-14
989	4.890331157181589e-14
990	4.6828805481009e-14
991	4.487210774785514e-14
992	4.302742394829953e-14
993	4.1289235418438985e-14
994	3.965228627959618e-14
995	3.811157106850418e-14
996	3.666232294457448e-14
997	3.530000244758668e-14
998	3.402028678029771e-14
999	3.2819059591669255e-14
1000	3.042727878274077e-14