1	0.00003597142188412446
2	0.00006991963637263512
3	0.0001019193529281441
4	0.00013204350113533444
5	0.00016036322585624512
6	0.0001869478862293401
7	0.00021186505821113217
8	0.00023518054037611853
9	0.00025695836270697475
10	0.000277260798122384
11	0.0002961483765045741
12	0.00031367990100262464
13	0.0003299124664009332
14	0.0003449014793548874
15	0.0003587006803078539
16	0.00037136216691503835
17	0.00038293641881065977
18	0.0003934723235652245
19	0.0004030172036894921
20	0.00041161684455104624
21	0.0004193155230782171
22	0.00042615603713447607
23	0.0004321797354543674
24	0.00043742654803955757
25	0.00044193501692070113
26	0.000445742327197565
27	0.0004488843382762212
28	0.00045139561522813916
29	0.0004533094602017089
30	0.0004546579438220902
31	0.0004554719365203665
32	0.00045578113973775126
33	0.00045561411695512307
34	0.0004549983245023923
35	0.00045396014210622305
36	0.00045252490313837707
37	0.00045071692453049907
38	0.0004485595363244734
39	0.0004460751108306102
40	0.0004432850913688373
41	0.00044021002057082766
42	0.0004368695682235399
43	0.0004332825586370786
44	0.0004294669975219927
45	0.0004254400983632627
46	0.0004212183082801489
47	0.0004168173333629193
48	0.0004122521634791531
49	0.000407537096543903
50	0.00040268576224945205
51	0.000397711145251759
52	0.00039262560781194283
53	0.00038744091189230696
54	0.00038216824070747815
55	0.00037681821973220927
56	0.0003714009371683121
57	0.00036592596387399236
58	0.0003604023727596319
59	0.00035483875765473784
60	0.00034924325165141943
61	0.00034362354493029857
62	0.00033798690207528776
63	0.0003323401788841205
64	0.0003266898386819284
65	0.0003210419681455199
66	0.00031540229264634184
67	0.0003097761911203832
68	0.00030416871047351835
69	0.00029858457953100425
70	0.0002930282225400086
71	0.00028750377223420463
72	0.00028201508246957787
73	0.00027656574044067025
74	0.0002711590784865827
75	0.0002657981854960577
76	0.0002604859179210309
77	0.00025522491040800974
78	0.0002500175860566375
79	0.00024486616631477185
80	0.0002397726805193554
81	0.000234738975092297
82	0.0002297667224005185
83	0.00022485742928922024
84	0.00022001244529734742
85	0.00021523297056412052
86	0.00021052006343538567
87	0.00020587464777842095
88	0.00020129752001371746
89	0.00019678935587210097
90	0.00019235071688544794
91	0.00018798205661909695
92	0.0001836837266538962
93	0.00017945598232571052
94	0.00017529898823002882
95	0.00017121282349918026
96	0.00016719748685949093
97	0.0001632529014755838
98	0.000159378919588828
99	0.00015557532695682425
100	0.00015184184710062275
101	0.0001481781453662254
102	0.00014458383280676167
103	0.00014105846989156937
104	0.0001376015700482522
105	0.00013421260304362858
106	0.00013089099820933484
107	0.00012763614751768327
108	0.00012444740851323864
109	0.00012132410710540562
110	0.00011826554022718396
111	0.00011527097836510298
112	0.0001123396679651986
113	0.00010947083371973772
114	0.00010666368073929473
115	0.00010391739661460329
116	0.00010123115337249889
117	0.00009860410933012244
118	0.00009603541085144042
119	0.00009352419400998204
120	0.00009106958616160105
121	0.00008867070743092293
122	0.00008632667211503118
123	0.000084036590007836
124	0.00008179956764842017
125	0.00007961470949660808
126	0.00007748111903881956
127	0.00007539789982723534
128	0.00007336415645513872
129	0.0000713789954712426
130	0.00006944152623568662
131	0.00006755086172029689
132	0.00006570611925562089
133	0.00006390642122714662
134	0.00006215089572303091
135	0.00006043867713557807
136	0.00005876890671863037
137	0.000057140733102941476
138	0.00005555331277153385
139	0.0000540058104969715
140	0.00005249739974237759
141	0.000051027263028004736
142	0.00004959459226503591
143	0.000048198589058287826
144	0.000046838464979370275
145	0.000045513441811826174
146	0.00004422275176972281
147	0.00004296563769105144
148	0.00004174135320731988
149	0.000040549162890575154
150	0.00003938834237913515
151	0.000038258178483161585
152	0.00003715796927124608
153	0.00003608702413905227
154	0.00003504466386108806
155	0.00003403022062656413
156	0.000033043038060312865
157	0.000032082471229660756
158	0.00003114788663812463
159	0.000030238662206749347
160	0.000029354187243911755
161	0.000028493862404293618
162	0.00002765709963779064
163	0.000026843322129018247
164	0.000026051964228079266
165	0.00002528247137321513
166	0.000024534300005942678
167	0.00002380691747922543
168	0.00002309980195923851
169	0.00002241244232123441
170	0.000021744338039983796
171	0.00002109499907527783
172	0.00002046394575291065
173	0.00001985070864156965
174	0.000019254828426039043
175	0.000018675855777074598
176	0.00001811335121830682
177	0.000017566884990533355
178	0.000017036036913691594
179	0.000016520396246821048
180	0.000016019561546319888
181	0.00001553314052272526
182	0.00001506074989631719
183	0.00001460201525174444
184	0.000014156570891928433
185	0.000013724059691435056
186	0.000013304132949526678
187	0.000012896450243082197
188	0.000012500679279540998
189	0.00001211649575007247
190	0.000011743583183077375
191	0.000011381632798206416
192	0.000011030343361002128
193	0.000010689421038308627
194	0.000010358579254555461
195	0.000010037538549004612
196	9.726026434108706e-6
197	9.423777255021163e-6
198	9.13053205036643e-6
199	8.846038414366004e-6
200	8.570050360350456e-6
201	8.302328185747754e-6
202	8.042638338629302e-6
203	7.790753285801129e-6
204	7.546451382579633e-6
205	7.309516744207569e-6
206	7.079739119007126e-6
207	6.856913763276915e-6
208	6.640841318002561e-6
209	6.431327687329387e-6
210	6.228183918911146e-6
211	6.031226086079547e-6
212	5.840275171909413e-6
213	5.655156955147841e-6
214	5.475701898024668e-6
215	5.30174503598562e-6
216	5.1331258693132274e-6
217	4.969688256635977e-6
218	4.811280310366021e-6
219	4.6577542940271695e-6
220	4.508966521468209e-6
221	4.364777257969724e-6
222	4.2250506232469395e-6
223	4.089654496295892e-6
224	3.9584604221202695e-6
225	3.831343520284186e-6
226	3.708182395323143e-6
227	3.5888590489437965e-6
228	3.4732587940407034e-6
229	3.3612701704867186e-6
230	3.2527848626950997e-6
231	3.1476976189125967e-6
232	3.045906172260156e-6
233	2.9473111634511696e-6
234	2.8518160652002984e-6
235	2.7593271083057205e-6
236	2.6697532093594078e-6
237	2.5830059000672022e-6
238	2.498999258163656e-6
239	2.4176498399068127e-6
240	2.3388766140973985e-6
241	2.2626008976335124e-6
242	2.1887462925530826e-6
243	2.1172386245486158e-6
244	2.0480058829355653e-6
245	1.9809781620334256e-6
246	1.916087603940249e-6
247	1.8532683427006371e-6
248	1.7924564497901029e-6
249	1.7335898809580114e-6
250	1.6766084243328408e-6
251	1.621453649824075e-6
252	1.568068859776989e-6
253	1.5163990408224255e-6
254	1.466390816969942e-6
255	1.4179924038422153e-6
256	1.3711535640768574e-6
257	1.325825563863326e-6
258	1.2819611305694922e-6
259	1.239514411471057e-6
260	1.1984409335321878e-6
261	1.1586975642034368e-6
262	1.1202424732797569e-6
263	1.0830350957214e-6
264	1.047036095423724e-6
265	1.0122073300056003e-6
266	9.78511816453999e-7
267	9.459136977211294e-7
268	9.143782101942292e-7
269	8.838716520195452e-7
270	8.543613523122696e-7
271	8.258156411479329e-7
272	7.98203820382261e-7
273	7.714961352682951e-7
274	7.45663746838003e-7
275	7.206787050134033e-7
276	6.965139224972324e-7
277	6.731431493287769e-7
278	6.505409481841136e-7
279	6.28682670321137e-7
280	6.075444322127634e-7
281	5.871030928217706e-7
282	5.673362314988335e-7
283	5.482221265275887e-7
284	5.29739734210531e-7
285	5.118686686240311e-7
286	4.945891818668973e-7
287	4.778821449080929e-7
288	4.617290289741009e-7
289	4.461118874433465e-7
290	4.3101333828029176e-7
291	4.1641654695421854e-7
292	4.0230520985736076e-7
293	3.886635381854579e-7
294	3.7547624229764213e-7
295	3.627285165043599e-7
296	3.5040602432056264e-7
297	3.3849488413660936e-7
298	3.26981655283815e-7
299	3.158533245436035e-7
300	3.0509729301042044e-7
301	2.947013633739169e-7
302	2.8465372754239645e-7
303	2.749429546522361e-7
304	2.655579794204613e-7
305	2.564880908369945e-7
306	2.4772292119071794e-7
307	2.3925243544150536e-7
308	2.3106692086076998e-7
309	2.2315697703744355e-7
310	2.1551350613239177e-7
311	2.0812770346219806e-7
312	2.009910483223045e-7
313	1.9409529512007124e-7
314	1.8743246477090578e-7
315	1.8099483631559815e-7
316	1.7477493884916518e-7
317	1.6876554364288176e-7
318	1.629596565212647e-7
319	1.5735051048622678e-7
320	1.5193155853124517e-7
321	1.4669646670832392e-7
322	1.4163910736293054e-7
323	1.3675355263440523e-7
324	1.3203406811509922e-7
325	1.2747510667926898e-7
326	1.2307130256955182e-7
327	1.188174655941326e-7
328	1.1470857556861338e-7
329	1.1073977686422906e-7
330	1.0690637317092418e-7
331	1.0320382238862636e-7
332	9.96277317162361e-8
333	9.617385285996597e-8
334	9.283807737862047e-8
335	8.961643222568589e-8
336	8.650507538259034e-8
337	8.350029163357592e-8
338	8.05984885129957e-8
339	7.77961923075793e-8
340	7.509004425714527e-8
341	7.247679681636267e-8
342	6.995331009187752e-8
343	6.751654830562934e-8
344	6.516357647966725e-8
345	6.289155711417075e-8
346	6.0697747063139e-8
347	5.857949445420887e-8
348	5.653423569885265e-8
349	5.4559492646543e-8
350	5.265286979506957e-8
351	5.081205157643324e-8
352	4.903479977075114e-8
353	4.7318950956424015e-8
354	4.566241408995898e-8
355	4.4063168088034645e-8
356	4.2519259604750705e-8
357	4.1028800741670485e-8
358	3.9589966956327556e-8
359	3.8200994911467535e-8
360	3.6860180548473055e-8
361	3.556587706539689e-8
362	3.4316493055835237e-8
363	3.311049070973611e-8
364	3.194638397867426e-8
365	3.0822736935579614e-8
366	2.973816206789568e-8
367	2.8691318717569812e-8
368	2.768091149078713e-8
369	2.6705688782806725e-8
370	2.576444130627813e-8
371	2.4856000723437984e-8
372	2.3979238238142114e-8
373	2.313306331656394e-8
374	2.231642240242853e-8
375	2.15282976781297e-8
376	2.0767705879529667e-8
377	2.0033697164856433e-8
378	1.93253539621348e-8
379	1.8641789910877018e-8
380	1.7982148824805654e-8
381	1.734560367415653e-8
382	1.6731355608627104e-8
383	1.613863302174372e-8
384	1.5566690623037728e-8
385	1.501480857224776e-8
386	1.4482291612667406e-8
387	1.3968468255076061e-8
388	1.3472689963227785e-8
389	1.2994330407653965e-8
390	1.2532784690586724e-8
391	1.2087468645862385e-8
392	1.1657818121769217e-8
393	1.1243288316582001e-8
394	1.084335312028746e-8
395	1.0457504511684013e-8
396	1.0085251872446215e-8
397	9.726121498654486e-9
398	9.379655951331272e-9
399	9.04541353222926e-9
400	8.722967762312549e-9
401	8.411906835862258e-9
402	8.111833160504844e-9
403	7.822362839981158e-9
404	7.543125229906279e-9
405	7.273762470694512e-9
406	7.013929092200306e-9
407	6.763291511580937e-9
408	6.521527727692615e-9
409	6.288326860149649e-9
410	6.063388784152751e-9
411	5.846423770506914e-9
412	5.637152126759924e-9
413	5.435303855466017e-9
414	5.240618321445404e-9
415	5.052843945045114e-9
416	4.871737858574118e-9
417	4.697065648618984e-9
418	4.528601036785488e-9
419	4.3661256172823205e-9
420	4.209428568977374e-9
421	4.058306411452006e-9
422	3.912562773756217e-9
423	3.772008081499561e-9
424	3.636459393302186e-9
425	3.5057401493701156e-9
426	3.3796799392835865e-9
427	3.258114283830854e-9
428	3.140884483985322e-9
429	3.0278373474289483e-9
430	2.918825066877434e-9
431	2.813704970732048e-9
432	2.712339390480411e-9
433	2.6145954867030967e-9
434	2.5203450604698363e-9
435	2.4294644051666753e-9
436	2.3418341409013566e-9
437	2.2573390817148414e-9
438	2.175868071843807e-9
439	2.0973138747758838e-9
440	2.0215729961166954e-9
441	1.9485455853291347e-9
442	1.8781352973985427e-9
443	1.8102491773083517e-9
444	1.7447975476860047e-9
445	1.6816938511566593e-9
446	1.6208546136316125e-9
447	1.5621992890424112e-9
448	1.5056501512542516e-9
449	1.4511322373756448e-9
450	1.3985732082646554e-9
451	1.3479032894421312e-9
452	1.299055158161329e-9
453	1.251963860300894e-9
454	1.2065667613364266e-9
455	1.1628034181109733e-9
456	1.1206155265511413e-9
457	1.0799468443404598e-9
458	1.0407431155179162e-9
459	1.0029520189011076e-9
460	9.665230609846854e-10
461	9.314075544317643e-10
462	8.975585314559193e-10
463	8.649306734934318e-10
464	8.334802984800447e-10
465	8.031652527436628e-10
466	7.739448628757248e-10
467	7.457799414186841e-10
468	7.186326546341978e-10
469	6.924665264188367e-10
470	6.672463874692542e-10
471	6.429382981165991e-10
472	6.195095243447972e-10
473	5.96928523001762e-10
474	5.751648467150959e-10
475	5.541891427821078e-10
476	5.339731008907385e-10
477	5.144894238637877e-10
478	4.957117824415895e-10
479	4.776147783644326e-10
480	4.601739343041264e-10
481	4.433656390346282e-10
482	4.2716711727713693e-10
483	4.115564239139962e-10
484	3.965123771127463e-10
485	3.820145725760124e-10
486	3.680433151677888e-10
487	3.5457962392668225e-10
488	3.4160519190743263e-10
489	3.2910236563027887e-10
490	3.1705414388892223e-10
491	3.0544409493285054e-10
492	2.9425641845345143e-10
493	2.8347584417509396e-10
494	2.7308768134677426e-10
495	2.630777361750145e-10
496	2.5343233254875456e-10
497	2.441383077003866e-10
498	2.351829265382147e-10
499	2.2655395385613249e-10
500	2.1823957586008977e-10
501	2.1022838936144937e-10
502	2.0250943188814633e-10
503	1.950720991435865e-10
504	1.8790621365605442e-10
505	1.8100190935111468e-10
506	1.7434970925726488e-10
507	1.6794048108402788e-10
508	1.6176540979434465e-10
509	1.5581599434500704e-10
510	1.5008403292875249e-10
511	1.4456165365592598e-10
512	1.3924123250432301e-10
513	1.3411542740521433e-10
514	1.291771709365536e-10
515	1.2441964948836474e-10
516	1.198362975520308e-10
517	1.1542076311757655e-10
518	1.1116696113335032e-10
519	1.0706900236446387e-10
520	1.0312120219023431e-10
521	9.931810396932096e-11
522	9.565443488512453e-11
523	9.212511984619228e-11
524	8.872526433441003e-11
525	8.545014296366733e-11
526	8.229521637161306e-11
527	7.925609334544803e-11
528	7.632855861591852e-11
529	7.350853003587885e-11
530	7.079209671339101e-11
531	6.8175470487623e-11
532	6.565500297389577e-11
533	6.32271920609831e-11
534	6.088864635617371e-11
535	5.863610780654032e-11
536	5.6466431987743595e-11
537	5.437658771433514e-11
538	5.2363652648717625e-11
539	5.042481257195724e-11
540	4.8557372185542027e-11
541	4.675869807078662e-11
542	4.502628355317241e-11
543	4.335770607657354e-11
544	4.175061901011976e-11
545	4.020277855783156e-11
546	3.8712001425667886e-11
547	3.727620556083341e-11
548	3.5893364991123075e-11
549	3.456154801253556e-11
550	3.3278885035398066e-11
551	3.204357112294539e-11
552	3.0853870973548975e-11
553	2.970809326881559e-11
554	2.86046413457431e-11
555	2.7541950613215006e-11
556	2.6518543605081586e-11
557	2.5532954249879702e-11
558	2.4583803695353383e-11
559	2.3669753181995468e-11
560	2.278950850164526e-11
561	2.1941826294093276e-11
562	2.1125513657855646e-11
563	2.0339412340485257e-11
564	1.9582401311045487e-11
565	1.8853435212706813e-11
566	1.8151447356146127e-11
567	1.747547669626525e-11
568	1.6824547517124824e-11
569	1.619773922746863e-11
570	1.559416293096791e-11
571	1.501297374301274e-11
572	1.445332318599612e-11
573	1.3914434923456653e-11
574	1.3395533115364631e-11
575	1.2895885499720437e-11
576	1.2414786210473775e-11
577	1.1951539281389316e-11
578	1.1505496368663995e-11
579	1.1076015529573692e-11
580	1.0662491984912978e-11
581	1.0264327270251957e-11
582	9.880952869757663e-12
583	9.511827911425334e-12
584	9.156428515821558e-12
585	8.814246825065168e-12
586	8.484790746979029e-12
587	8.16758440215294e-12
588	7.862178459870583e-12
589	7.568142867951446e-12
590	7.285041580879426e-12
591	7.012481693365506e-12
592	6.7500709677864155e-12
593	6.4974405214316714e-12
594	6.25421229273281e-12
595	6.020050981107438e-12
596	5.794613820365694e-12
597	5.577575527235717e-12
598	5.368635226126763e-12
599	5.167476446678275e-12
600	4.973822163951881e-12
601	4.787395662090659e-12
602	4.6079194664271075e-12
603	4.4351338899096415e-12
604	4.26880665270818e-12
605	4.108685020648736e-12
606	3.954544452418042e-12
607	3.8061509089327586e-12
608	3.663310635307318e-12
609	3.525803737530981e-12
610	3.3934346535309815e-12
611	3.2660050891145266e-12
612	3.1433558535539125e-12
613	3.0252810442500022e-12
614	2.9116196718373503e-12
615	2.8022097846463803e-12
616	2.6968919621669255e-12
617	2.5955231259520946e-12
618	2.4979305875479563e-12
619	2.404006490365939e-12
620	2.313592059063482e-12
621	2.2265625863876933e-12
622	2.142802386458916e-12
623	2.062169331012725e-12
624	1.9845508818994333e-12
625	1.909849578173115e-12
626	1.8379479106940966e-12
627	1.7687345654065657e-12
628	1.702120952507611e-12
629	1.6380167462934974e-12
630	1.5762947776484357e-12
631	1.516901298502961e-12
632	1.4597280297089833e-12
633	1.4047126068310413e-12
634	1.3517518022199557e-12
635	1.3007819306571512e-12
636	1.2517339934018459e-12
637	1.204509369284685e-12
638	1.1590826610534403e-12
639	1.1153401284327966e-12
640	1.07325726600527e-12
641	1.032747477703863e-12
642	9.93755309807859e-13
643	9.562328879721498e-13
644	9.20126851156154e-13
645	8.853759866238655e-13
646	8.519197713461184e-13
647	8.1973979957908e-13
648	7.887600583445906e-13
649	7.589536182175229e-13
650	7.302645622615595e-13
651	7.026497698463935e-13
652	6.760883501685093e-13
653	6.50513833394371e-13
654	6.259117602599e-13
655	6.022297855348694e-13
656	5.794425613379655e-13
657	5.575170604230527e-13
658	5.364110400332134e-13
659	5.161052774011774e-13
660	4.965687178645692e-13
661	4.777570303409886e-13
662	4.596678792107072e-13
663	4.4226071762193187e-13
664	4.255007153990968e-13
665	4.0938058379873916e-13
666	3.9386257520050827e-13
667	3.789344919768077e-13
668	3.6457446970376766e-13
669	3.507498865097799e-13
670	3.374510390115749e-13
671	3.2464410333901194e-13
672	3.123398124483673e-13
673	3.0048814900007925e-13
674	2.8908208255803463e-13
675	2.781104237749409e-13
676	2.675570232200014e-13
677	2.5739998688071535e-13
678	2.476227361696231e-13
679	2.3822526939609983e-13
680	2.2917617248245334e-13
681	2.2045927183066368e-13
682	2.120851885657663e-13
683	2.0403119108343812e-13
684	1.9627624655709668e-13
685	1.8881255321829894e-13
686	1.8164519511168006e-13
687	1.747433739650273e-13
688	1.6808802236199126e-13
689	1.6169583637384706e-13
690	1.555460724624086e-13
691	1.4962856843775969e-13
692	1.4393119875739038e-13
693	1.3845174572579852e-13
694	1.3318531115775918e-13
695	1.2811154775546114e-13
696	1.2324367089907368e-13
697	1.1855399809848751e-13
698	1.1403536942213215e-13
699	1.0968860152507955e-13
700	1.0550975927857415e-13
701	1.0148979514082933e-13
702	9.762677839271433e-14
703	9.390047734117561e-14
704	9.032244674025123e-14
705	8.687277776620429e-14
706	8.356300460980571e-14
707	8.038528986299097e-14
708	7.731194709350795e-14
709	7.437181217667423e-14
710	7.152234496098567e-14
711	6.880298406985103e-14
712	6.616822535923866e-14
713	6.365453418314131e-14
714	6.122556378382993e-14
715	5.887507181642076e-14
716	5.662712602614901e-14
717	5.44709856343403e-14
718	5.23867022656473e-14
719	5.038424449846002e-14
720	4.846423072085722e-14
721	4.6617668348403995e-14
722	4.482569605966084e-14
723	4.312563625341483e-14
724	4.1465324889303934e-14
725	3.987513146189511e-14
726	3.8361981629149764e-14
727	3.688216569731265e-14
728	3.5474859676080846e-14
729	3.41284544062478e-14
730	3.280680954687941e-14
731	3.1557049304044e-14
732	3.034779868320762e-14
733	2.919044269930727e-14
734	2.807144347180078e-14
735	2.70065764407638e-14
736	2.5959066285427292e-14
737	2.4962374807344667e-14
738	2.4010928528952035e-14
739	2.31009377201246e-14
740	2.220270141245947e-14
741	2.1357219218196224e-14
742	2.0538084204609117e-14
743	1.9748064819487205e-14
744	1.8991483391919058e-14
745	1.826018520387157e-14
746	1.7575401698687326e-14
747	1.688964853510842e-14
748	1.624084620579492e-14
749	1.5612049717499954e-14
750	1.5015689568682315e-14
751	1.445130037610729e-14
752	1.389109508382278e-14
753	1.3365151934039023e-14
754	1.2847715958815353e-14
755	1.2342455688832138e-14
756	1.1882774050535646e-14
757	1.1416962726515702e-14
758	1.0980303755866105e-14
759	1.0551435783498404e-14
760	1.0153128286089122e-14
761	9.765583630114355e-15
762	9.398729140779681e-15
763	9.034139884904286e-15
764	8.683210224784104e-15
765	8.343472827082744e-15
766	8.027812429188657e-15
767	7.720410094669594e-15
768	7.42069419791639e-15
769	7.128689832063191e-15
770	6.859841716569501e-15
771	6.600548972316543e-15
772	6.33762199523554e-15
773	6.103095974651998e-15
774	5.869892691478829e-15
775	5.6411878276457315e-15
776	5.420650072519382e-15
777	5.212428442902213e-15
778	5.0211400735964304e-15
779	4.8215569230378544e-15
780	4.634174430044908e-15
781	4.464840638713492e-15
782	4.289316638748843e-15
783	4.1140779762585246e-15
784	3.961328391245612e-15
785	3.807725429679519e-15
786	3.660821659170304e-15
787	3.5285456053108054e-15
788	3.3882633804873044e-15
789	3.2639202694702223e-15
790	3.1178125687155207e-15
791	3.0055812419803686e-15
792	2.889992487552054e-15
793	2.7806423976525556e-15
794	2.6717739159923978e-15
795	2.5578053612040913e-15
796	2.4648174448798314e-15
797	2.3719901851996478e-15
798	2.274336573034014e-15
799	2.1987266180683565e-15
800	2.1089058668642007e-15
801	2.032172143515815e-15
802	1.9483640722841168e-15
803	1.8692984918361117e-15
804	1.8070600515946064e-15
805	1.7418642083299299e-15
806	1.6700023726241662e-15
807	1.6040158575580358e-15
808	1.5405234701781151e-15
809	1.4762482183474618e-15
810	1.4242585844606058e-15
811	1.3653011484238673e-15
812	1.3127059385989814e-15
813	1.2636834974378117e-15
814	1.2155308638521079e-15
815	1.1656283731608373e-15
816	1.1278973523369461e-15
817	1.0834869355294544e-15
818	1.0300093949962062e-15
819	9.982867507697007e-16
820	9.530783853760596e-16
821	9.254866072001281e-16
822	8.802568961332238e-16
823	8.487622470455547e-16
824	8.292248786516391e-16
825	7.86351395417802e-16
826	7.519044523598368e-16
827	7.242721698701152e-16
828	7.018939882800563e-16
829	6.663265716256575e-16
830	6.499342592667639e-16
831	6.173983667652945e-16
832	6.013191648434709e-16
833	5.663184573467658e-16
834	5.623411666821039e-16
835	5.197496514534458e-16
836	5.058643951180752e-16
837	4.85279082437156e-16
838	4.741144212840094e-16
839	4.54074844097805e-16
840	4.414212017039747e-16
841	4.178484877871679e-16
842	3.9975296503501586e-16
843	3.862615164173163e-16
844	3.7652920401922094e-16
845	3.6973822258071624e-16
846	3.4753978736325004e-16
847	3.266503715022502e-16
848	3.2395881001653394e-16
849	3.0352065114781833e-16
850	2.999389175832663e-16
851	2.7716475621865933e-16
852	2.699922045388805e-16
853	2.600816709422877e-16
854	2.46818354109748e-16
855	2.474977425333797e-16
856	2.437244285718886e-16
857	2.1697091733081587e-16
858	2.0258817382585685e-16
859	2.0015984817097177e-16
860	2.0928512575335606e-16
861	1.9334569188942268e-16
862	1.8805244841648775e-16
863	1.7485631621444204e-16
864	1.7152902860296417e-16
865	1.5947242616324494e-16
866	1.5655848810554573e-16
867	1.6247980632662363e-16
868	1.4018130761379228e-16
869	1.2598630535801903e-16
870	1.1962040574807294e-16
871	1.208194712820146e-16
872	1.2932924028896817e-16
873	1.077677485992106e-16
874	1.114915251447296e-16
875	1.217429608166715e-16
876	1.0093889428261137e-16
877	1.0480232344773645e-16
878	9.572799213206298e-17
879	9.220335220467332e-17
880	9.404076257206622e-17
881	8.218697277022051e-17
882	7.526448997302525e-17
883	7.310588803361228e-17
884	7.555001238114241e-17
885	8.244174679574335e-17
886	7.456815953171468e-17
887	7.077259921800823e-17
888	5.177642700482761e-17
889	7.486713079443359e-17
890	6.327882999823308e-17
891	5.5168495565654436e-17
892	5.041726047315234e-17
893	4.8910716186605655e-17
894	5.0538746588372464e-17
895	5.519536806000251e-17
896	4.3330747684749394e-17
897	3.4217378562065416e-17
898	4.728570326574948e-17
899	4.34333027392261e-17
900	4.205897887420774e-17
901	4.307841623642042e-17
902	4.641046704657594e-17
903	3.225854320502663e-17
904	2.0188411676784292e-17
905	2.9923729296002564e-17
906	4.1676390482397765e-17
907	3.5505618768075764e-17
908	3.114293254895334e-17
909	2.852619926932551e-17
910	2.7595623030870307e-17
911	2.829365729020967e-17
912	3.056492080272489e-17
913	3.435611669203813e-17
914	1.946933927252316e-17
915	2.6109372726214307e-17
916	1.3896344446891144e-17
917	2.3195036945002053e-17
918	3.37757603370736e-17
919	4.9115337175835866e-18
920	1.7852480008500072e-17
921	3.1953144637601714e-17
922	6.255652243513771e-18
923	2.2485414937167487e-17
924	1.9227191523520482e-17
925	1.6907375967523052e-17
926	1.5493553021489843e-17
927	1.495452964369514e-17
928	1.5260289199475756e-17
929	1.6381947370524853e-17
930	-2.4835570049228524e-18
931	2.0962830774748022e-17
932	3.5152464822505264e-18
933	7.593279430966088e-18
934	1.2358316678415637e-17
935	-3.1856867080178837e-18
936	2.3858557375479504e-17
937	9.498032587802607e-18
938	-4.341530348219586e-18
939	3.4520022525969885e-18
940	1.1807282767502384e-17
941	-5.05272971111627e-19
942	8.879809700693348e-18
943	1.877407454385381e-17
944	7.830445554490239e-18
945	-2.7155505952351934e-18
946	8.531663648042676e-18
947	2.0226785808231684e-17
948	1.0865400177624936e-17
949	1.8447276255570125e-18
950	-6.8481559671377335e-18
951	6.3848522677864734e-18
952	2.0001350061240238e-17
953	1.2299230362808204e-17
954	4.87795271357999e-18
955	-2.2731435649573744e-18
956	-9.164316229798605e-18
957	6.045778366897385e-18
958	-3.145866651367498e-19
959	1.5488123494678985e-17
960	9.622097438080227e-18
961	3.970286302730588e-18
962	-1.4754496485558863e-18
963	-6.722942178047072e-18
964	-1.177972667933813e-17
965	5.5204056357515764e-18
966	8.639479269125903e-19
967	1.8631540016680116e-17
968	1.434864562601453e-17
969	1.0222897485637438e-17
970	6.248317795951992e-18
971	2.419155208342398e-18
972	-1.2701237196755284e-18
973	-4.824842748164277e-18
974	-8.250123869380069e-18
975	-1.155089492483374e-17
976	-1.473189693594692e-17
977	4.86192989469237e-18
978	1.9476160562984392e-18
979	-8.60077854256369e-19
980	-3.565213612651603e-18
981	1.665069887503445e-17
982	1.4179854057320936e-17
983	1.1800305497183572e-17
984	9.508573658266886e-18
985	7.301311092102342e-18
986	5.175297442991407e-18
987	3.12743464105545e-18
988	1.1547422763795825e-18
989	-7.456468525461863e-19
990	-2.5764910226158023e-18
991	-4.340443708435608e-18
992	-6.040057549251061e-18
993	-7.677788166293596e-18
994	-9.255997836189063e-18
995	-1.07769590258008e-17
996	-1.224285779375064e-17
997	-1.365579706358855e-17
998	-1.5017799773459126e-17
999	-1.6330811906902084e-17
1000	6.0035883613698736e-18