1	0.00012971525019896279
2	0.0006037499391770704
3	0.0017385899989734368
4	0.0038169935610895466
5	0.007089593434907991
6	0.011776500766383386
7	0.018068902163943773
8	0.026130643440918176
9	0.03609979392098537
10	0.048090185989046755
11	0.06219292524829272
12	0.07847786726860888
13	0.09699505748521976
14	0.11777613133279677
15	0.14083567218219042
16	0.16617252508736924
17	0.1937710647517663
18	0.2236024164886485
19	0.25562562928174626
20	0.2897888003525439
21	0.32603015091148774
22	0.364279053013988
23	0.40445700766042036
24	0.44647857447416045
25	0.4902522534648081
26	0.5356813195367036
27	0.5826646105372171
28	0.6310972697564773
29	0.6808714438915905
30	0.7318769375752037
31	0.7840018256417031
32	0.8371330243655293
33	0.8911568229560286
34	0.945959376632974
35	1.0014271626372477
36	1.0574474005530485
37	1.1139084383321693
38	1.1707001054180814
39	1.2277140343685318
40	1.284843952370624
41	1.3419859440326665
42	1.399038686822803
43	1.4559036605062663
44	1.5124853319113867
45	1.5686913163297018
46	1.62443251682809
47	1.6796232427211355
48	1.734181308420198
49	1.7880281138424354
50	1.8410887075283036
51	1.8932918335803282
52	1.9445699634994302
53	1.994859313957767
54	2.04409985150956
55	2.0922352852034405
56	2.139213048021958
57	2.184984268035959
58	2.229503730124046
59	2.272729829069805
60	2.3146245148127322
61	2.3551532305923786
62	2.3942848446893863
63	2.431991576432164
64	2.4682489171033617
65	2.5030355463470353
66	2.536333244644371
67	2.5681268023942576
68	2.598403926103921
69	2.6271551421648263
70	2.65437369866018
71	2.6800554656220217
72	2.704198834129066
73	2.726804614610165
74	2.747875934693185
75	2.7674181369149338
76	2.785438676584644
77	2.8019470200711987
78	2.816954543763122
79	2.8304744339300534
80	2.8425215876949066
81	2.853112515307619
82	2.862265243893632
83	2.869999222833715
84	2.876335230915644
85	2.8812952853834473
86	2.884902552995539
87	2.8871812631896647
88	2.888156623439893
89	2.887854736878903
90	2.8863025222476875
91	2.883527636223927
92	2.8795583981708677
93	2.8744237173387552
94	2.868153022542653
95	2.8607761943320993
96	2.8523234996607774
97	2.84282552905727
98	2.8323131362916194
99	2.8208173805264045
100	2.808369470935612
101	2.795000713769554
102	2.780742461839451
103	2.765626066391155
104	2.7496828313336734
105	2.7329439697846922
106	2.7154405628923017
107	2.6972035208892318
108	2.6782635463335978
109	2.6586510994878947
110	2.6383963657862974
111	2.617529225338405
112	2.596079224416445
113	2.574075548871874
114	2.5515469994260433
115	2.5285219687792995
116	2.505028420482026
117	2.4810938695110596
118	2.4567453644944104
119	2.43200947152748
120	2.4069122595238555
121	2.3814792870441397
122	2.3557355905464386
123	2.329705674002739
124	2.3034134998260525
125	2.2768824810534176
126	2.2501354747312132
127	2.2231947764494278
128	2.1960821159728843
129	2.1688186539180365
130	2.1414249794250524
131	2.1139211087760037
132	2.086326484910926
133	2.0586599777946364
134	2.0309398855885177
135	2.00318393658237
136	1.9754092918428336
137	1.9476325485359645
138	1.9198697438828478
139	1.8921363597082692
140	1.8644473275438458
141	1.8368170342479602
142	1.8092593281065001
143	1.7817875253791633
144	1.7544144172577216
145	1.7271522772036234
146	1.700012868633395
147	1.6730074529219916
148	1.6461467976947057
149	1.619441185380199
150	1.5929004219975007
151	1.5665338461518075
152	1.5403503382142651
153	1.5143583296626557
154	1.488565812560282
155	1.4629803491521016
156	1.4376090815575489
157	1.4124587415409415
158	1.3875356603409459
159	1.3628457785419885
160	1.3383946559706728
161	1.314187481602155
162	1.2902290834613224
163	1.2665239385051061
164	1.243076182472753
165	1.2198896196918194
166	1.196967732828284
167	1.1743136925701152
168	1.1519303672340597
169	1.129820332286292
170	1.1079858797683129
171	1.0864290276197515
172	1.0651515288908495
173	1.044154880837553
174	1.0234403338928284
175	1.003008900508579
176	0.9828613638628855
177	0.9629982864275088
178	0.9434200183916992
179	0.9241267059383432
180	0.9051182993688422
181	0.8863945610741718
182	0.8679550733489598
183	0.8497992460468748
184	0.8319263240750898
185	0.8143353947264956
186	0.7970253948483889
187	0.779995117846638
188	0.7632432205250127
189	0.7467682297588402
190	0.7305685490034813
191	0.7146424646372987
192	0.6989881521398069
193	0.683603682105407
194	0.6684870260935523
195	0.6536360623166159
196	0.6390485811660086
197	0.624722290578491
198	0.6106548212438617
199	0.5968437316554593
200	0.5832865130056875
201	0.5699805939281058
202	0.5569233450878772
203	0.5441120836233366
204	0.5315440774398527
205	0.5192165493592172
206	0.5071266811262289
207	0.49527161727515917
208	0.4836484688581314
209	0.47225431703876575
210	0.46108621655261156
211	0.45014119903779043
212	0.4394162762378105
213	0.4289084430796472
214	0.41861468062975976
215	0.40853195893022254
216	0.3986572397181926
217	0.38898747903140163
218	0.37951962970191294
219	0.370250643741219
220	0.3611774746194512
221	0.35229707944116156
222	0.34360642102024064
223	0.3351024698571504
224	0.3267822060205333
225	0.3186426209362967
226	0.31068071908626227
227	0.3028935196195613
228	0.2952780578788091
229	0.28783138684389176
230	0.2805505784956213
231	0.2734327251020244
232	0.2664749404291852
233	0.2596743608796632
234	0.253028146560399
235	0.24653348228234648
236	0.24018757849441172
237	0.23398767215382746
238	0.22793102753509445
239	0.22201493697949146
240	0.2162367215876624
241	0.21059373185692204
242	0.20508334826555086
243	0.19970298180598844
244	0.1944500744687436
245	0.1893220996791349
246	0.18431656268863836
247	0.17943100092232173
248	0.17466298428479118
249	0.1700101154255163
250	0.16547002996611831
251	0.1610403966904947
252	0.15671891769962715
253	0.15250332853301593
254	0.1483913982573647
255	0.14438092952491996
256	0.1404697586022956
257	0.13665575537124328
258	0.13293682330299633
259	0.12931089940703322
260	0.12577595415588208
261	0.12232999138732147
262	0.11897104818435514
263	0.11569719473504125
264	0.11250653417320658
265	0.10939720239994385
266	0.10636736788873745
267	0.10341523147373008
268	0.10053902612285044
269	0.09773701669672336
270	0.095007499693595
271	0.09234880298224721
272	0.08975928552288025
273	0.08723733707693088
274	0.08478137790680239
275	0.08238985846644883
276	0.08006125908268669
277	0.0777940896291512
278	0.07558688919233744
279	0.07343822573142418
280	0.07134669573172502
281	0.06931092385274285
282	0.06732956257143066
283	0.06540129182068109
284	0.06352481862475175
285	0.061698876730249284
286	0.05992222623524905
287	0.058193653215431414
288	0.056511969348266244
289	0.054876011535898106
290	0.05328464152652657
291	0.051736745535197776
292	0.05023123386400691
293	0.048767040522366786
294	0.04734312284727709
295	0.04595846112442152
296	0.044612058209728855
297	0.04330293915215176
298	0.04203015081807726
299	0.040792761516818446
300	0.039589860628465874
301	0.038420558233312044
302	0.03728398474394649
303	0.03617929053948992
304	0.03510564560258786
305	0.0340622391592488
306	0.03304827932163972
307	0.032062992733704714
308	0.031105624220652016
309	0.030175436441034903
310	0.029271709542987284
311	0.028393740823533395
312	0.027540844392166964
313	0.026712350837740356
314	0.02590760689927609
315	0.02512597514122994
316	0.024366833631974883
317	0.023629575627050137
318	0.022913609256315012
319	0.0222183572150655
320	0.021543256459836898
321	0.020887757907999724
322	0.020251326142232084
323	0.019633439118508164
324	0.01903358787897105
325	0.018451276269482758
326	0.017886020660608938
327	0.017337349673940305
328	0.016804803911884644
329	0.016287935692715125
330	0.015786308789344585
331	0.015299498172915286
332	0.014827089760193476
333	0.014368680165744658
334	0.013923876458572241
335	0.013492295922337805
336	0.013073565820498529
337	0.012667323165602906
338	0.012273214492248477
339	0.011890895635195206
340	0.011520031510622636
341	0.011160295902293152
342	0.010811371250999091
343	0.010472948449214557
344	0.010144726638239907
345	0.009826413010823562
346	0.009517722616425998
347	0.009218378171104233
348	0.00892810987131144
349	0.00864665521080337
350	0.00837375880174914
351	0.00810917219969999
352	0.00785265373162659
353	0.007603968328174827
354	0.007362887358800728
355	0.007129188471415067
356	0.006902655433860227
357	0.006683077980667435
358	0.006470251661438693
359	0.006263977694240958
360	0.006064062820118948
361	0.005870319162947243
362	0.005682564091096236
363	0.005500620082165396
364	0.005324314592017855
365	0.005153479924947398
366	0.004987953108413634
367	0.00482757576940182
368	0.004672194014714694
369	0.004521658313170661
370	0.004375823381137374
371	0.004234548069980681
372	0.004097695257296172
373	0.003965131739585445
374	0.0038367281281128725
375	0.0037123587471855827
376	0.0035919015346873914
377	0.0034752379447965625
378	0.0033622528538381027
379	0.003252834467654973
380	0.0031468742314197606
381	0.0030442667418456412
382	0.0029449096614546097
383	0.0028487036348344053
384	0.0027555522072767844
385	0.0026653617450149254
386	0.00257804135784591
387	0.002493502823395942
388	0.0024116605136302208
389	0.002332431322662186
390	0.002255734597110725
391	0.0021814920675652535
392	0.002109627782340283
393	0.0020400680425376886
394	0.001972741338990868
395	0.0019075782903869693
396	0.0018445115843686917
397	0.0017834759178266813
398	0.001724407941122635
399	0.0016672462023794078
400	0.001611931093432013
401	0.0015584047977576026
402	0.0015066112388745436
403	0.0014564960310779645
404	0.0014080064307378409
405	0.0013610912893976352
406	0.0013157010073782446
407	0.0012717874902229745
408	0.0012293041039178273
409	0.0011882056335265978
410	0.001148448241870665
411	0.0011099894294235263
412	0.0010727879954410945
413	0.0010368040000832527
414	0.0010019987276031468
415	0.000968334650348766
416	0.0009357753943775948
417	0.0009042857050324685
418	0.0008738314144000177
419	0.0008443794090579595
420	0.000815897599172461
421	0.0007883548880011364
422	0.0007617211421894845
423	0.0007359671640773726
424	0.0007110646629477753
425	0.0006869862283192206
426	0.000663705303846313
427	0.0006411961618738673
428	0.000619433877926129
429	0.000598394307597609
430	0.0005780540622242336
431	0.0005583904869807282
432	0.0005393816381786037
433	0.0005210062618186727
434	0.0005032437730260541
435	0.00048607423562889755
436	0.000469478342619222
437	0.0004534373968217458
438	0.00043793329258536967
439	0.0004229484973879186
440	0.00040846603488805806
441	0.00039446946751828704
442	0.00038094288015276415
443	0.000367870864015578
444	0.00035523850107033064
445	0.0003430313495042116
446	0.00033123542813703216
447	0.0003198372028473153
448	0.0003088235728511935
449	0.00029818185676971687
450	0.00028789978020668755
451	0.0002779654627141556
452	0.0002683674058684288
453	0.000259094481363664
454	0.0002501359190588376
455	0.0002414812964247046
456	0.00023312052738189777
457	0.00022504385182044469
458	0.0002172418254426583
459	0.0002097053096389033
460	0.0002024254624031529
461	0.00019539372847069336
462	0.00018860183059964393
463	0.00018204176094345162
464	0.0001757057719801674
465	0.0001695863689426123
466	0.00016367630175667588
467	0.00015796855656276455
468	0.0001524563492515478
469	0.00014713311751794855
470	0.00014199251385660607
471	0.00013702839912704178
472	0.00013223483567333677
473	0.00012760608055182064
474	0.0001231365799905757
475	0.00011882096286939814
476	0.00011465403505066382
477	0.0001106307736166804
478	0.0001067463214996521
479	0.00010299598219229817
480	0.00009937521430141222
481	0.0000958796268388838
482	0.00009250497437132223
483	0.00008924715202914797
484	0.00008610219144015532
485	0.00008306625580186605
486	0.00008013563613715774
487	0.00007730674677769407
488	0.00007457612155259436
489	0.00007194040986863506
490	0.00006939637268269927
491	0.00006694087961649385
492	0.0000645709043969018
493	0.00006228352244545918
494	0.00006007590671289611
495	0.000057945325262995135
496	0.00005588913768711847
497	0.00005390479193707068
498	0.000051989822262783815
499	0.00005014184530384242
500	0.000048358558134969625
501	0.00004663773557029182
502	0.00004497722705771872
503	0.000043374955043195246
504	0.00004182891156712239
505	0.0000403371571968719
506	0.000038897817676398863
507	0.00003750908214806135
508	0.00003616920124009662
509	0.000034876484931952086
510	0.00003362930063026052
511	0.000032426070762219236
512	0.0000312652718028067
513	0.000030145431956071315
514	0.000029065129401947627
515	0.000028022990766376568
516	0.000027017689466413933
517	0.000026047944459313945
518	0.000025112517986148443
519	0.000024210214868311224
520	0.000023339880891743956
521	0.000022500401067833456
522	0.000021690698751757953
523	0.000020909734111010756
524	0.00002015650301076506
525	0.00001943003587372633
526	0.000018729396244783302
527	0.000018053680048589464
528	0.000017402014105066697
529	0.00001677355552217239
530	0.00001616749016491845
531	0.000015583032187366606
532	0.000015019422821918514
533	0.00001447592932832814
534	0.000013951844470644114
535	0.00001344648533931852
536	0.000012959192702635467
537	0.000012489330159686964
538	0.000012036283368856518
539	0.000011599459260928219
540	0.000011178285144562873
541	0.000010772208628943886
542	0.000010380696148341078
543	0.000010003232765679336
544	9.639321596190935e-6
545	9.288482846554658e-6
546	8.950253679434839e-6
547	8.624187135915787e-6
548	8.309852073067219e-6
549	8.006832157310446e-6
550	7.714725689607636e-6
551	7.4331450478126016e-6
552	7.161716119300637e-6
553	6.900078102208568e-6
554	6.647882448571529e-6
555	6.4047931214937965e-6
556	6.170485521148246e-6
557	5.9446469198309896e-6
558	5.726975182048329e-6
559	5.5171789014935355e-6
560	5.314976962634635e-6
561	5.120098095287309e-6
562	4.932280518223159e-6
563	4.751271769087362e-6
564	4.5768283377473776e-6
565	4.4087149081511896e-6
566	4.246705135984632e-6
567	4.0905799167407615e-6
568	3.94012844483563e-6
569	3.7951471462089885e-6
570	3.6554396680155503e-6
571	3.520816477196294e-6
572	3.391095135905296e-6
573	3.266099211285997e-6
574	3.1456588356248707e-6
575	3.029609997386038e-6
576	2.917794510751008e-6
577	2.810059983509214e-6
578	2.706259193392879e-6
579	2.6062503438666404e-6
580	2.509896532089781e-6
581	2.4170659023163015e-6
582	2.3276312061940695e-6
583	2.241469655304342e-6
584	2.158462870588661e-6
585	2.078496731068436e-6
586	2.001461220347649e-6
587	1.9272502709287835e-6
588	1.8557615066802028e-6
589	1.7868961820296636e-6
590	1.7205593197814078e-6
591	1.656659048525162e-6
592	1.595106936249369e-6
593	1.5358176234269095e-6
594	1.4787090554137125e-6
595	1.4237018105163725e-6
596	1.370719530339591e-6
597	1.3196885459328394e-6
598	1.2705377024822045e-6
599	1.2231986876990643e-6
600	1.1776053497494668e-6
601	1.1336940232154933e-6
602	1.0914034510447064e-6
603	1.0506745022298418e-6
604	1.0114499887141555e-6
605	9.736750916442889e-7
606	9.372967705768312e-7
607	9.022640868581457e-7
608	8.685276090671938e-7
609	8.360400418000476e-7
610	8.047556292069474e-7
611	7.746303745044921e-7
612	7.456215419922048e-7
613	7.176884915694403e-7
614	6.907916664215288e-7
615	6.648930157841536e-7
616	6.39955904647679e-7
617	6.159449193697677e-7
618	5.92826291819567e-7
619	5.705668776976641e-7
620	5.491353028432275e-7
621	5.285010432547059e-7
622	5.08634640607946e-7
623	4.895080228116671e-7
624	4.7109389046488603e-7
625	4.533658279933624e-7
626	4.362986236892493e-7
627	4.198679657163735e-7
628	4.0405024052096877e-7
629	3.888227479044705e-7
630	3.741640218100987e-7
631	3.600526869976283e-7
632	3.464687193927912e-7
633	3.3339240576107703e-7
634	3.208051872633816e-7
635	3.0868882615276813e-7
636	2.9702582996757867e-7
637	2.857996673960034e-7
638	2.749937206673122e-7
639	2.645928689498427e-7
640	2.5458170210689e-7
641	2.4494600017259766e-7
642	2.356717883700145e-7
643	2.2674555129866606e-7
644	2.1815434223607378e-7
645	2.0988578689899947e-7
646	2.019279810324719e-7
647	1.942690688404031e-7
648	1.8689820085519704e-7
649	1.798044755716716e-7
650	1.7297768544075108e-7
651	1.664078945722847e-7
652	1.6008533419528206e-7
653	1.5400104444735765e-7
654	1.481459174411087e-7
655	1.425115524338406e-7
656	1.370896177382572e-7
657	1.318721728396101e-7
658	1.2685167062996373e-7
659	1.2202063808086972e-7
660	1.1737199897534496e-7
661	1.1289907602321982e-7
662	1.0859505593259015e-7
663	1.0445374188585525e-7
664	1.0046912609891719e-7
665	9.663517580181006e-8
666	9.294637217585726e-8
667	8.939717379445979e-8
668	8.598234056133287e-8
669	8.269693519209799e-8
670	7.953600074344477e-8
671	7.649499316364748e-8
672	7.356913438161743e-8
673	7.075438556626027e-8
674	6.804647564087263e-8
675	6.544133417052129e-8
676	6.293509233661294e-8
677	6.052408388769159e-8
678	5.820473757168732e-8
679	5.5973469173737543e-8
680	5.382711626392957e-8
681	5.1762504967685544e-8
682	4.9776341474257845e-8
683	4.786575596834823e-8
684	4.602797747939214e-8
685	4.426022547783476e-8
686	4.255971008879807e-8
687	4.09240683961746e-8
688	3.935092944122671e-8
689	3.783769614174702e-8
690	3.638220004925192e-8
691	3.498226564643184e-8
692	3.3635819801560595e-8
693	3.234078284894063e-8
694	3.109517813613727e-8
695	2.989724186689937e-8
696	2.8744985786449537e-8
697	2.7636854048806367e-8
698	2.657117639498156e-8
699	2.5546277668390696e-8
700	2.456058761438073e-8
701	2.361264122914791e-8
702	2.2700969334503547e-8
703	2.1824318298826414e-8
704	2.098121117862693e-8
705	2.017049684441936e-8
706	1.939080105063549e-8
707	1.864096600298252e-8
708	1.792005085292872e-8
709	1.7226671878982676e-8
710	1.656010266288215e-8
711	1.5918953823210728e-8
712	1.5302604055155236e-8
713	1.4709768939492509e-8
714	1.4139822703721908e-8
715	1.3591917224934182e-8
716	1.3064981744518378e-8
717	1.2558274252457768e-8
718	1.207116131799998e-8
719	1.1602787122529597e-8
720	1.1152404470983112e-8
721	1.0719375000779929e-8
722	1.0303169379358028e-8
723	9.90281494815885e-9
724	9.51811110931108e-9
725	9.148193013026242e-9
726	8.792415504911584e-9
727	8.450574662202233e-9
728	8.121801953887941e-9
729	7.805670157361008e-9
730	7.501972507265077e-9
731	7.209837304264418e-9
732	6.929056011215016e-9
733	6.659087205736412e-9
734	6.399610133255687e-9
735	6.150081791925385e-9
736	5.910401597417776e-9
737	5.679914376641083e-9
738	5.458296663393692e-9
739	5.245224420819813e-9
740	5.040594804192695e-9
741	4.843750137515163e-9
742	4.654586559387932e-9
743	4.472778014871484e-9
744	4.297997987313228e-9
745	4.130030456751355e-9
746	3.968437136626253e-9
747	3.813334086451736e-9
748	3.6641713460709692e-9
749	3.5208424197996317e-9
750	3.383018573191015e-9
751	3.250481740104944e-9
752	3.123235575954659e-9
753	3.0008395098438836e-9
754	2.883296711925384e-9
755	2.7703881321170916e-9
756	2.661672462393065e-9
757	2.55737428384942e-9
758	2.4570518935984957e-9
759	2.3607074855011698e-9
760	2.268010020073515e-9
761	2.178961375404314e-9
762	2.093341235555426e-9
763	2.0111511991180654e-9
764	1.9321706857837975e-9
765	1.8562900215902674e-9
766	1.7832884038891144e-9
767	1.7131669663611239e-9
768	1.6458157228550085e-9
769	1.5811245970451347e-9
770	1.5188724329880241e-9
771	1.45906000587725e-9
772	1.401687996961667e-9
773	1.346424070343919e-9
774	1.2933797649419326e-9
775	1.2424445885603464e-9
776	1.193508004986811e-9
777	1.1464594410879908e-9
778	1.1011882938797298e-9
779	1.0578057606099276e-9
780	1.0160902237607189e-9
781	9.759309881954832e-10
782	9.374390945600289e-10
783	9.00503753407426e-10
784	8.649033348613619e-10
785	8.30748753120659e-10
786	7.979291904011551e-10
787	7.66333845488954e-10
788	7.360734831122277e-10
789	7.06926489790512e-10
790	6.791142903888377e-10
791	6.521938317402372e-10
792	6.263864956281708e-10
793	6.015814483337519e-10
794	5.777785520070573e-10
795	5.549776320763333e-10
796	5.329572749794636e-10
797	5.118279553721838e-10
798	4.915894678057379e-10
799	4.720205213572572e-10
800	4.533420039021223e-10
801	4.353326701048541e-10
802	4.181028007203904e-10
803	4.015417039290714e-10
804	3.8553877504491944e-10
805	3.7020422268173335e-10
806	3.5553778547240616e-10
807	3.41428879167929e-10
808	3.2787728887239823e-10
809	3.1488277989052914e-10
810	3.023348945826526e-10
811	2.9034362854144974e-10
812	2.7879855386973714e-10
813	2.6769946275245413e-10
814	2.5704613170468016e-10
815	2.4683832163034456e-10
816	2.369657834587111e-10
817	2.2753831545232845e-10
818	2.1855563390316348e-10
819	2.0979767654776197e-10
820	2.0148404755991765e-10
821	1.9339481443766865e-10
822	1.8574940288199959e-10
823	1.7832801527343938e-10
824	1.7113053172561088e-10
825	1.643761031702296e-10
826	1.5784514568594473e-10
827	1.515375126944488e-10
828	1.4545305000694714e-10
829	1.397010613780268e-10
830	1.3406240149703265e-10
831	1.2875577842821094e-10
832	1.235622116343252e-10
833	1.1870021206515434e-10
834	1.1384173406001412e-10
835	1.0942360435796264e-10
836	1.0500876618083151e-10
837	1.0081546963725598e-10
838	9.673444834032901e-11
839	9.287460831387155e-11
840	8.91267715652793e-11
841	8.559973259385753e-11
842	8.218440423968975e-11
843	7.888068494114599e-11
844	7.568846947923627e-11
845	7.26076489932474e-11
846	6.974673198379236e-11
847	6.699687153153556e-11
848	6.42494356507286e-11
849	6.17213765854587e-11
850	5.919560183619066e-11
851	5.6888832316196854e-11
852	5.458419495762753e-11
853	5.238995024329492e-11
854	5.030595726224137e-11
855	4.822396531127331e-11
856	4.62520528379849e-11
857	4.4498055970390524e-11
858	4.274578899993785e-11
859	4.099527874621338e-11
860	3.924655193283607e-11
861	3.771511126617273e-11
862	3.618525398679391e-11
863	3.4764614146567124e-11
864	3.3345475151385515e-11
865	3.203533993673579e-11
866	3.072661728009319e-11
867	2.941932677663047e-11
868	2.8328055034179008e-11
869	2.7237986098192037e-11
870	2.614913614811237e-11
871	2.5061521302887456e-11
872	2.3975157620469325e-11
873	2.3103946777631925e-11
874	2.212686701790471e-11
875	2.1150944683218065e-11
876	2.038965822347657e-11
877	1.9522611661961498e-11
878	1.8763209457250895e-11
879	1.8004730491150327e-11
880	1.7247185703716496e-11
881	1.6596956487771854e-11
882	1.594753547944823e-11
883	1.5298931961452342e-11
884	1.4651155179682483e-11
885	1.4004214342937677e-11
886	1.346411474257601e-11
887	1.2924716616948247e-11
888	1.2491870406592923e-11
889	1.1848055143103183e-11
890	1.1416494470640045e-11
891	1.0985508717580242e-11
892	1.055510387705799e-11
893	1.0125285917728268e-11
894	9.696060783568427e-12
895	9.267434393686754e-12
896	8.944622605867593e-12
897	8.622258714956272e-12
898	8.195300247519798e-12
899	7.873927593934398e-12
900	7.5530164554908e-12
901	7.232571173542521e-12
902	6.912596070757765e-12
903	6.6977262275843814e-12
904	6.483165875468822e-12
905	6.164456842773799e-12
906	5.846234156380232e-12
907	5.632791464471745e-12
908	5.419670555837799e-12
909	5.20687423800501e-12
910	4.994405306215014e-12
911	4.78226654332651e-12
912	4.570460719720944e-12
913	4.3589905932117986e-12
914	4.251533180267211e-12
915	4.040652976251161e-12
916	3.9336106517885105e-12
917	3.723329457959853e-12
918	3.5133966690617965e-12
919	3.5102576330634623e-12
920	3.3008458563079186e-12
921	3.091789619527427e-12
922	3.0889800892190757e-12
923	2.8804564019728996e-12
924	2.775052655185321e-12
925	2.6698259043272296e-12
926	2.564777457769543e-12
927	2.459908617756897e-12
928	2.355220680359053e-12
929	2.2507149354241864e-12
930	2.2485790314502853e-12
931	2.0422551509611223e-12
932	2.0402963053945496e-12
933	1.9364346165790638e-12
934	1.832761059317057e-12
935	1.8309758299979028e-12
936	1.6259833469023653e-12
937	1.6243827589893657e-12
938	1.6227761887176772e-12
939	1.5198620601580717e-12
940	1.4171426774726406e-12
941	1.4157197316327582e-12
942	1.3132923295571257e-12
943	1.2110629077332717e-12
944	1.2098284718736146e-12
945	1.2085897121636116e-12
946	1.1067559181725897e-12
947	1.0051240789755885e-12
948	1.0040794328599544e-12
949	1.0030312673931416e-12
950	1.0019795875575255e-12
951	9.008532209101349e-13
952	7.999334741708456e-13
953	7.990821693445701e-13
954	7.982281316945313e-13
955	7.973713648396588e-13
956	7.965118728118259e-13
957	6.962145173608011e-13
958	6.954569038891529e-13
959	5.954768058439056e-13
960	5.948225647375486e-13
961	5.941663553198844e-13
962	5.935081801140016e-13
963	5.928480419580058e-13
964	5.921859439928664e-13
965	4.929555034862276e-13
966	4.923997138707977e-13
967	3.9349673322289747e-13
968	3.930486822737212e-13
969	3.9259939307833855e-13
970	3.9214886670537806e-13
971	3.9169710445497756e-13
972	3.9124410784984026e-13
973	3.907898786266204e-13
974	3.9033441872763183e-13
975	3.8987773029286197e-13
976	3.894198156522826e-13
977	2.917398955765385e-13
978	2.913938871939614e-13
979	2.910469932743223e-13
980	2.906992150181776e-13
981	1.9358916426595302e-13
982	1.9335529205966627e-13
983	1.9312086538256644e-13
984	1.928858842139554e-13
985	1.9265034866820912e-13
986	1.9241425898955004e-13
987	1.921776155470126e-13
988	1.9194041882959642e-13
989	1.917026694416021e-13
990	1.914643680981364e-13
991	1.9122551562078998e-13
992	1.9098611293347112e-13
993	1.907461610583979e-13
994	1.9050566111223893e-13
995	1.9026461430239525e-13
996	1.900230219234247e-13
997	1.8978088535359572e-13
998	1.895382060515701e-13
999	1.8929498555321172e-13
1000	9.454145852135498e-14