1	0.00008699080530520305
2	0.00025788345933183205
3	0.0005929574742387599
4	0.001163947489961293
5	0.00203444910824533
6	0.0032603250311390034
7	0.004890109550185477
8	0.006965409650978926
9	0.00952130119965184
10	0.012586718864250212
11	0.016184838595768258
12	0.020333451651756262
13	0.025045329290734743
14	0.030328577398958115
15	0.03618698043313655
16	0.04262033417427707
17	0.04962476688952957
18	0.057193048591479605
19	0.06531488816832452
20	0.07397721823440208
21	0.08316446761914405
22	0.09285882147423818
23	0.10304046903408437
24	0.11368783911398114
25	0.12477782347433407
26	0.13628598821791862
27	0.14818677342127357
28	0.16045368123098447
29	0.17305945268130282
30	0.18597623351153678
31	0.1991757292802543
32	0.21262935008884473
33	0.22630834523963722
34	0.2401839281638401
35	0.2542273919622569
36	0.2684102159072839
37	0.2827041632582868
38	0.297081370744284
39	0.3115144300681126
40	0.3259764617850595
41	0.34044118190648953
42	0.35488296157539745
43	0.3692768801562053
44	0.3835987720756406
45	0.39782526774524846
46	0.4119338288891581
47	0.42590277859319253
48	0.43971132638338734
49	0.45333958863356005
50	0.46676860459279257
51	0.47998034831463393
52	0.4929577367605919
53	0.5056846343410267
54	0.5181458541470753
55	0.5303271561176208
56	0.5422152423757305
57	0.5537977499593857
58	0.5650632411618204
59	0.5760011916872958
60	0.5866019768188223
61	0.596856855785124
62	0.6067579545050662
63	0.6162982468789114
64	0.6254715347870269
65	0.6342724269482297
66	0.6426963167815947
67	0.650739359407564
68	0.6583984479163069
69	0.6656711890237055
70	0.6725558782280094
71	0.6790514745730286
72	0.6851575751169542
73	0.6908743891992177
74	0.6962027125914625
75	0.701143901612584
76	0.7056998472819233
77	0.7098729495790708
78	0.7136660918733474
79	0.7170826155809162
80	0.7201262951025157
81	0.7228013130901797
82	0.725112236086812
83	0.7270639905782921
84	0.728661839493716
85	0.729911359185623
86	0.7308184169184186
87	0.7313891488898114
88	0.73162993880686
89	0.7315473970352051
90	0.7311483403372232
91	0.7304397722121103
92	0.729428863848493
93	0.7281229356977099
94	0.7265294396738033
95	0.7246559419841567
96	0.7225101065928571
97	0.7200996793170704
98	0.7174324725551061
99	0.7145163506433218
100	0.7113592158376522
101	0.707968994914262
102	0.7043536263826568
103	0.7005210483035286
104	0.6964791867026628
105	0.6922359445713278
106	0.687799191442841
107	0.6831767535342509
108	0.6783764044414965
109	0.6734058563758286
110	0.668272751928865
111	0.6629846563531431
112	0.6575490503447688
113	0.6519733233144762
114	0.6462647671330951
115	0.640430570337345
116	0.6344778127816586
117	0.6284134607217174
118	0.6222443623152499
119	0.6159772435257201
120	0.6096187044144911
121	0.6031752158071599
122	0.5966531163197838
123	0.5900586097308876
124	0.5833977626852955
125	0.5766765027158888
126	0.5699006165697347
127	0.563075748825078
128	0.5562074007860346
129	0.5493009296419756
130	0.5423615478788762
131	0.5353943229301771
132	0.5284041770549445
133	0.5213958874314096
134	0.5143740864542884
135	0.5073432622245141
136	0.5003077592203793
137	0.49327177913934
138	0.48623938190007826
139	0.47921448679469836
140	0.47220087378128933
141	0.46520218490731546
142	0.45822192585472493
143	0.45126346759785346
144	0.4443300481656163
145	0.43742477449972783
146	0.43055062440096453
147	0.4237104485559185
148	0.41690697263679183
149	0.4101427994672967
150	0.40342041124777506
151	0.3967421718331778
152	0.39011032905760956
153	0.38352701709960424
154	0.37699425888237914
155	0.3705139685037643
156	0.36408795369060115
157	0.3577179182727759
158	0.3514054646721954
159	0.34515209640237454
160	0.3389592205743436
161	0.3328281504050706
162	0.3267601077245569
163	0.3207562254781489
164	0.31481755022072905
165	0.30894504459968586
166	0.3031395898237309
167	0.2974019881148574
168	0.29173296514085106
169	0.2861331724259863
170	0.2806031897377235
171	0.2751435274472963
172	0.26975462886236284
173	0.2644368725299243
174	0.25919057450790145
175	0.2540159906039401
176	0.24891331858011317
177	0.24388270032223508
178	0.23892422397278992
179	0.2340379260264661
180	0.2292237933873864
181	0.22448176538738682
182	0.21981173576454416
183	0.21521355460151984
184	0.2106870302231529
185	0.20623193105297058
186	0.20184798742828772
187	0.19753489337364855
188	0.19329230833252828
189	0.18911985885708277
190	0.18501714025607294
191	0.1809837182008788
192	0.17701913028978042
193	0.17312288757060537
194	0.16929447602195868
195	0.16553335799335722
196	0.16183897360440616
197	0.15821074210351121
198	0.1546480631864253
199	0.151150318274994
200	0.14771687175665876
201	0.1443470721851095
202	0.14104025344253907
203	0.13779573586420082
204	0.13461282732556454
205	0.13149082429289136
206	0.12842901283764932
207	0.12542666961544874
208	0.12248306281001446
209	0.1195974530430411
210	0.11676909425031916
211	0.11399723452499624
212	0.11128111692847255
213	0.10861998026971235
214	0.10601305985364808
215	0.10345958819922932
216	0.1009587957279314
217	0.09850991142340541
218	0.09611216346283608
219	0.09376477982078665
220	0.09146698884623289
221	0.08921801981340852
222	0.08701710344711179
223	0.08486347242327795
224	0.08275636184533963
225	0.0806950096971596
226	0.07867865727306587
227	0.07670654958579304
228	0.07477793575284665
229	0.07289206936200655
230	0.07104820881654063
231	0.06924561766083032
232	0.06748356488689251
233	0.06576132522256396
234	0.06407817940183227
235	0.06243341441787985
236	0.06082632375949506
237	0.05925620763138863
238	0.05772237315895583
239	0.05622413457799069
240	0.05476081340998779
241	0.05333173862344723
242	0.05193624678175737
243	0.05057368217813928
244	0.049243396958113056
245	0.04794475123002112
246	0.046677113164058585
247	0.045439859080185156
248	0.04423237352553294
249	0.04305404934152909
250	0.04190428772138852
251	0.040782498258196624
252	0.039688098984051116
253	0.03862051640075357
254	0.0375791855022097
255	0.03656354978914665
256	0.03557306127635766
257	0.03460718049284399
258	0.03366537647526632
259	0.03274712675491972
260	0.03185191733864282
261	0.030979242684004323
262	0.03012860566886251
263	0.02929951755582451
264	0.028491497951866236
265	0.027704074763087352
266	0.026936784145321364
267	0.02618917045047784
268	0.025460786169051963
269	0.02475119186903479
270	0.024059956131283342
271	0.02338665548184995
272	0.022730874321266022
273	0.022092204851024776
274	0.021470246997510285
275	0.02086460833361162
276	0.02027490399798953
277	0.019700756612481662
278	0.01914179619750404
279	0.018597660085879143
280	0.018067992835050943
281	0.017552446137934122
282	0.01705067873255022
283	0.01656235631045621
284	0.016087151424397948
285	0.015624743394839604
286	0.015174818216021664
287	0.014737068461264186
288	0.01431119318777634
289	0.013896897841137675
290	0.013493894159398884
291	0.01310190007703404
292	0.012720639628744325
293	0.012349842853278994
294	0.01198924569725712
295	0.011638589919199499
296	0.011297622993678563
297	0.010966098015777212
298	0.010643773605961237
299	0.010330413815226166
300	0.01002578803084201
301	0.009729670882496865
302	0.009441842149117257
303	0.00916208666623057
304	0.008890194234026675
305	0.00862595952614033
306	0.008369181999182808
307	0.008119665802988889
308	0.007877219691843755
309	0.007641656936367143
310	0.007412795236449919
311	0.0071904566349695
312	0.006974467432586699
313	0.006764658103381164
314	0.00656086321148035
315	0.006362921328816074
316	0.006170674953697036
317	0.005983970430588231
318	0.005802657870879511
319	0.005626591074657896
320	0.005455627453666783
321	0.005289627955226011
322	0.0051284569873870185
323	0.004971982344978691
324	0.004820075136890261
325	0.004672609714538823
326	0.0045294636012069255
327	0.00439051742273173
328	0.004255654839073267
329	0.004124762477213936
330	0.003997729865001774
331	0.0038744493662132787
332	0.003754816116579985
333	0.0036387279610257954
334	0.003526085392034749
335	0.003416791488925987
336	0.0033107518583740062
337	0.0032078745759821074
338	0.0031080701287833413
339	0.0030112513590471396
340	0.0029173334088822434
341	0.002826233666082106
342	0.002737871710802056
343	0.0026521692635545118
344	0.0025690501338356507
345	0.0024884401701391135
346	0.002410267210639027
347	0.002334461035043119
348	0.002260953317437401
349	0.0021896775799177194
350	0.0021205691472860823
351	0.0020535651027240257
352	0.001988604244243175
353	0.0019256270422041118
354	0.001864575597564468
355	0.0018053936012690393
356	0.0017480262941040649
357	0.0016924204278886527
358	0.001638524227077794
359	0.0015862873516346238
360	0.0015356608601861611
361	0.0014865971745310687
362	0.0014390500446068862
363	0.0013929745142340854
364	0.001348326887949339
365	0.001305064698125729
366	0.0012631466732497358
367	0.0012225327066097693
368	0.0011831838259804088
369	0.0011450621637895014
370	0.0011081309281299055
371	0.0010723543742563717
372	0.0010376977770402758
373	0.0010041274037903242
374	0.000971610487878671
375	0.000940115202980725
376	0.0009096106378857811
377	0.0008800667718607264
378	0.0008514544508075095
379	0.0008237453638053287
380	0.0007969120202708615
381	0.0007709277277260869
382	0.0007457665700871307
383	0.0007214033864567446
384	0.0006978137505198446
385	0.0006749739503440553
386	0.0006528609687842432
387	0.0006314524643030933
388	0.0006107267523601166
389	0.0005906627871297616
390	0.0005712401438647385
391	0.0005524390015399592
392	0.0005342401260762469
393	0.0005166248538952435
394	0.0004995750759508875
395	0.00048307322205926734
396	0.0004671022459829386
397	0.00045164561031044045
398	0.00043668727233106905
399	0.00042221166992672876
400	0.00040820370788437795
401	0.000394648744709609
402	0.0003815325795590863
403	0.00036884143976462024
404	0.00035656196849975265
405	0.00034468121290229063
406	0.00033318661232486217
407	0.00032206598730482954
408	0.0003113075282242369
409	0.0003008997848343761
410	0.00029083165579175165
411	0.0002810923785016679
412	0.00027167151927475424
413	0.00026255896373452727
414	0.00025374490749535005
415	0.0002452198470461128
416	0.0002369745710423701
417	0.00022900015158872487
418	0.00022128793599789982
419	0.00021382953862300198
420	0.000206616833031653
421	0.00019964194428287598
422	0.00019289724140492028
423	0.00018637533038203446
424	0.0001800690468735035
425	0.0001739714494501524
426	0.00016807581298485284
427	0.00016237562220855915
428	0.00015686456524995952
429	0.00015153652778320253
430	0.0001463855868668792
431	0.00014140600539730948
432	0.00013659222635948887
433	0.00013193886739569136
434	0.00012744071559753933
435	0.00012309272233450012
436	0.00011888999830575122
437	0.00011482780864474359
438	0.00011090156828271064
439	0.00010710683729025522
440	0.00010343931658535756
441	0.00009989484352523256
442	0.00009646938777033951
443	0.00009315904720929997
444	0.00008996004400570308
445	0.00008686872092203786
446	0.00008388153737148621
447	0.00008099506598040825
448	0.00007820598911359302
449	0.00007551109534596752
450	0.00007290727631675816
451	0.00007039152342865102
452	0.00006796092482813002
453	0.00006561266239029155
454	0.00006334400869188011
455	0.00006115232433878693
456	0.00005903505513942488
457	0.000056989729450641965
458	0.000055013955605526225
459	0.000053105419349554905
460	0.00005126188154001063
461	0.00004948117564848656
462	0.00004776120555299375
463	0.000046099943353119464
464	0.0000444954270729934
465	0.00004294575874425496
466	0.00004144910236451113
467	0.000040003681750275736
468	0.00003860777889988958
469	0.000037259731981316756
470	0.000035957933558311176
471	0.00003470082896083071
472	0.000033486914542680556
473	0.00003231473596651626
474	0.000031182886800721425
475	0.000030090006868305788
476	0.000029034780811241306
477	0.00002801593663113571
478	0.000027032244329316634
479	0.000026082514567346556
480	0.000025165597287786447
481	0.000024280380521674823
482	0.000023425789160219753
483	0.000022600783690922423
484	0.00002180435916776061
485	0.00002103554396334835
486	0.00002029339882067662
487	0.000019577015709364605
488	0.000018885516860466403
489	0.00001821805377382541
490	0.000017573806198157433
491	0.0000169519814003312
492	0.00001635181301075597
493	0.000015772560412873104
494	0.000015213507688356026
495	0.000014673963005193995
496	0.000014153257709742025
497	0.00001365074552468818
498	0.000013165802026736164
499	0.000012697823656900517
500	0.000012246227225493855
501	0.000011810449229464507
502	0.000011389945065969286
503	0.000010984188618080209
504	0.000010592671392934051
505	0.000010214902251317072
506	9.850406559291713e-6
507	9.498725737864523e-6
508	9.159416778647162e-6
509	8.8320517032815e-6
510	8.516217076198067e-6
511	8.211513395200204e-6
512	7.917554845057019e-6
513	7.63396871035203e-6
514	7.3603949315103325e-6
515	7.09648571736361e-6
516	6.841905126069631e-6
517	6.596328748309665e-6
518	6.359443135936401e-6
519	6.130945623768684e-6
520	5.910543920428323e-6
521	5.697955667957205e-6
522	5.492908218517394e-6
523	5.295138246579036e-6
524	5.1043914666426345e-6
525	4.920422344505141e-6
526	4.7429937337930085e-6
527	4.571876687926427e-6
528	4.406850084215066e-6
529	4.247700470052176e-6
530	4.094221675246878e-6
531	3.946214693471226e-6
532	3.803487375679784e-6
533	3.665854163968165e-6
534	3.533135959088943e-6
535	3.4051598221863995e-6
536	3.2817588105403502e-6
537	3.1627717630699744e-6
538	3.0480431049556704e-6
539	2.9374226483704215e-6
540	2.8307653659637546e-6
541	2.727931371228533e-6
542	2.6287855449199115e-6
543	2.533197485278894e-6
544	2.4410413620747324e-6
545	2.3521956733026114e-6
546	2.266543210847263e-6
547	2.183970787637736e-6
548	2.104369221801642e-6
549	2.0276330817803036e-6
550	1.9536606420355917e-6
551	1.8823537418357998e-6
552	1.8136176415817315e-6
553	1.7473609724538497e-6
554	1.6834954688172736e-6
555	1.6219360332977025e-6
556	1.5626004648500427e-6
557	1.5054095688704775e-6
558	1.4502868331370481e-6
559	1.3971584624603074e-6
560	1.345953267665626e-6
561	1.2966025528005096e-6
562	1.249040024883559e-6
563	1.2032017508214616e-6
564	1.159026064562183e-6
565	1.116453375137039e-6
566	1.075426363515221e-6
567	1.0358895441174594e-6
568	9.977895329275103e-7
569	9.610747772438117e-7
570	9.256955530507879e-7
571	8.91603863372744e-7
572	8.587535079845926e-7
573	8.270998073881353e-7
574	7.965997446068549e-7
575	7.672117856847101e-7
576	7.388958719592312e-7
577	7.116134119175222e-7
578	6.85327123291861e-7
579	6.600010978025769e-7
580	6.356006664514807e-7
581	6.120924383441996e-7
582	5.894441893609902e-7
583	5.676248248128539e-7
584	5.466043666264361e-7
585	5.263539150338397e-7
586	5.068456097016004e-7
587	4.880525903064379e-7
588	4.6994893132707106e-7
589	4.525096266402892e-7
590	4.3571062440148336e-7
591	4.1952865929163837e-7
592	4.0394133696693187e-7
593	3.889270411608666e-7
594	3.7446499251051865e-7
595	3.605350784401139e-7
596	3.471179621011077e-7
597	3.341949877188487e-7
598	3.217481362038302e-7
599	3.097601082801912e-7
600	2.9821415180431484e-7
601	2.8709414427931855e-7
602	2.763845730891346e-7
603	2.6607046401955e-7
604	2.561373348997197e-7
605	2.465713035072273e-7
606	2.3735893799626656e-7
607	2.2848733875953628e-7
608	2.19943987904176e-7
609	2.1171690843054894e-7
610	2.037945132261003e-7
611	1.9616566063257648e-7
612	1.888195283716305e-7
613	1.817458248072466e-7
614	1.7493453266345517e-7
615	1.6837601604754783e-7
616	1.6206099758678284e-7
617	1.5598050921341346e-7
618	1.5012599953728044e-7
619	1.4448907519381035e-7
620	1.3906179103950314e-7
621	1.3383641724679256e-7
622	1.288054938613992e-7
623	1.2396191195076982e-7
624	1.1929875827700676e-7
625	1.1480934342928409e-7
626	1.1048728284192734e-7
627	1.0632641983263488e-7
628	1.0232077456581762e-7
629	9.84645984976491e-8
630	9.475245558332271e-8
631	9.117893283237434e-8
632	8.773895937432391e-8
633	8.442754308935641e-8
634	8.123998415905278e-8
635	7.817166410702008e-8
636	7.521815318476459e-8
637	7.237526501738313e-8
638	6.963879139185168e-8
639	6.700490310396251e-8
640	6.446969775603483e-8
641	6.202957429506727e-8
642	5.968099378228627e-8
643	5.742053361473431e-8
644	5.5244915194155415e-8
645	5.3151004877657865e-8
646	5.1135788050278043e-8
647	4.919626240085473e-8
648	4.73296804111361e-8
649	4.553328142284157e-8
650	4.3804480489096994e-8
651	4.21407614662778e-8
652	4.053965054816627e-8
653	3.8998878737165433e-8
654	3.751613959054862e-8
655	3.608930570998254e-8
656	3.4716267205064645e-8
657	3.3395013237901164e-8
658	3.212363258772361e-8
659	3.0900232810910506e-8
660	2.9723021941132823e-8
661	2.8590309023927803e-8
662	2.75003686967094e-8
663	2.6451631680169418e-8
664	2.544257656919906e-8
665	2.4471675652527327e-8
666	2.3537531345743038e-8
667	2.2638740358922087e-8
668	2.1773975701970828e-8
669	2.0941987058982086e-8
670	2.014151915330082e-8
671	1.937142124818992e-8
672	1.8630483379285204e-8
673	1.7917682736750406e-8
674	1.7231937731093805e-8
675	1.657221757906085e-8
676	1.593754254981564e-8
677	1.5326984205115345e-8
678	1.4739638167917281e-8
679	1.4174596791255495e-8
680	1.3631059214608164e-8
681	1.3108221690949404e-8
682	1.260525012180385e-8
683	1.212141775343027e-8
684	1.1656022864290624e-8
685	1.1208361322318135e-8
686	1.0777726638758761e-8
687	1.0363520418074802e-8
688	9.965142237045346e-9
689	9.581934437573475e-9
690	9.213347877743565e-9
691	8.858831633675098e-9
692	8.517860707549495e-9
693	8.189908454509619e-9
694	7.874474314160477e-9
695	7.571111616811787e-9
696	7.279316877826794e-9
697	6.998696082087665e-9
698	6.728826256869369e-9
699	6.469283195314348e-9
700	6.219669251717477e-9
701	5.979613429608516e-9
702	5.7487436808681596e-9
703	5.5267425271988966e-9
704	5.313235964364324e-9
705	5.1079324713948025e-9
706	4.9104840506973706e-9
707	4.720597502784943e-9
708	4.538034551133423e-9
709	4.362444811763318e-9
710	4.193644297928779e-9
711	4.031281200477237e-9
712	3.875198148749822e-9
713	3.7250699113682345e-9
714	3.5807379933115755e-9
715	3.4419876158023e-9
716	3.3085476442154443e-9
717	3.180230167777769e-9
718	3.056874764687955e-9
719	2.9382647197572375e-9
720	2.824210817873954e-9
721	2.714551396713065e-9
722	2.609152396562225e-9
723	2.50776753525874e-9
724	2.4103459745771345e-9
725	2.316668727936084e-9
726	2.2265724252714782e-9
727	2.140005392851385e-9
728	2.056747718620444e-9
729	1.9766912061825933e-9
730	1.899783467757111e-9
731	1.8258037950406678e-9
732	1.7546993552214566e-9
733	1.6863330501746222e-9
734	1.6206236434109407e-9
735	1.5574336401894485e-9
736	1.4967375409467725e-9
737	1.4383694588439848e-9
738	1.3822474768083474e-9
739	1.3282895346227646e-9
740	1.2764695657264404e-9
741	1.2266210552258967e-9
742	1.1787176816243168e-9
743	1.1326768786744224e-9
744	1.0884159643962431e-9
745	1.045880228839279e-9
746	1.0049586989631649e-9
747	9.656807287102752e-10
748	9.279070782004187e-10
749	8.916107660849054e-10
750	8.567085549660532e-10
751	8.231452226141615e-10
752	7.909216734445239e-10
753	7.599263627137443e-10
754	7.30160073507169e-10
755	7.015673375900538e-10
756	6.740364260970313e-10
757	6.4762417114734e-10
758	6.222187453210436e-10
759	5.978206878340092e-10
760	5.743461854859638e-10
761	5.517956987247595e-10
762	5.301134435470463e-10
763	5.092998106721578e-10
764	4.892989502716997e-10
765	4.70083087224881e-10
766	4.515963165402484e-10
767	4.338389131995589e-10
768	4.1678302447560075e-10
769	4.0040077526256354e-10
770	3.8463617306226417e-10
771	3.6948940377200847e-10
772	3.549606298131368e-10
773	3.409657167834973e-10
774	3.275328894631319e-10
775	3.1463416984492126e-10
776	3.022415691526693e-10
777	2.903270896284047e-10
778	2.7886272631350196e-10
779	2.6787661887908005e-10
780	2.5731266180828493e-10
781	2.471428277488508e-10
782	2.373952174708241e-10
783	2.2804178021893068e-10
784	2.1902640865647826e-10
785	2.1037717221801066e-10
786	2.0206601379752624e-10
787	1.9406488077363605e-10
788	1.8640180527043763e-10
789	1.790206854384301e-10
790	1.7197756482859992e-10
791	1.6516028968876696e-10
792	1.5862489301954035e-10
793	1.5234331524550518e-10
794	1.4631551705013527e-10
795	1.4054144995142572e-10
796	1.3496506436548341e-10
797	1.296143203451372e-10
798	1.2448916204426688e-10
799	1.1953357154199704e-10
800	1.1480345750652292e-10
801	1.1024281388963244e-10
802	1.0587955214301016e-10
803	1.0168565032824541e-10
804	9.763310877864888e-11
805	9.374982096462533e-11
806	9.003571785762266e-11
807	8.64628053162353e-11
808	8.303102633140733e-11
809	7.974031895963259e-11
810	7.656272152694717e-11
811	7.352607396253694e-11
812	7.060242232492253e-11
813	6.779171185117285e-11
814	6.509388387614168e-11
815	6.250887584488444e-11
816	6.000877955637558e-11
817	5.76213852738094e-11
818	5.534661932168535e-11
819	5.312877796333624e-11
820	5.102344554448146e-11
821	4.8974951405125517e-11
822	4.7038834681912354e-11
823	4.5159459081061936e-11
824	4.333679288170968e-11
825	4.1626305605115675e-11
826	3.997241537486302e-11
827	3.8375083837217156e-11
828	3.683427075032878e-11
829	3.53776414544123e-11
830	3.394972561196796e-11
831	3.2605880568134855e-11
832	3.129067789494205e-11
833	3.005942497249041e-11
834	2.882908762617881e-11
835	2.7710232046953048e-11
836	2.6592232014314064e-11
837	2.5530328828432932e-11
838	2.4496864836522443e-11
839	2.351940476585756e-11
840	2.2570313456806618e-11
841	2.1677127385646525e-11
842	2.0812234499808974e-11
843	1.9975608411016953e-11
844	1.9167221826303942e-11
845	1.8387046551172936e-11
846	1.766254659871455e-11
847	1.6966171002530398e-11
848	1.6270423360351066e-11
849	1.5630215874318366e-11
850	1.4990599796595052e-11
851	1.440642866448881e-11
852	1.3822809447722778e-11
853	1.3267143355369191e-11
854	1.2739394231303798e-11
855	1.2212162544758588e-11
856	1.1712803361301738e-11
857	1.126861027751448e-11
858	1.0824864764156726e-11
859	1.0381573294955908e-11
860	9.938742331217946e-12
861	9.550916461120735e-12
862	9.163499738632063e-12
863	8.803734567502258e-12
864	8.444357045462128e-12
865	8.112576333161277e-12
866	7.781160355652578e-12
867	7.450113840356541e-12
868	7.17374903707749e-12
869	6.8976950536627484e-12
870	6.621955777723736e-12
871	6.346535089396821e-12
872	6.071436860925923e-12
873	5.850799631333439e-12
874	5.603372183245505e-12
875	5.3562428566981134e-12
876	5.163442853317447e-12
877	4.943879716625469e-12
878	4.751565892793738e-12
879	4.5594901339471366e-12
880	4.367655067139042e-12
881	4.20298547085317e-12
882	4.038524334479106e-12
883	3.874273880794441e-12
884	3.710236328053519e-12
885	3.546413889735528e-12
886	3.409635973140901e-12
887	3.273038833104108e-12
888	3.163412610099799e-12
889	3.0003941501005003e-12
890	2.891099172767316e-12
891	2.7819524621881954e-12
892	2.672955445173343e-12
893	2.5641095457455433e-12
894	2.4554161849629763e-12
895	2.3468767807484997e-12
896	2.265120555451872e-12
897	2.1834798717306634e-12
898	2.0753693261598335e-12
899	1.9939837121596734e-12
900	1.912716879490017e-12
901	1.831569863069721e-12
902	1.7505436955104246e-12
903	1.6961203258790961e-12
904	1.6417769334013432e-12
905	1.561076316131501e-12
906	1.480500416064933e-12
907	1.4264446025612092e-12
908	1.3724716696714415e-12
909	1.3185822808305525e-12
910	1.2647770981514373e-12
911	1.2110567823334e-12
912	1.157421992574002e-12
913	1.103873386484206e-12
914	1.076649971430785e-12
915	1.0232529532368022e-12
916	9.961367143327186e-13
917	9.428934398568674e-13
918	8.897393851561205e-13
919	8.889221819309675e-13
920	8.359018888948066e-13
921	7.829725289322409e-13
922	7.822412072661013e-13
923	7.294483537931962e-13
924	7.027539711244967e-13
925	6.761051346569079e-13
926	6.49502150896422e-13
927	6.229453257340427e-13
928	5.964349643984448e-13
929	5.699713714104152e-13
930	5.694158994497164e-13
931	5.171857047595325e-13
932	5.166761639156285e-13
933	4.903779545122867e-13
934	4.641279187545619e-13
935	4.636638109884923e-13
936	4.117735667047788e-13
937	4.113571306811609e-13
938	4.109395803307413e-13
939	3.8488420363714453e-13
940	3.588785796761392e-13
941	3.585087081140043e-13
942	3.325778223931853e-13
943	3.066974682327807e-13
944	3.063763914516996e-13
945	3.0605452568506986e-13
946	2.8027540811381343e-13
947	2.5454778170417683e-13
948	2.542759884034118e-13
949	2.540035661457193e-13
950	2.537305062603473e-13
951	2.281320782842775e-13
952	2.0258627355601606e-13
953	2.0236472306857925e-13
954	2.021426968188293e-13
955	2.0192018752700302e-13
956	2.0169718832702025e-13
957	1.7631023624184132e-13
958	1.7611344754261343e-13
959	1.5080729989562565e-13
960	1.506370720115016e-13
961	1.5046651076808064e-13
962	1.5029561054261622e-13
963	1.501243660285178e-13
964	1.4995277222338083e-13
965	1.2483763544126605e-13
966	1.246932737746292e-13
967	9.966142930946809e-14
968	9.954464146943286e-14
969	9.942766127370915e-14
970	9.931048439114339e-14
971	9.919310672311894e-14
972	9.907552439474109e-14
973	9.895773374635208e-14
974	9.883973132536379e-14
975	9.872151387839577e-14
976	9.860307834370791e-14
977	7.388239350462346e-14
978	7.379250512533202e-14
979	7.370247481824955e-14
980	7.361229975765405e-14
981	4.903641983888406e-14
982	4.8975273512578613e-14
983	4.891405730792965e-14
984	4.8852768537578997e-14
985	4.879140464992799e-14
986	4.8729963223981035e-14
987	4.866844196438299e-14
988	4.86068386966421e-14
989	4.8545151362533115e-14
990	4.848337801567154e-14
991	4.842151681725539e-14
992	4.8359566031965506e-14
993	4.829752402402049e-14
994	4.8235389253379644e-14
995	4.817316027208777e-14
996	4.811083572075824e-14
997	4.8048414325187116e-14
998	4.798589489309466e-14
999	4.792327631098991e-14
1000	2.3945847421431948e-14