1	1.7662096356400354e6
2	1.7183146344655997e6
3	1.671406204905695e6
4	1.6254815825592692e6
5	1.5805367310608272e6
6	1.5365664414361513e6
7	1.4935644259846562e6
8	1.451523406941848e6
9	1.4104352001651973e6
10	1.3702907940768995e6
11	1.3310804240875556e6
12	1.2927936427156073e6
13	1.2554193856085446e6
14	1.218946033663333e6
15	1.1833614714353085e6
16	1.1486531420167862e6
17	1.1148080985590164e6
18	1.0818130526036955e6
19	1.0496544193831382e6
20	1.0183183602413479e6
21	987790.8223216286
22	958057.575660014
23	929104.2478176774
24	900916.3561795923
25	873479.3380410661
26	846778.5785983043
27	820799.4369539566
28	795527.2702435507
29	770947.4559838949
30	747045.4127399005
31	723806.6192018166
32	701216.6317605911
33	679261.1006649962
34	657925.7848401879
35	637196.565443634
36	617059.4582307024
37	597500.6247987557
38	578506.382775266
39	560063.215012289
40	542157.7778465907
41	524776.9084818056
42	507907.6315462096
43	491537.16487702855
44	475652.9245796429
45	460242.52940760815
46	445293.80450707814
47	430794.78456698224
48	416733.71641417634
49	403099.0610907517
50	389879.49544873467
51	377063.91329555976
52	364641.426121922
53	352601.36344191304
54	340933.27277375467
55	329626.91928787465
56	318672.2851476288
57	308059.56856655143
58	297779.1826047045
59	287821.75372540555
60	278178.12013242266
61	268839.32990656386
62	259796.6389594913
63	251041.50882155902
64	242565.60427946487
65	234360.79087858755
66	226419.1323039527
67	218732.88765295572
68	211294.5086121303
69	204096.63654949982
70	197132.09953332186
71	190393.90928732703
72	183875.25809192003
73	177569.5156401728
74	171470.2258568545
75	165571.10368818603
76	159866.03186947847
77	154349.05767731066
78	149014.3896724271
79	143856.39443909653
80	138869.59332623464
81	134048.65919521102
82	129388.41317886149
83	124883.82145589383
84	120529.99204451274
85	116322.17161879574
86	112255.74235103255
87	108326.21878297407
88	104529.24472865816
89	100860.5902112406
90	97316.14843601835
91	93891.93280161005
92	90584.07395105895
93	87388.8168644198
94	84302.51799421622
95	81321.64244497911
96	78442.76119791831
97	75662.54838163285
98	72977.77858961956
99	70385.3242452161
100	67882.15301448586
101	65465.32526744576
102	63131.99158792622
103	60879.39033225928
104	58704.84523689841
105	56605.763074987255
106	54579.63136182206
107	52624.01610907284
108	50736.55962757048
109	48914.97837839784
110	47157.060871976275
111	45460.665614776524
112	43823.71910324526
113	42244.2138644936
114	40720.20654325094
115	39249.81603455876
116	37831.221661642536
117	36462.661398375356
118	35142.43013571787
119	33868.87799150057
120	32640.408662891903
121	31455.477820881166
122	30312.591546086616
123	29210.304805190684
124	28147.219967292738
125	27121.985359457092
126	26133.29386073437
127	25179.88153392221
128	24260.526294332678
129	23374.04661482867
130	22519.300266391525
131	21695.183093483225
132	20900.627823467286
133	20134.602909353758
134	19396.11140514093
135	18684.18987302621
136	17997.9073217675
137	17336.364175479583
138	16698.691272159132
139	16084.04889123672
140	15491.625809464718
141	14920.63838445465
142	14370.329665190735
143	13839.968528851019
144	13328.8488432806
145	12836.28865446941
146	12361.62939839609
147	11904.235136613617
148	11463.491814957697
149	11038.806544775025
150	10629.606906073683
151	10235.34027201465
152	9855.473154169167
153	9489.490567982648
154	9136.895417891928
155	8797.207901558735
156	8469.964932689416
157	8154.719581924981
158	7851.040535294273
159	7558.511569736866
160	7276.731045209144
161	7005.311412903556
162	6743.878739116244
163	6492.072244313026
164	6249.543856952076
165	6015.957781633282
166	5790.990081154028
167	5574.328272062097
168	5365.670933305533
169	5164.7273275899415
170	4971.217035063979
171	4784.869598961862
172	4605.42418284343
173	4432.629239079743
174	4266.242188242048
175	4106.02910906177
176	3951.764438637425
177	3803.2306825717837
178	3660.2181347339197
179	3522.5246063470368
180	3389.9551641110056
181	3262.321877079122
182	3139.443572012372
183	3021.145596946624
184	2907.259592712003
185	2797.623272153448
186	2692.080206807503
187	2590.479620797431
188	2492.676191716908
189	2398.5298582765263
190	2307.905634497599
191	2220.6734302404575
192	2136.707877863415
193	2055.888164812892
194	1978.0978719519892
195	1903.2248174412546
196	1831.1609059882926
197	1761.8019832920309
198	1695.0476955101685
199	1630.801353583742
200	1568.9698022598109
201	1509.4632936557728
202	1452.19536521421
203	1397.0827219040593
204	1344.0451225239744
205	1293.0052699734385
206	1243.8887053570688
207	1196.6237057943072
208	1151.1411858089045
209	1107.374602179638
210	1065.2598621330014
211	1024.7352347667495
212	985.7412655933439
213	948.2206940983384
214	912.1183742111334
215	877.381197587738
216	843.9580196106431
217	811.7995880128325
218	780.8584740349934
219	751.0890060297644
220	722.447205428997
221	694.8907249921423
222	668.3787892568533
223	642.8721371166773
224	618.3329664510687
225	594.7248807374596
226	572.0128375755983
227	550.1630990587568
228	529.1431839265205
229	508.92182143757464
230	489.4689069019747
231	470.75545881538176
232	452.75357753825807
233	435.43640546690494
234	418.7780886431734
235	402.75373975210977
236	387.33940245916176
237	372.5120170394947
238	358.24938725368384
239	344.5301484254685
240	331.33373667961905
241	318.6403592981202
242	306.43096615534824
243	294.68722219377935
244	283.3914809030227
245	272.5267587667529
246	262.07671064290156
247	252.02560604331612
248	242.35830628166426
249	233.060242457304
250	224.117394246433
251	215.51626947050116
252	207.2438844143361
253	199.28774486754608
254	191.63582786201147
255	184.27656408161275
256	177.19882091918853
257	170.39188615745732
258	163.8454522517191
259	157.54960119199848
260	151.49478992409922
261	145.67183630945854
262	140.07190560329818
263	134.6864974333595
264	129.50743326092288
265	124.5268443052086
266	119.73715991636394
267	115.13109637898467
268	110.70164613131519
269	106.44206738493025
270	102.34587412953307
271	98.40682650998082
272	94.61892156098394
273	90.97638428654875
274	87.47365907173462
275	84.10540141472407
276	80.86646996657747
277	77.75191886860762
278	74.75699037519409
279	71.87710775258569
280	69.10786844276518
281	66.44503748298492
282	63.884541171578256
283	61.42246097046166
284	59.05502763670528
285	56.77861557295414
286	54.58973739055445
287	52.48503867606376
288	50.46129295416246
289	48.51539683989903
290	46.644365372714034
291	44.84532752597562
292	43.11552188519719
293	41.4522924889404
294	39.853084826025814
295	38.31544198367488
296	36.837000940418456
297	35.41548899877991
298	34.04872035264526
299	32.734592783653234
300	31.471084482635273
301	30.256250990633788
302	29.088222255739257
303	27.965199800847923
304	26.885453998536562
305	25.847321448979578
306	24.849202457016197
307	23.889558604445003
308	22.96691041465285
309	22.07983510507945
310	21.226964425283466
311	20.406982576531473
312	19.61862421063783
313	18.86067250432696
314	18.13195730665836
315	17.43135335708061
316	16.75777857055624
317	16.11019238825693
318	15.487594190731766
319	14.889021771204703
320	14.313549867192318
321	13.760288747623875
322	13.228382854065188
323	12.717009493099358
324	12.225377578810082
325	11.752726423327024
326	11.298324572821516
327	10.86146868843477
328	10.441482469266989
329	10.037715616949212
330	9.649542839281999
331	9.276362892136106
332	8.91759765756072
333	8.572691257325332
334	8.241109200371122
335	7.922337562379565
336	7.615882197039965
337	7.321267977383531
338	7.038038065775955
339	6.765753212353606
340	6.503991079696828
341	6.252345593759914
342	6.010426319171629
343	5.777857859067783
344	5.554279277050226
345	5.339343542087336
346	5.13271699396516
347	4.934078829599217
348	4.74312060905637
349	4.5595457801334085
350	4.383069221389401
351	4.213416802769981
352	4.050324962769761
353	3.893540302119891
354	3.7428191927108796
355	3.597927402021681
356	3.4586397311409134
357	3.3247396676115377
358	3.1960190507416018
359	3.0722777506011942
360	2.953323358302166
361	2.8389708892067924
362	2.7290424968918012
363	2.6233671980856283
364	2.5217806087681742
365	2.4241246895337327
366	2.3302475015001893
367	2.240002971011588
368	2.1532506638896534
369	2.069855567960092
370	1.9896878842128969
371	1.9126228256448732
372	1.838540424352974
373	1.767325345538122
374	1.698866708948831
375	1.6330579171654662
376	1.5697964904100967
377	1.5089839076224736
378	1.4505254539928571
379	1.3943300740291917
380	1.3403102303605015
381	1.288381768057766
382	1.2384637841350739
383	1.1904785020223738
384	1.144351151000513
385	1.1000098501023794
386	1.0573854966493803
387	1.0164116589590217
388	0.9770244733245517
389	0.9391625447377934
390	0.9027668517281017
391	0.8677806546010103
392	0.8341494074296163
393	0.8018206732828507
394	0.7707440428058746
395	0.7408710557645273
396	0.7121551261500616
397	0.6845514692652485
398	0.6580170325402136
399	0.6325104284798133
400	0.6079918702757255
401	0.5844231101124637
402	0.561767379512561
403	0.5399893323472955
404	0.5190549897676241
405	0.49893168744695565
406	0.47958802458559247
407	0.4609938154667455
408	0.44312004201061495
409	0.42593880896181513
410	0.40942330041732444
411	0.3935477380679
412	0.3782873411039787
413	0.36361828764553533
414	0.3495176776729394
415	0.33596349732121
416	0.32293458477004355
417	0.31041059710974744
418	0.2983719788092164
419	0.2867999311913746
420	0.2756763832431838
421	0.26498396339917546
422	0.2547059723976435
423	0.2448263575800053
424	0.2353296875703124
425	0.2262011283465267
426	0.21742642018741373
427	0.20899185548235966
428	0.2008842571439086
429	0.19309095840088242
430	0.18559978276398495
431	0.17839902532543644
432	0.17147743432352533
433	0.1648241936150747
434	0.158428905909825
435	0.15228157651135202
436	0.14637259777947612
437	0.14069273408242333
438	0.13523310747553074
439	0.12998518374280227
440	0.12494075925989721
441	0.12009194807241193
442	0.11543116964836055
443	0.11095113703227048
444	0.106644845461176
445	0.1025055616117712
446	0.09852681281391175
447	0.09470237714795529
448	0.0910262737605855
449	0.08749275337397522
450	0.08409628948588031
451	0.08083156962220661
452	0.07769348713973312
453	0.07467713324736067
454	0.07177778922113964
455	0.06899091922083334
456	0.06631216311852019
457	0.06373732970464326
458	0.06126239015939493
459	0.05888347170012888
460	0.05659685168129706
461	0.054398951627555675
462	0.0522863317349723
463	0.05025568553601314
464	0.04830383457676912
465	0.04642772363844673
466	0.044624415944082826
467	0.04289108837135428
468	0.04122502732880498
469	0.03962362433501173
470	0.03808437195915638
471	0.03660486001348186
472	0.03518277172043571
473	0.033815880001897565
474	0.03250204418372838
475	0.03123920652269423
476	0.030025389040023318
477	0.028858690406781778
478	0.02773728300594308
479	0.026659410085562246
480	0.025623382939250972
481	0.024627578342946776
482	0.023670436016174974
483	0.02275045610731444
484	0.02186619697264931
485	0.02101627278959925
486	0.02019935152377276
487	0.019414152749454083
488	0.018659445696934722
489	0.01793404731791112
490	0.01723682036858887
491	0.01656667181934339
492	0.01592255088798985
493	0.015303447645584969
494	0.014708391224435671
495	0.01413644849311784
496	0.013586722477270224
497	0.01305835091699313
498	0.012550505123148944
499	0.012062388415247927
500	0.01159323506207742
501	0.011142309068905605
502	0.010708902893769313
503	0.010292336540532424
504	0.009891956253969473
505	0.009507133793530633
506	0.009137265187025156
507	0.008781769878940976
508	0.008440089865899949
509	0.00811168879906263
510	0.007796051154513729
511	0.007492681309806733
512	0.007201102970161461
513	0.006920858298119292
514	0.006651507190730016
515	0.006392626622827972
516	0.006143809975656738
517	0.005904666471032108
518	0.005674820390143958
519	0.005453910658016012
520	0.005241590231956743
521	0.0050375254748425535
522	0.004841395732426538
523	0.004652892774830823
524	0.004471720341721948
525	0.004297593691077371
526	0.004130239091945358
527	0.00396939347959435
528	0.003814803955028791
529	0.0036662274860167804
530	0.0035234304129119934
531	0.0033861881949680834
532	0.0032542850009440647
533	0.0031275133420971754
534	0.0030056738259971435
535	0.002888574774611532
536	0.0027760319630062767
537	0.0026678683207672937
538	0.0025639136552063416
539	0.0024640043765846364
540	0.0023679832057364844
541	0.002275699059786029
542	0.0021870066457658835
543	0.0021017663302076105
544	0.0020198439317896636
545	0.001941110437514592
546	0.0018654418960142175
547	0.0017927191172104932
548	0.0017228275877124322
549	0.001655657192761333
550	0.0015911021145684993
551	0.0015290606539193074
552	0.001469435052978549
553	0.001412131396685639
554	0.0013570593408790174
555	0.001304132112532395
556	0.0012532662399658153
557	0.0012043815932404256
558	0.0011574010776791918
559	0.0011122506179529305
560	0.0010688590270008956
561	0.0010271578757875181
562	0.0009870813830860897
563	0.000948566344354556
564	0.0009115520227685913
565	0.0008759799643002247
566	0.0008417941201526107
567	0.0008089404713836771
568	0.0007773672097739467
569	0.000747024497781947
570	0.0007178644396877098
571	0.0006898409767142234
572	0.0006629099161310736
573	0.0006370286937849208
574	0.0006121564612519134
575	0.0005882539255585095
576	0.0005652833227023857
577	0.0005432083913841173
578	0.0005219942331490063
579	0.0005016073438137425
580	0.00048201549332830326
581	0.00046318773871893937
582	0.00044509432358870774
583	0.0004277066348217891
584	0.00041099717842672193
585	0.00039493953668146687
586	0.0003795083255273967
587	0.0003646791522075372
588	0.00035042855431748104
589	0.0003367339767992448
590	0.00032357378668449534
591	0.0003109271375301003
592	0.0002987740222118839
593	0.0002870951942162867
594	0.0002758722017901114
595	0.0002650872533798921
596	0.0002547232896058019
597	0.00024476390530601326
598	0.0002351933093303429
599	0.00022599637794771876
600	0.00021715852136458308
601	0.00020866573739538693
602	0.00020050459036399085
603	0.00019266215285336017
604	0.00018512596633625078
605	0.00017788411363843114
606	0.00017092510517833316
607	0.0001642379329361692
608	0.00015781195708572385
609	0.00015163701581082063
610	0.00014570331213876046
611	0.00014000144952196647
612	0.0001345223376296681
613	0.00012925733918506597
614	0.00012419808324003163
615	0.00011933653802872151
616	0.00011466499117137158
617	0.00011017601150105146
618	0.00010586252177998658
619	0.00010171761294308682
620	0.0000977347461300251
621	0.0000939075855547077
622	0.0000902300345142622
623	0.00008669628967826435
624	0.00008330072969615024
625	0.00008003793285950715
626	0.00007690273144471133
627	0.0000738901557361134
628	0.00007099539660235036
629	0.00006821384155178692
630	0.00006554112899488765
631	0.00006297294593560908
632	0.000060505247343759146
633	0.000058134072338000034
634	0.000055855690090233235
635	0.000053666452885323574
636	0.0000515628688286872
637	0.00004954163781128369
638	0.00004759946846079883
639	0.00004573335149893351
640	0.000043940249105784126
641	0.00004221734987725587
642	0.000040561904308496656
643	0.000038971260932114264
644	0.00003744288416063054
645	0.00003597435390344402
646	0.000034563347026966876
647	0.00003320756441829975
648	0.000031904894152698706
649	0.00003065322959819376
650	0.000029450596218572862
651	0.00002829507871257727
652	0.000027184802701959585
653	0.000026118043156906755
654	0.000025093061176228256
655	0.000024108248604915683
656	0.00002316201924201323
657	0.00002225286292425126
658	0.000021379345294820297
659	0.000020540053448536666
660	0.000019733649942104794
661	0.000018958872572324847
662	0.00001821444407842432
663	0.00001749919819606216
664	0.00001681200736284906
665	0.000016151746615957798
666	0.00001551738346323047
667	0.000014907887771704067
668	0.000014322285628431542
669	0.00001375965918245556
670	0.000013219092647396485
671	0.000012699744029600364
672	0.00001220073735074969
673	0.000011721324006885942
674	0.000011260721227563144
675	0.000010818183759370725
676	0.000010393003761893565
677	9.984510705335495e-6
678	9.592053387941275e-6
679	9.214982002868848e-6
680	8.852719583253751e-6
681	8.504690393835332e-6
682	8.170302064236564e-6
683	7.849034823827762e-6
684	7.540387826179893e-6
685	7.243861268968375e-6
686	6.958956379976245e-6
687	6.685246650227926e-6
688	6.422306452289526e-6
689	6.169675435158343e-6
690	5.9269653224736316e-6
691	5.693788624448165e-6
692	5.469776401690659e-6
693	5.254560451027822e-6
694	5.047791055329853e-6
695	4.84915468988147e-6
696	4.65830295999055e-6
697	4.4749590928112795e-6
698	4.298829130955552e-6
699	4.1296196844868534e-6
700	3.967055640069834e-6
701	3.8108801183681602e-6
702	3.6608367293204862e-6
703	3.516704957337348e-6
704	3.378229329897361e-6
705	3.245207891169165e-6
706	3.1174037167556495e-6
707	2.9946156505993405e-6
708	2.876678231882512e-6
709	2.7633556920175394e-6
710	2.654518568849489e-6
711	2.549931799467631e-6
712	2.449484173821532e-6
713	2.3529589255772895e-6
714	2.260245392337272e-6
715	2.1711978896968527e-6
716	2.0856357725728786e-6
717	2.003431511131565e-6
718	1.9244753979478578e-6
719	1.8486227419301326e-6
720	1.775746681028639e-6
721	1.7057381477728555e-6
722	1.6385058354037922e-6
723	1.5738883360045298e-6
724	1.5118474161952256e-6
725	1.4522396050294334e-6
726	1.3949567540395878e-6
727	1.3399610570993544e-6
728	1.2871095732605607e-6
729	1.2363296997842923e-6
730	1.187584003786662e-6
731	1.1407300189430481e-6
732	1.0957305639318908e-6
733	1.052496009325263e-6
734	1.0109718656128642e-6
735	9.710687447933681e-7
736	9.327673508983337e-7
737	8.959610135282379e-7
738	8.60595650855924e-7
739	8.266172667825148e-7
740	7.94006883406863e-7
741	7.626582555906694e-7
742	7.325525657112396e-7
743	7.036361327121604e-7
744	6.758553556814783e-7
745	6.491741523902047e-7
746	6.235216285146901e-7
747	5.989141331113603e-7
748	5.752634640550526e-7
749	5.525512106514864e-7
750	5.307241678485061e-7
751	5.097466120236781e-7
752	4.896176773259081e-7
753	4.702669161982257e-7
754	4.516935437809801e-7
755	4.3386200870530573e-7
756	4.1670204302797053e-7
757	4.002477343794592e-7
758	3.8442890100968507e-7
759	3.6924492006391647e-7
760	3.5464308651166484e-7
761	3.406228357757603e-7
762	3.2714890291738475e-7
763	3.142207654048932e-7
764	3.018032189230344e-7
765	2.8987844237846963e-7
766	2.7841130458339705e-7
767	2.674013770662903e-7
768	2.5683091116985983e-7
769	2.466821817239334e-7
770	2.369201705109986e-7
771	2.275445235704958e-7
772	2.1855489123827015e-7
773	2.0989902002690342e-7
774	2.0159390698674608e-7
775	1.936219475060308e-7
776	1.859655583152322e-7
777	1.7860717716413136e-7
778	1.7152926250137243e-7
779	1.647488461862943e-7
780	1.5823112929994204e-7
781	1.5195861797463153e-7
782	1.4594836560636466e-7
783	1.4018289221925293e-7
784	1.3462748167693298e-7
785	1.292992075255472e-7
786	1.2418063457471264e-7
787	1.1925434624135818e-7
788	1.1453742270192381e-7
789	1.0999522446494143e-7
790	1.056620710020578e-7
791	1.014688881721629e-7
792	9.745000700913687e-8
793	9.358807036937908e-8
794	8.988295398167773e-8
795	8.633453518007756e-8
796	8.290827683921515e-8
797	7.962128637185007e-8
798	7.647345694325592e-8
799	7.343028954339151e-8
800	7.052608847745586e-8
801	6.772637206147514e-8
802	6.504824647575688e-8
803	6.247444013066326e-8
804	5.998769696556353e-8
805	5.760512627654471e-8
806	5.532665258820922e-8
807	5.313503342240364e-8
808	5.103020576247252e-8
809	4.9012107441058175e-8
810	4.706351945415942e-8
811	4.5201545788618015e-8
812	4.340897579830239e-8
813	4.168576061150156e-8
814	4.003185202515457e-8
815	3.844720250116463e-8
816	3.691462745269962e-8
817	3.5451224844643966e-8
818	3.4056949034238864e-8
819	3.269749887577708e-8
820	3.140709881622401e-8
821	3.0151461433170076e-8
822	2.896479951317222e-8
823	2.7812839140686856e-8
824	2.669555656419532e-8
825	2.5647147368472794e-8
826	2.4633357419855826e-8
827	2.3654164094352824e-8
828	2.2709545089304414e-8
829	2.181657605183036e-8
830	2.0941037150689796e-8
831	2.0117099441341626e-8
832	1.931055534711482e-8
833	1.855556502672328e-8
834	1.780084960356311e-8
835	1.7114728011619685e-8
836	1.642885260308713e-8
837	1.577737051747633e-8
838	1.5143190134190093e-8
839	1.4543370240534547e-8
840	1.3960825093817773e-8
841	1.3412608570921842e-8
842	1.2881640705262375e-8
843	1.2367911367552117e-8
844	1.1871410581650827e-8
845	1.1392128523803202e-8
846	1.0947107090560696e-8
847	1.0519280207672126e-8
848	1.009159196709991e-8
849	9.698128878919089e-9
850	9.304791122260531e-9
851	8.945655724146508e-9
852	8.586632843769865e-9
853	8.244755591552167e-9
854	7.920015481761456e-9
855	7.595374186831145e-9
856	7.287858060003254e-9
857	7.014484427182014e-9
858	6.741192179623892e-9
859	6.4679801867754226e-9
860	6.194847322312739e-9
861	5.9558257541372096e-9
862	5.716872500184209e-9
863	5.494998963707682e-9
864	5.273187593932728e-9
865	5.068445695474791e-9
866	4.8637600562331295e-9
867	4.6591298478570726e-9
868	4.488558475912425e-9
869	4.318032944279614e-9
870	4.147552567438636e-9
871	3.977116662368163e-9
872	3.8067245485304786e-9
873	3.6703603660608964e-9
874	3.5170405874484824e-9
875	3.3637589114653325e-9
876	3.2444884339315205e-9
877	3.108262573483924e-9
878	2.989052730322973e-9
879	2.8698715859472604e-9
880	2.750718673970244e-9
881	2.648571552443623e-9
882	2.5464483344471457e-9
883	2.4443486231529695e-9
884	2.3422720231437875e-9
885	2.240218140405364e-9
886	2.15515631709949e-9
887	2.0701132402828056e-9
888	2.0020551529355942e-9
889	1.900082022817582e-9
890	1.8320567215514373e-9
891	1.7640458515616788e-9
892	1.6960491543693176e-9
893	1.6280663724020784e-9
894	1.5600972489900503e-9
895	1.4921415283614178e-9
896	1.441153705110159e-9
897	1.3901760087533344e-9
898	1.3222562451271446e-9
899	1.2712995723392892e-9
900	1.2203524347899698e-9
901	1.1694146434991318e-9
902	1.118486010143202e-9
903	1.0845118446245546e-9
904	1.0505439827810558e-9
905	9.996392608779907e-10
906	9.487429906567457e-10
907	9.147956470605774e-10
908	8.808540677566054e-10
909	8.469181291603559e-10
910	8.129877081141316e-10
911	7.790626818853762e-10
912	7.451429281650772e-10
913	7.112283250662033e-10
914	6.942517199002268e-10
915	6.603460348981296e-10
916	6.433761073103767e-10
917	6.094789367599931e-10
918	5.755863529579582e-10
919	5.755543761920268e-10
920	5.416687659286962e-10
921	5.077874241634213e-10
922	5.077609634349427e-10
923	4.738860787316384e-10
924	4.569388068695473e-10
925	4.399937230781503e-10
926	4.230507682389098e-10
927	4.0610988343683447e-10
928	3.8917100995989183e-10
929	3.722340892984334e-10
930	3.7221806615152273e-10
931	3.383658733919518e-10
932	3.383520654048265e-10
933	3.214217034262415e-10
934	3.0449302357049804e-10
935	3.0448161368642356e-10
936	2.706404810024828e-10
937	2.7063093778594503e-10
938	2.706216928414969e-10
939	2.536994487981767e-10
940	2.367785828034084e-10
941	2.367712723274572e-10
942	2.1985249009345582e-10
943	2.029349360921652e-10
944	2.02929332285987e-10
945	2.0292394808474792e-10
946	1.8600888433074862e-10
947	1.6909486347430418e-10
948	1.6909092274400035e-10
949	1.6908716308107487e-10
950	1.6908358400288813e-10
951	1.5217216652464388e-10
952	1.3526157253845103e-10
953	1.3525914036718964e-10
954	1.3525685112378924e-10
955	1.3525470442432783e-10
956	1.352526998852811e-10
957	1.183444824830702e-10
958	1.1834297628671193e-10
959	1.0143565155080298e-10
960	1.0143457175694707e-10
961	1.014335971493155e-10
962	1.0143272744185041e-10
963	1.0143196234872547e-10
964	1.0143130158433717e-10
965	8.452562071941287e-11
966	8.452524325034598e-11
967	6.761996160713844e-11
968	6.761979740624777e-11
969	6.761970180785691e-11
970	6.761967462233184e-11
971	6.761971566014713e-11
972	6.761982473188042e-11
973	6.76200016482071e-11
974	6.762024621989504e-11
975	6.762055825779948e-11
976	6.762093757285796e-11
977	5.071603798206386e-11
978	5.071642295892598e-11
979	5.071685796859554e-11
980	5.0717342869485115e-11
981	3.381191834670043e-11
982	3.3812307852525257e-11
983	3.381273033615263e-11
984	3.381318570329255e-11
985	3.381367385967475e-11
986	3.381419471104655e-11
987	3.38147481631705e-11
988	3.3815334121822405e-11
989	3.3815952492789175e-11
990	3.3816603181866685e-11
991	3.381728609485783e-11
992	3.381800113757043e-11
993	3.3818748215815287e-11
994	3.381952723540425e-11
995	3.3820338102148224e-11
996	3.3821180721855403e-11
997	3.3822055000329285e-11
998	3.382296084336697e-11
999	3.382389815675721e-11
1000	1.6912433423139394e-11