1	0.46470366715953226
2	0.9166994788017989
3	1.3559541611040573
4	1.7824457619589642
5	2.196163992488285
6	2.5971104601825874
7	2.9852988041736364
8	3.360754742425378
9	3.723516039948139
10	4.073632406497535
11	4.411165331612482
12	4.736187864274226
13	5.04878434392881
14	5.349050089107233
15	5.637091049399282
16	5.9130234260874
17	6.176973266324079
18	6.429076035339565
19	6.669476170794017
20	6.898326623039278
21	7.11578838472808
22	7.3220300129024904
23	7.517227146406977
24	7.701562021203884
25	7.87522298591951
26	8.038404019716019
27	8.191304254367434
28	8.334127502216298
29	8.467081791499627
30	8.590378910359078
31	8.704233960688182
32	8.808864922820394
33	8.904492231923259
34	8.991338366836262
35	9.069627451972233
36	9.139584872794092
37	9.201436905278785
38	9.255410359689504
39	9.301732238893413
40	9.340629411386207
41	9.372328299115278
42	9.397054580130362
43	9.415032906033419
44	9.426486634148088
45	9.431637574282794
46	9.430705749920003
47	9.423909173627498
48	9.411463636454366
49	9.39358251104602
50	9.370476568187021
51	9.34235380645867
52	9.309419294679747
53	9.27187502678247
54	9.229919788762931
55	9.183749037334067
56	9.13355478990081
57	9.079525525470464
58	9.021846096106668
59	8.960697648532372
60	8.896257555485871
61	8.828699356434008
62	8.758192707247861
63	8.684903338448924
64	8.608993021637083
65	8.530619543716524
66	8.449936688540514
67	8.36709422560269
68	8.28223790540862
69	8.195509461169138
70	8.107046616464537
71	8.016983098536961
72	7.925448656877016
73	7.8325690867794195
74	7.738466257551797
75	7.643258145069843
76	7.547058868381927
77	7.449978730075632
78	7.352124260128179
79	7.253598262973061
80	7.154499867524223
81	7.054924579909335
82	6.954964338673102
83	6.8547075722212165
84	6.754239258285019
85	6.653640985196294
86	6.552991014770831
87	6.45236434660845
88	6.351832783626141
89	6.25146499864958
90	6.151326601896981
91	6.051480209197407
92	5.951985510794002
93	5.852899340590264
94	5.754275745705568
95	5.656166056213233
96	5.558618954941947
97	5.461680547228496
98	5.36539443051618
99	5.269801763700383
100	5.174941336128747
101	5.080849636169791
102	4.987560919269585
103	4.895107275421872
104	4.803518695982562
105	4.712823139764601
106	4.623046598354559
107	4.5342131605967495
108	4.446345076195799
109	4.359462818392475
110	4.273585145672423
111	4.188729162470913
112	4.104910378840981
113	4.022142769055855
114	3.9404388291200085
115	3.859809633166625
116	3.7802648887222485
117	3.7018129908225474
118	3.6244610749658124
119	3.548215068893477
120	3.4730797431896
121	3.3990587606934857
122	3.326154724721832
123	3.254369226099094
124	3.183702888996466
125	3.1141554155818936
126	3.045725629485228
127	2.9784115180841333
128	2.91221027361803
129	2.847118333138611
130	2.783131417306771
131	2.7202445680470575
132	2.65845218507178
133	2.5977480612878643
134	2.538125417100671
135	2.479576933629562
136	2.4220947848509784
137	2.365670668685358
138	2.3102958370448774
139	2.2559611248596076
140	2.202656978100026
141	2.150373480814407
142	2.0991003811998605
143	2.048827116726205
144	1.9995428383320248
145	1.9512364337125767
146	1.903896549719331
147	1.8575116138910277
148	1.812069855136331
149	1.7675593235880809
150	1.7239679096492606
151	1.6812833622507206
152	1.6394933063406913
153	1.5985852596260344
154	1.5585466485850321
155	1.5193648237714596
156	1.4810270744294858
157	1.443520642438827
158	1.4068327356092645
159	1.3709505403436133
160	1.3358612336878535
161	1.301551994786937
162	1.2680100157645817
163	1.235222512045018
164	1.2031767321344164
165	1.1718599668794474
166	1.141259558220127
167	1.1113629074537315
168	1.0821574830263634
169	1.0536308278683653
170	1.0257705662894472
171	0.9985644104491125
172	0.9720001664176253
173	0.9460657398423888
174	0.9207491412343448
175	0.8960384908886009
176	0.8719220234532186
177	0.8483880921596864
178	0.8254251727283594
179	0.8030218669617294
180	0.7811669060381132
181	0.7598491535180025
182	0.7390576080749521
183	0.7187814059626447
184	0.6990098232293699
185	0.6797322776908541
186	0.6609383306721054
187	0.6426176885285616
188	0.6247602039566003
189	0.6073558771030706
190	0.5903948564833112
191	0.5738674397167446
192	0.557764074088901
193	0.5420753569484262
194	0.526792035947313
195	0.5119050091324107
196	0.49740532489589767
197	0.48328418179221583
198	0.4695329282286689
199	0.4561430620366508
200	0.44310622993023185
201	0.4304142268585454
202	0.41805899525826584
203	0.40603262421214764
204	0.3943273485194356
205	0.3829355476837181
206	0.3718497448235712
207	0.3610626055111429
208	0.3505669365436476
209	0.3403556846524925
210	0.3304219351546227
211	0.3207589105504404
212	0.31135996907251884
213	0.30221860318908744
214	0.29332843806619624
215	0.2846832299921799
216	0.2762768647679896
217	0.2681033560667432
218	0.2601568437657155
219	0.25243159225381795
220	0.24492198871753562
221	0.23762254140808012
222	0.2305278778924284
223	0.2236327432907847
224	0.21693199850287026
225	0.2104206184253148
226	0.20409369016234782
227	0.19794641123182732
228	0.19197408776856986
229	0.1861721327268341
230	0.18053606408368716
231	0.1750615030449406
232	0.16974417225517577
233	0.16457989401336187
234	0.15956458849543392
235	0.1546942719851256
236	0.14996505511430142
237	0.14537314111390523
238	0.1409148240766232
239	0.13658648723223737
240	0.13238460123661858
241	0.12830572247522776
242	0.1243464913819147
243	0.12050363077378448
244	0.11677394420279633
245	0.1131543143247465
246	0.10964170128621434
247	0.10623314112999174
248	0.10292574421949952
249	0.09971669368260538
250	0.09660324387526799
251	0.09358271886533188
252	0.09065251093680524
253	0.08781007911489212
254	0.08505294771201663
255	0.08237870489504802
256	0.07978500127390607
257	0.07726954851167651
258	0.07483011795636463
259	0.07246453929436195
260	0.07017069922569667
261	0.06794654016109893
262	0.06579005894088326
263	0.06369930557565169
264	0.06167238200879424
265	0.05970744090069581
266	0.057802684434633725
267	0.055956363144239775
268	0.05416677476243997
269	0.052432263091758705
270	0.050751216895829294
271	0.04912206881200429
272	0.04754329428487678
273	0.046013410520546826
274	0.044530975461464825
275	0.043094586781656924
276	0.04170288090211775
277	0.04035453202618965
278	0.03904825119468167
279	0.03778278536053429
280	0.03655691648277791
281	0.03536946063955958
282	0.03421926716000149
283	0.03310521777462424
284	0.032026225784130544
285	0.030981235246225713
286	0.02996922018029631
287	0.02898918378962787
288	0.02804015770092386
289	0.02712120122086886
290	0.026231400609449586
291	0.02536986836978506
292	0.024535742554186956
293	0.023728186086192822
294	0.022946386098287235
295	0.02218955328506589
296	0.02145692127154465
297	0.02074774599636753
298	0.0200613051096526
299	0.019396897385175724
300	0.018753842146672042
301	0.018131478707950035
302	0.01752916582659303
303	0.01694628117095748
304	0.016382220800229906
305	0.015836398657281956
306	0.015308246074067968
307	0.01479721128930183
308	0.01430275897820374
309	0.013824369794008425
310	0.013361539921056188
311	0.01291378063917126
312	0.012480617899141027
313	0.01206159190901036
314	0.011656256730986
315	0.011264179888741198
316	0.010884941984834732
317	0.010518136328090831
318	0.010163368570678235
319	0.00982025635467042
320	0.009488428967909144
321	0.00916752700891472
322	0.008857202060688806
323	0.008557116373138326
324	0.008266942553986625
325	0.007986363267965832
326	0.007715070944033479
327	0.007452767490519356
328	0.007199164017921289
329	0.006953980569258402
330	0.006716945857723422
331	0.0064877970115146105
332	0.006266279325621919
333	0.006052146020449552
334	0.0058451580070924
335	0.005645083659058109
336	0.00545169859034567
337	0.005264785439685309
338	0.005084133660760608
339	0.004909539318343786
340	0.004740804890090098
341	0.004577739073943804
342	0.004420156600927842
343	0.004267878053286077
344	0.004120729687695375
345	0.003978543263581723
346	0.003841155876256217
347	0.0037084097948554256
348	0.0035801523049265585
349	0.003456235555491785
350	0.0033365164105378904
351	0.0032208563047985425
352	0.003109121103673396
353	0.0030011809672415746
354	0.0028969102181873084
355	0.0027961872136289924
356	0.0026988942205957932
357	0.0026049172952547447
358	0.002514146165579114
359	0.00242647411756402
360	0.002341797884668242
361	0.002260017540643855
362	0.002181036395458279
363	0.002104760894298382
364	0.0020311005196496767
365	0.0019599676961793025
366	0.0018912776985526279
367	0.0018249485619292547
368	0.0017609009952049236
369	0.0016990582968037938
370	0.0016393462730385554
371	0.0015816931588822866
372	0.0015260295412019497
373	0.0014722882842432027
374	0.0014204044574118364
375	0.001370315265243416
376	0.0013219599794908798
377	0.0012752798732672932
378	0.0012302181572481571
379	0.0011867199177756217
380	0.0011447320568696176
381	0.0011042032340917083
382	0.0010650838101892944
383	0.0010273257924664902
384	0.0009908827818595112
385	0.0009557099216194048
386	0.0009217638476080661
387	0.0008890026401154894
388	0.0008573857771950352
389	0.0008268740894129732
390	0.0007974297160548245
391	0.0007690160626538171
392	0.000741597759882293
393	0.0007151406237035059
394	0.0006896116167865443
395	0.0006649788111019811
396	0.000641211351787002
397	0.0006182794219895077
398	0.0005961542089819477
399	0.0005748078712509793
400	0.0005542135066412167
401	0.0005343451215463769
402	0.0005151776010152356
403	0.0004966866798741824
404	0.0004788489147167862
405	0.00046164165682063943
406	0.0004450430258757181
407	0.00042903188466419543
408	0.0004135878143819886
409	0.00039869109090579543
410	0.0003843226617462371
411	0.00037046412374770304
412	0.0003570977015157536
413	0.0003442062265344462
414	0.00033177311695939263
415	0.00031978235804911576
416	0.0003082184832741064
417	0.00029706655596634064
418	0.0002863121516308472
419	0.0002759413407871055
420	0.00026594067240110766
421	0.0002562971578234123
422	0.00024699825524585376
423	0.00023803185475213204
424	0.00022938626372184096
425	0.000221050192802299
426	0.00021301274232929395
427	0.0002052633891869112
428	0.00019779197403978124
429	0.00019058868910989827
430	0.0001836440662154439
431	0.0001769489653331207
432	0.00017049456343082336
433	0.00016427234371392337
434	0.00015827408524727747
435	0.0001524918528867739
436	0.00014691798756655313
437	0.00014154509688110272
438	0.0001363660460152476
439	0.00013137394892822666
440	0.00012656215990100963
441	0.00012192426529206686
442	0.00011745407561139153
443	0.0001131456178407841
444	0.00010899312801133416
445	0.00010499104407878729
446	0.00010113399892047563
447	0.0000974168136879922
448	0.00009383449134057196
449	0.00009038221034700288
450	0.00008705531868530751
451	0.00008384932796731227
452	0.00008075990781796237
453	0.00007778288041765602
454	0.0000749142151966313
455	0.00007215002379137888
456	0.00006948655509828145
457	0.00006692019052207203
458	0.00006444743938598742
459	0.00006206493447560481
460	0.00005976942779300362
461	0.0000575577863706008
462	0.00005542698829525109
463	0.00005337411885398326
464	0.00005139636675372773
465	0.00004949102056928248
466	0.00004765546525423227
467	0.00004588717871659358
468	0.00004418372865488281
469	0.000042542769365456686
470	0.00004096203871596398
471	0.00003943935525195472
472	0.000037972615349980885
473	0.000036559790459535284
474	0.000035198924524460824
475	0.00003388813139802879
476	0.00003262559240064073
477	0.000031409553939412864
478	0.0000302383252276754
479	0.00002911027607611761
480	0.000028023834733231693
481	0.00002697748584795013
482	0.000025969768478792555
483	0.00002499927414724931
484	0.00002406464502342212
485	0.000023164572091222177
486	0.0000222977934641805
487	0.000021463092684556178
488	0.00002065929712923587
489	0.000019885276451793298
490	0.000019139941058939685
491	0.000018422240726912265
492	0.00001773116311516681
493	0.000017065732503475522
494	0.000016425008416260872
495	0.00001580808443384338
496	0.00001521408693827588
497	0.000014642173928936063
498	0.000014091533966676677
499	0.000013561384989543777
500	0.000013050973328306508
501	0.000012559572687240879
502	0.000012086483117267558
503	0.000011631030144671669
504	0.000011192563771653407
505	0.000010770457706729409
506	0.000010364108419597443
507	9.972934357274406e-6
508	9.596375171404898e-6
509	9.233890947957122e-6
510	8.88496147659789e-6
511	8.549085497599932e-6
512	8.225780095411667e-6
513	7.914579991998174e-6
514	7.61503690838255e-6
515	7.326718963664251e-6
516	7.049210079887988e-6
517	6.782109439379397e-6
518	6.525030867823875e-6
519	6.2776023714396415e-6
520	6.039465607252481e-6
521	5.810275356150972e-6
522	5.589699086601384e-6
523	5.377416473026504e-6
524	5.173118964306779e-6
525	4.976509362190639e-6
526	4.787301384624544e-6
527	4.605219303132306e-6
528	4.42999752375505e-6
529	4.261380258128156e-6
530	4.099121120601661e-6
531	3.942982831870552e-6
532	3.792736864320001e-6
533	3.6481631108118356e-6
534	3.509049610521723e-6
535	3.3751922231766336e-6
536	3.2463943598366707e-6
537	3.1224667032565245e-6
538	3.0032269426443668e-6
539	2.888499514185401e-6
540	2.7781153384894267e-6
541	2.6719116403459825e-6
542	2.5697316455526382e-6
543	2.4714244022392258e-6
544	2.3768445731158585e-6
545	2.285852197649951e-6
546	2.198312536545543e-6
547	2.1140958338226242e-6
548	2.033077178638673e-6
549	1.9551362839222153e-6
550	1.8801573474483966e-6
551	1.808028881764631e-6
552	1.7386435475563415e-6
553	1.671898025898473e-6
554	1.6076928138596044e-6
555	1.5459321476574533e-6
556	1.4865238042496456e-6
557	1.4293790489214573e-6
558	1.374412424455143e-6
559	1.321541677474793e-6
560	1.2706876337381565e-6
561	1.2217740758327742e-6
562	1.174727632291592e-6
563	1.1294776873517063e-6
564	1.0859562748449324e-6
565	1.0440979373261658e-6
566	1.0038397344010332e-6
567	9.65121013895932e-7
568	9.278834520777247e-7
569	8.920708929212111e-7
570	8.576292906521982e-7
571	8.245066169512788e-7
572	7.926528353063891e-7
573	7.620197459762227e-7
574	7.325609916257013e-7
575	7.042319426342861e-7
576	6.769896494934083e-7
577	6.50792796849923e-7
578	6.25601601919256e-7
579	6.013777995656299e-7
580	5.780845526059235e-7
581	5.55686430025306e-7
582	5.34149329029074e-7
583	5.134404267575678e-7
584	4.935281427574676e-7
585	4.7438209292088316e-7
586	4.5597304440124576e-7
587	4.382728714587523e-7
588	4.212545024188115e-7
589	4.048918869206936e-7
590	3.8915998373961574e-7
591	3.740346710589344e-7
592	3.594927554042798e-7
593	3.455119127462817e-7
594	3.320706894279142e-7
595	3.1914841486614954e-7
596	3.067252236466125e-7
597	2.9478199916732347e-7
598	2.8330033752590604e-7
599	2.72262561999929e-7
600	2.6165163822323874e-7
601	2.5145118978032335e-7
602	2.4164547452250095e-7
603	2.3221934117825948e-7
604	2.231581963204119e-7
605	2.1444803258338944e-7
606	2.060753562349915e-7
607	1.9802720627835092e-7
608	1.9029108252048062e-7
609	1.8285499623518306e-7
610	1.7570739897256187e-7
611	1.6883719331509504e-7
612	1.6223367223135884e-7
613	1.558865924207429e-7
614	1.4978606290772977e-7
615	1.4392257787538005e-7
616	1.3828699846320446e-7
617	1.3287052440628165e-7
618	1.2766472833315658e-7
619	1.2266144466254013e-7
620	1.1785287738171413e-7
621	1.1323149976805357e-7
622	1.0879006888419662e-7
623	1.0452165113181907e-7
624	1.004195535376534e-7
625	9.647732854708272e-8
626	9.268880036482304e-8
627	8.904802827423334e-8
628	8.554928046562249e-8
629	8.21870504309493e-8
630	7.895608447193151e-8
631	7.585126023769464e-8
632	7.286771029050691e-8
633	7.000071143646016e-8
634	6.724576637208641e-8
635	6.459851432540044e-8
636	6.205477026050618e-8
637	5.961054311080387e-8
638	5.7261924663097065e-8
639	5.5005248216983015e-8
640	5.2836901930700834e-8
641	5.0753477269942334e-8
642	4.8751668804518364e-8
643	4.6828293071193223e-8
644	4.498029685970828e-8
645	4.3204754789301084e-8
646	4.149885604618808e-8
647	3.985985821453605e-8
648	3.828518364108212e-8
649	3.6772307739475356e-8
650	3.531883373546904e-8
651	3.392244679626402e-8
652	3.258090100925683e-8
653	3.1292083855959487e-8
654	3.005391503462342e-8
655	2.88644332591256e-8
656	2.772172822200078e-8
657	2.6623972283147985e-8
658	2.5569419061154105e-8
659	2.4556368580056083e-8
660	2.3583199310985434e-8
661	2.2648366958254732e-8
662	2.1750347213924935e-8
663	2.088771290235301e-8
664	2.0059088097737705e-8
665	1.9263124448419892e-8
666	1.849855632821726e-8
667	1.776414354620767e-8
668	1.7058704127489178e-8
669	1.6381113437012805e-8
670	1.573026932543985e-8
671	1.5105136532433683e-8
672	1.450467779098433e-8
673	1.3927955201834784e-8
674	1.3374027260066933e-8
675	1.2841993499661317e-8
676	1.2330993811579226e-8
677	1.1840207793749445e-8
678	1.136884267658245e-8
679	1.0916121194332017e-8
680	1.048132681640688e-8
681	1.0063757366200565e-8
682	9.662712866264747e-9
683	9.277552470012739e-9
684	8.907659528601676e-9
685	8.552429538245894e-9
686	8.211269594496721e-9
687	7.88364417364567e-9
688	7.569028535296246e-9
689	7.266885036342335e-9
690	6.976732227796029e-9
691	6.698098158513755e-9
692	6.430531588988184e-9
693	6.173589994184611e-9
694	5.926850836582968e-9
695	5.6899229287418365e-9
696	5.462399442512368e-9
697	5.2439276436258246e-9
698	5.034150240521344e-9
699	4.832716730542977e-9
700	4.639294830865291e-9
701	4.4535702449253256e-9
702	4.275234682106596e-9
703	4.104009127227993e-9
704	3.939596574833467e-9
705	3.781740626519094e-9
706	3.630166409726427e-9
707	3.4846274928085056e-9
708	3.3449057758500067e-9
709	3.2107403836651546e-9
710	3.0819456992083137e-9
711	2.9582692276534495e-9
712	2.839545347587245e-9
713	2.7255411159032707e-9
714	2.616098416840968e-9
715	2.5110389399526446e-9
716	2.4101639240172605e-9
717	2.313313483802278e-9
718	2.220342764943228e-9
719	2.1310860529380917e-9
720	2.0453923757653055e-9
721	1.963125425349553e-9
722	1.8841634828682778e-9
723	1.8083394959910568e-9
724	1.7355725601555154e-9
725	1.6657122789936542e-9
726	1.5986343714938602e-9
727	1.5342646734927465e-9
728	1.472459076283421e-9
729	1.4131234041403262e-9
730	1.3561894358852674e-9
731	1.3015185946617558e-9
732	1.2490461840764928e-9
733	1.1986730635719557e-9
734	1.1503257677609497e-9
735	1.1039082348379008e-9
736	1.0593741286035022e-9
737	1.016618159758496e-9
738	9.755725771448977e-10
739	9.361709215759164e-10
740	8.983721829609462e-10
741	8.620760190837307e-10
742	8.272437368966515e-10
743	7.938135231181487e-10
744	7.617245963813787e-10
745	7.30929303049554e-10
746	7.013566639335739e-10
747	6.729973454643118e-10
748	6.457700161811281e-10
749	6.196427832986116e-10
750	5.94560245565985e-10
751	5.704799324184098e-10
752	5.473844847383124e-10
753	5.25208539896817e-10
754	5.039361511217982e-10
755	4.835276636500917e-10
756	4.639196301579632e-10
757	4.4512242592135213e-10
758	4.270737760711844e-10
759	4.097607958601492e-10
760	3.931344787784104e-10
761	3.7718299124898706e-10
762	3.6187053969157494e-10
763	3.471862674021984e-10
764	3.3309529638005495e-10
765	3.1957541371714445e-10
766	3.0659256587722574e-10
767	2.9413759696273123e-10
768	2.821894842029447e-10
769	2.7072756767463445e-10
770	2.597192634418186e-10
771	2.491568546528491e-10
772	2.390329579447137e-10
773	2.2930366167845994e-10
774	2.1997446038621154e-10
775	2.1102657682971707e-10
776	2.024415002274075e-10
777	1.9420097493932295e-10
778	1.8628698967028386e-10
779	1.7870637074576472e-10
780	1.714292777006608e-10
781	1.6443838002629374e-10
782	1.5774117268126887e-10
783	1.5132074257609152e-10
784	1.4514804894135001e-10
785	1.3923117364630288e-10
786	1.3355375009647322e-10
787	1.2809957640304992e-10
788	1.228772564663432e-10
789	1.1785858393081102e-10
790	1.1306480010568904e-10
791	1.084433301146482e-10
792	1.0401569755695749e-10
793	9.976657541251347e-11
794	9.569309250367134e-11
795	9.179250015695559e-11
796	8.803749378375828e-11
797	8.443788449825905e-11
798	8.099125690876048e-11
799	7.767061922640144e-11
800	7.449843258392486e-11
801	7.144789450236105e-11
802	6.852931206571505e-11
803	6.572839672442355e-11
804	6.303094049809739e-11
805	6.044749903659384e-11
806	5.7976361909434143e-11
807	5.560354768901898e-11
808	5.332748706287071e-11
809	5.114667716257665e-11
810	4.9047335689030064e-11
811	4.704042736317374e-11
812	4.51122894008698e-11
813	4.3261658006343404e-11
814	4.1487322777993787e-11
815	3.97881243176883e-11
816	3.8150612281291876e-11
817	3.658606394169848e-11
818	3.509345986183217e-11
819	3.36471496022543e-11
820	3.2270874781896373e-11
821	3.093906961503587e-11
822	2.967554773240012e-11
823	2.8454821731753135e-11
824	2.7276110039747536e-11
825	2.6163320661716777e-11
826	2.5091073576857535e-11
827	2.405868191016368e-11
828	2.3065487752671876e-11
829	2.2123181426054045e-11
830	2.12065158468326e-11
831	2.033955122798133e-11
832	1.9497098399622996e-11
833	1.87032557298565e-11
834	1.792057947680292e-11
835	1.719782163538534e-11
836	1.6485283468218843e-11
837	1.5807133641756957e-11
838	1.5150643420228295e-11
839	1.4527703156681468e-11
840	1.3925624470875221e-11
841	1.3356324714675818e-11
842	1.2807153171769122e-11
843	1.2277768938599903e-11
844	1.1767845394913403e-11
845	1.1277069560726189e-11
846	1.0817412774692838e-11
847	1.0376308753912741e-11
848	9.941217847022842e-12
849	9.536406850152185e-12
850	9.137098636590274e-12
851	8.767565475417368e-12
852	8.403066458371015e-12
853	8.055633481003951e-12
854	7.72505160669917e-12
855	7.398880060046669e-12
856	7.089164126210704e-12
857	6.807938849416959e-12
858	6.530566352497875e-12
859	6.256885166478326e-12
860	5.986741103330322e-12
861	5.7443984396132065e-12
862	5.505284766130449e-12
863	5.281460846316848e-12
864	5.060592024762407e-12
865	4.8547401050335726e-12
866	4.65159181893262e-12
867	4.451034716756944e-12
868	4.277298073531583e-12
869	4.105919981565072e-12
870	3.936802087209018e-12
871	3.769850488810824e-12
872	3.6049755411753792e-12
873	3.4663696182044064e-12
874	3.3175157338451814e-12
875	3.1704806820413714e-12
876	3.04943048552107e-12
877	2.917913709725885e-12
878	2.800096226182539e-12
879	2.683792280582623e-12
880	2.5689394343743044e-12
881	2.4675656927071857e-12
882	2.3675129733510465e-12
883	2.2687267419292524e-12
884	2.1711549466743524e-12
885	2.0747479088450155e-12
886	1.991510995723331e-12
887	1.9093317627199736e-12
888	1.840205065779622e-12
889	1.7479746556101856e-12
890	1.680739246427051e-12
891	1.6143843213105124e-12
892	1.548873637747589e-12
893	1.484172607611318e-12
894	1.4202482238909914e-12
895	1.3570689906327085e-12
896	1.306581862111713e-12
897	1.256765123252972e-12
898	1.1956302934443022e-12
899	1.1470809997561531e-12
900	1.0991231301532428e-12
901	1.0517327120045832e-12
902	1.0048868732711192e-12
903	9.704830161296357e-13
904	9.3656396780951e-13
905	8.91207630511952e-13
906	8.463142894429149e-13
907	8.137503738700071e-13
908	7.815964201370105e-13
909	7.498357762572837e-13
910	7.184525557534601e-13
911	6.874316035293105e-13
912	6.567584632462921e-13
913	6.264193461389103e-13
914	6.082218727591543e-13
915	5.785025548236255e-13
916	5.608814235154174e-13
917	5.317337429225016e-13
918	5.028600091266473e-13
919	4.977958836757892e-13
920	4.694198886548058e-13
921	4.412880324243934e-13
922	4.368782928962946e-13
923	4.0918823102784605e-13
924	3.9343990989405077e-13
925	3.778818739943161e-13
926	3.625065130046033e-13
927	3.473065690103549e-13
928	3.3227512068811273e-13
929	3.174055681890027e-13
930	3.1435316044207983e-13
931	2.8812727260581523e-13
932	2.853471600591746e-13
933	2.7105442875449987e-13
934	2.568948629515847e-13
935	2.544715492799612e-13
936	2.289556503528386e-13
937	2.2675294037501382e-13
938	2.2464285052664843e-13
939	2.1105709920343701e-13
940	1.975779521409201e-13
941	1.9574327107413316e-13
942	1.8245508299404615e-13
943	1.6926284360444605e-13
944	1.676707719206972e-13
945	1.6614537560727213e-13
946	1.5319924108666292e-13
947	1.4033702792176311e-13
948	1.3901706901115645e-13
949	1.377523544718397e-13
950	1.3654031513832172e-13
951	1.239530747872613e-13
952	1.1143766420912486e-13
953	1.1039345645780739e-13
954	1.0939289561343822e-13
955	1.0843394747789801e-13
956	1.0751467087571759e-13
957	9.528058586374875e-14
958	9.444753420790426e-14
959	8.232105332325718e-14
960	8.156772592505224e-14
961	8.084574248559068e-14
962	8.01536373066246e-14
963	7.949001192369627e-14
964	7.88535320539161e-14
965	6.699086511379955e-14
966	6.641776211341438e-14
967	5.464191215205443e-14
968	5.412778915468073e-14
969	5.363512484112308e-14
970	5.3162912636859624e-14
971	5.271019230400676e-14
972	5.227604783063078e-14
973	5.1859605415341124e-14
974	5.1460031542898584e-14
975	5.107653114676637e-14
976	5.07083458547088e-14
977	3.9260765521092556e-14
978	3.893462488524141e-14
979	3.862178492588976e-14
980	3.8321617757449556e-14
981	2.699408236278482e-14
982	2.673126896205786e-14
983	2.647946947750933e-14
984	2.6238164182662525e-14
985	2.600685743033503e-14
986	2.5785076549084465e-14
987	2.5572370789761353e-14
988	2.5368310319913107e-14
989	2.51724852638853e-14
990	2.498450478656186e-14
991	2.4803996218778495e-14
992	2.4630604222529694e-14
993	2.446398999417682e-14
994	2.4303830503940647e-14
995	2.4149817770043245e-14
996	2.4001658165932436e-14
997	2.3859071759096696e-14
998	2.372179168004186e-14
999	2.3589563520066185e-14
1000	1.2693731607957124e-14