1	2.3178391837458543
2	2.241928295151521
3	2.1682586039551435
4	2.096776314737022
5	2.0274282448312797
6	1.960161862320053
7	1.8949253201438019
8	1.831667486563458
9	1.7703379721984827
10	1.7108871538536832
11	1.6532661953370482
12	1.5974270654605838
13	1.5433225534063941
14	1.4909062816308674
15	1.440132716470959
16	1.3909571766079498
17	1.34333583953596
18	1.297225746174678
19	1.2525848037583345
20	1.209371787125863
21	1.1675463385303788
22	1.1270689660796989
23	1.0879010409134091
24	1.05000479321616
25	1.0133433071612195
26	0.9778805148730402
27	0.9435811894924602
28	0.9104109374233689
29	0.8783361898350304
30	0.8473241934898985
31	0.8173430009625974
32	0.7883614603117537
33	0.7603492042626473
34	0.7332766389550256
35	0.7071149323070706
36	0.6818360020432563
37	0.657412503430795
38	0.6338178167664575
39	0.6110260346527988
40	0.5890119491002305
41	0.5677510384888792
42	0.5472194544218668
43	0.5273940084994039
44	0.5082521590409936
45	0.48977199778108677
46	0.4719322365616208
47	0.45471219404312113
48	0.43809178245437214
49	0.42205149439908235
50	0.4065723897364709
51	0.39163608255131466
52	0.37722472822765674
53	0.36332101063913547
54	0.34990812946772615
55	0.33696978766156616
56	0.3244901790415199
57	0.3124539760651495
58	0.3008463177558437
59	0.28965279780400105
60	0.2788594528463716
61	0.2684527509288772
62	0.25841958015756766
63	0.24874723754166855
64	0.23942341803209707
65	0.2304362037582264
66	0.2217740534651511
67	0.2134257921532128
68	0.20538060092107352
69	0.19762800701320446
70	0.19015787407225104
71	0.1829603925963727
72	0.17602607060131162
73	0.16934572448663104
74	0.16291047010527795
75	0.15671171403535084
76	0.15074114505271846
77	0.14499072580290778
78	0.13945268467047545
79	0.13411950784389426
80	0.1289839315738173
81	0.12403893462243398
82	0.11927773090149192
83	0.11469376229643784
84	0.11028069167402707
85	0.10603239607065222
86	0.10194296005855587
87	0.0980066692870244
88	0.09421800419559531
89	0.09057163389625654
90	0.08706241022157443
91	0.08368536193565526
92	0.0804356891048053
93	0.07730875762475088
94	0.07430009390125483
95	0.07140537968096188
96	0.06862044702930097
97	0.06594127345228806
98	0.06336397715905903
99	0.06088481246200277
100	0.058500165311359
101	0.05620654896117976
102	0.05400059976357247
103	0.05187907308817253
104	0.049838839363824446
105	0.047876880239479246
106	0.045990284861359344
107	0.04417624626347002
108	0.0424320578685877
109	0.04075511009688472
110	0.03914288707940051
111	0.03759296347361318
112	0.03610300137840677
113	0.0346707473457752
114	0.03329402948665847
115	0.03197075466834417
116	0.030698905800923045
117	0.029476539210329715
118	0.02830178209555748
119	0.027172830067673046
120	0.02608794476831756
121	0.025045451565421914
122	0.024043737323916452
123	0.023081248249267314
124	0.022156487801709025
125	0.021268014679109343
126	0.02041444086643138
127	0.019594429749821507
128	0.018806694293387532
129	0.01804999527678602
130	0.0173231395917806
131	0.016624978595977273
132	0.015954406521992776
133	0.01531035894035194
134	0.014691811274455851
135	0.014097777366005653
136	0.013527308089310098
137	0.012979490012944692
138	0.012453444107273602
139	0.011948324496385596
140	0.01146331725303112
141	0.01099763923519518
142	0.01055053696296656
143	0.010121285534414687
144	0.009709187579209534
145	0.009313572248764411
146	0.008933794241716258
147	0.008569232863582474
148	0.008219291119483533
149	0.007883394838834261
150	0.007560991830958744
151	0.007251551070594953
152	0.006954561912304262
153	0.00666953333281447
154	0.006395993200369173
155	0.006133487570170507
156	0.005881580005041719
157	0.005639850920455126
158	0.0054078969531012565
159	0.005185330352196881
160	0.004971778392763652
161	0.004766882810116851
162	0.004570299254845951
163	0.004381696767577631
164	0.004200757272841674
165	0.004027175091378673
166	0.0038606564702521958
167	0.003700919130143704
168	0.0035476918292352663
169	0.0034007139430998904
170	0.0032597350600370176
171	0.0031245145913149485
172	0.002994821395792481
173	0.0028704334184144406
174	0.0027511373420920147
175	0.0026367282524912836
176	0.0025270093152719437
177	0.0024217914653364755
178	0.0023208931076576724
179	0.002224139829271839
180	0.0021313641220404443
181	0.0020424051157884237
182	0.001957108321452164
183	0.0018753253838710196
184	0.0017969138438781675
185	0.00172173690935153
186	0.0016496632349015114
187	0.0015805667098820933
188	0.0015143262544197711
189	0.001450825623172724
190	0.0013899532165320208
191	0.0013316018989974932
192	0.0012756688244619863
193	0.0012220552681525478
194	0.001170666464982387
195	0.0011214114540753506
196	0.0010742029292403394
197	0.001028957095169861
198	0.0009855935291533055
199	0.0009440350481020549
200	0.0009042075806846022
201	0.0008660400443840299
202	0.000829464227296584
203	0.0007944146744872753
204	0.0007608285787413817
205	0.0007286456755381251
206	0.0006978081420939219
207	0.0006682605003194677
208	0.0006399495235471533
209	0.000612824146879125
210	0.0005868353810280942
211	0.0005619362295117263
212	0.0005380816090791943
213	0.0005152282732432295
214	0.0004933347388004476
215	0.000472361215229476
216	0.00045226953685373187
217	0.00043302309766339055
218	0.0004145867886985501
219	0.0003969269378925957
220	0.0003800112522815321
221	0.0003638087624898924
222	0.00034828976940671244
223	0.0003334257929638227
224	0.0003191895229396433
225	0.00030555477170696356
226	0.0002924964288534833
227	0.00027999041759845113
228	0.0002680136529394837
229	0.0002565440014605287
230	0.00024556024273785876
231	0.00023504203228044387
232	0.00022496986594780255
233	0.00021532504578421145
234	0.0002060896472166395
235	0.00019724648756355207
236	0.00018877909580176109
237	0.00018067168354248564
238	0.00017290911716990733
239	0.0001654768910972703
240	0.0001583611020945291
241	0.00015154842464788724
242	0.000145026087309094
243	0.00013878184999615407
244	0.00013280398220838022
245	0.00012708124211866848
246	0.00012160285650875644
247	0.00011635850151571338
248	0.00011133828415429037
249	0.00010653272458858625
250	0.00010193273911891352
251	0.00009752962385910039
252	0.0000933150390756241
253	0.00008928099416027823
254	0.00008541983321545379
255	0.00008172422122305216
256	0.00007818713077667755
257	0.0000748018293541136
258	0.00007156186710726238
259	0.00006846106515089405
260	0.00006549350432864499
261	0.00006265351443654673
262	0.00005993566388927279
263	0.00005733474980728283
264	0.00005484578850841747
265	0.00005246400639245875
266	0.00005018483119548246
267	0.00004800388360518794
268	0.000045916969219599976
269	0.00004392007083541288
270	0.000042009341055228964
271	0.00004018109519661345
272	0.00003843180449403064
273	0.00003675808958119095
274	0.00003515671424177544
275	0.00003362457941688524
276	0.00003215871746198392
277	0.000030756286638706865
278	0.00002941456583644503
279	0.000028130949510590433
280	0.000026902942831342005
281	0.000025728157033141033
282	0.00002460430495646394
283	0.00002352919677583528
284	0.00002250073590256325
285	0.00002151691506116875
286	0.000020575812525604808
287	0.00001967558851377648
288	0.00001881448173197779
289	0.000017990806062349692
290	0.00001720294738936744
291	0.000016449360557971708
292	0.000015728566459039996
293	0.00001503914923601641
294	0.000014379753608852962
295	0.000013749082308935438
296	0.000013145893622288836
297	0.00001256899903523618
298	0.000012017260977865414
299	0.000011489590663473484
300	0.00001098494601713857
301	0.000010502329692488712
302	0.000010040787170595356
303	9.59940493953803e-6
304	9.177308750134843e-6
305	8.773661944902829e-6
306	8.38766385733194e-6
307	8.01854827926989e-6
308	7.665581991293888e-6
309	7.328063356965944e-6
310	7.005320974732511e-6
311	6.696712387986539e-6
312	6.4016228482247955e-6
313	6.119464131598723e-6
314	5.849673405378952e-6
315	5.591712141190242e-6
316	5.345065076082922e-6
317	5.1092392160228835e-6
318	4.8837628821291755e-6
319	4.668184797825974e-6
320	4.462073213696237e-6
321	4.2650150704981296e-6
322	4.076615196453766e-6
323	3.896495540359406e-6
324	3.72429443612151e-6
325	3.5596658979002108e-6
326	3.4022789471749165e-6
327	3.2518169664667396e-6
328	3.1079770824249105e-6
329	2.9704695734184324e-6
330	2.8390173036645253e-6
331	2.713355180591027e-6
332	2.593229636410594e-6
333	2.4783981309566408e-6
334	2.3686286754700758e-6
335	2.263699378083248e-6
336	2.163398007512007e-6
337	2.067521575570107e-6
338	1.9758759385598873e-6
339	1.888275413956728e-6
340	1.8045424153264667e-6
341	1.724507101473625e-6
342	1.64800704203222e-6
343	1.5748868953665456e-6
344	1.5049981029019278e-6
345	1.4381985939744285e-6
346	1.3743525055224668e-6
347	1.3133299125605644e-6
348	1.255006570103159e-6
349	1.1992636672973625e-6
350	1.1459875913670498e-6
351	1.0950697014480885e-6
352	1.046406113076766e-6
353	9.998974909701186e-7
354	9.554488517769177e-7
355	9.129693737585244e-7
356	8.723722171512465e-7
357	8.335743494075544e-7
358	7.964963805702268e-7
359	7.610624031900588e-7
360	7.271998422910931e-7
361	6.948393086717259e-7
362	6.639144604731098e-7
363	6.343618707554394e-7
364	6.0612089901026e-7
365	5.791335708399825e-7
366	5.533444605663532e-7
367	5.287005806619227e-7
368	5.051512744679385e-7
369	4.826481147503727e-7
370	4.6114480584471136e-7
371	4.4059709106143535e-7
372	4.2096266259847446e-7
373	4.022010768494247e-7
374	3.842736725540275e-7
375	3.6714349258692263e-7
376	3.507752093798698e-7
377	3.35135053843404e-7
378	3.2019074639918806e-7
379	3.059114319736235e-7
380	2.922676175880692e-7
381	2.792311124333489e-7
382	2.6677497067989797e-7
383	2.548734369312273e-7
384	2.4350189369314534e-7
385	2.326368116351551e-7
386	2.2225570156144997e-7
387	2.123370688239282e-7
388	2.0286036933899258e-7
389	1.938059681560439e-7
390	1.8515509902936158e-7
391	1.76889826499824e-7
392	1.689930090383545e-7
393	1.6144826423073425e-7
394	1.5423993525488477e-7
395	1.4735305930272527e-7
396	1.4077333592928285e-7
397	1.3448709925220175e-7
398	1.2848128887929676e-7
399	1.227434235662218e-7
400	1.1726157581495135e-7
401	1.1202434702399837e-7
402	1.0702084464121922e-7
403	1.0224065934835628e-7
404	9.767384399007223e-8
405	9.331089293321087e-8
406	8.914272305602441e-8
407	8.516065403966934e-8
408	8.135639181427242e-8
409	7.772201063097824e-8
410	7.424993694362393e-8
411	7.09329339064684e-8
412	6.776408641896178e-8
413	6.473678689180897e-8
414	6.18447216101892e-8
415	5.90818578718695e-8
416	5.6442431139102065e-8
417	5.3920933627507364e-8
418	5.151210257833191e-8
419	4.921090958250755e-8
420	4.7012549983625034e-8
421	4.491243313687654e-8
422	4.29061731389813e-8
423	4.0989578985223715e-8
424	3.915864668858102e-8
425	3.7409550716962857e-8
426	3.573863593315572e-8
427	3.4142409961669794e-8
428	3.261753651643996e-8
429	3.1160827686573684e-8
430	2.976923805037803e-8
431	2.8439857687226447e-8
432	2.7169906611350322e-8
433	2.5956728976806585e-8
434	2.4797787337710798e-8
435	2.36906575036397e-8
436	2.2633023400606557e-8
437	2.1622672424194364e-8
438	2.0657490654850322e-8
439	1.9735458737085475e-8
440	1.885464727721687e-8
441	1.8013213134944927e-8
442	1.7209395468964575e-8
443	1.6441512126954535e-8
444	1.570795618637284e-8
445	1.5007192208305755e-8
446	1.4337753696144908e-8
447	1.3698239589652822e-8
448	1.3087311296502839e-8
449	1.2503690268782989e-8
450	1.1946154948267055e-8
451	1.1413538503311223e-8
452	1.0904726185825887e-8
453	1.04186530299312e-8
454	9.954301909631166e-9
455	9.51070100979192e-9
456	9.086922005772052e-9
457	8.682078100018831e-9
458	8.295322141026924e-9
459	7.925844994847581e-9
460	7.572873534326327e-9
461	7.235669366770075e-9
462	6.913527097481758e-9
463	6.605772779623441e-9
464	6.311762854039744e-9
465	6.030882402917503e-9
466	5.762543915531309e-9
467	5.506186492261999e-9
468	5.261274058661144e-9
469	5.0272946380024505e-9
470	4.803759247952621e-9
471	4.590200646860467e-9
472	4.386172502468881e-9
473	4.191248650897459e-9
474	4.0050218183315446e-9
475	3.827103040638549e-9
476	3.6571207478573893e-9
477	3.494720037334946e-9
478	3.3395618629246588e-9
479	3.191322307847234e-9
480	3.049692060134201e-9
481	2.9143756090747076e-9
482	2.7850906317236666e-9
483	2.661567557464923e-9
484	2.543548752919252e-9
485	2.430788253948542e-9
486	2.3230509811343065e-9
487	2.2201124447956005e-9
488	2.1217581764499283e-9
489	2.027783301405709e-9
490	1.9379922436038132e-9
491	1.8521979433696083e-9
492	1.7702219775226584e-9
493	1.6918936931751916e-9
494	1.6170502705727817e-9
495	1.5455360022800431e-9
496	1.477202203459881e-9
497	1.411906977016851e-9
498	1.349514518746202e-9
499	1.2898953496450574e-9
500	1.2329256824640383e-9
501	1.178487193177021e-9
502	1.1264670272411307e-9
503	1.0767571805271485e-9
504	1.0292547336655362e-9
505	9.838610722514005e-10
506	9.404821815822882e-10
507	8.990282717144824e-10
508	8.594135072468251e-10
509	8.215558744044626e-10
510	7.853769917529638e-10
511	7.508021633237862e-10
512	7.177598462585799e-10
513	6.86181734480913e-10
514	6.560026267270903e-10
515	6.271602305358299e-10
516	5.995950489641431e-10
517	5.732501272938149e-10
518	5.480712436089008e-10
519	5.24006479888836e-10
520	5.010061988681783e-10
521	4.790230910023827e-10
522	4.580118949595213e-10
523	4.379294050515327e-10
524	4.187343307938304e-10
525	4.003871882747141e-10
526	3.828503270766402e-10
527	3.660877022270777e-10
528	3.500649561784641e-10
529	3.347491749916597e-10
530	3.201090201198641e-10
531	3.0611446488798985e-10
532	2.92736833686518e-10
533	2.7994879224065675e-10
534	2.677241527973221e-10
535	2.560379408512265e-10
536	2.448662750467513e-10
537	2.341863347321088e-10
538	2.239763112748273e-10
539	2.1421537648870966e-10
540	2.04883700591024e-10
541	1.959621847217753e-10
542	1.874327113318577e-10
543	1.7927793975222932e-10
544	1.7148125101155237e-10
545	1.6402683777732303e-10
546	1.5689950981386175e-10
547	1.50084841317019e-10
548	1.4356896862771043e-10
549	1.3733872682050267e-10
550	1.3138150305457098e-10
551	1.256852314703449e-10
552	1.2023839761634105e-10
553	1.150299239069175e-10
554	1.1004935293378143e-10
555	1.0528659067746344e-10
556	1.007321061511845e-10
557	9.637662970941891e-11
558	9.221143103268966e-11
559	8.822812829381943e-11
560	8.441869539209564e-11
561	8.077547557960152e-11
562	7.729117002030457e-11
563	7.395877059803262e-11
564	7.07715615248403e-11
565	6.772324969373555e-11
566	6.480760658531545e-11
567	6.201891790439778e-11
568	5.935154465929925e-11
569	5.680016648916006e-11
570	5.4359691323242366e-11
571	5.2025292046885763e-11
572	4.9792235393389904e-11
573	4.765613920122122e-11
574	4.561271884029555e-11
575	4.3657930766386813e-11
576	4.178790824878747e-11
577	3.999890155709857e-11
578	3.828740057881416e-11
579	3.6649992028776333e-11
580	3.5083458293887096e-11
581	3.358467134745678e-11
582	3.215066745003571e-11
583	3.0778635418058254e-11
584	2.9465878398496265e-11
585	2.820980785830369e-11
586	2.7007940027952322e-11
587	2.5857894668633277e-11
588	2.47574250028688e-11
589	2.3704391528306355e-11
590	2.2696680568745145e-11
591	2.1732355979697545e-11
592	2.080952366143133e-11
593	1.9926400133733642e-11
594	1.9081210493826313e-11
595	1.8272345915674157e-11
596	1.7498207791139726e-11
597	1.6757282478112714e-11
598	1.6048159896768903e-11
599	1.5369411989382595e-11
600	1.471975608547161e-11
601	1.4097936072538251e-11
602	1.3502718631183119e-11
603	1.2932946769641622e-11
604	1.2387565889220377e-11
605	1.1865483097506435e-11
606	1.1365707940346367e-11
607	1.08872421444276e-11
608	1.0429221517651231e-11
609	9.990724572316872e-12
610	9.570916195803149e-12
611	9.168969651489832e-12
612	8.784183275503843e-12
613	8.415738881544459e-12
614	8.062958107123357e-12
615	7.725172769269751e-12
616	7.40173420008188e-12
617	7.0920505231377395e-12
618	6.795460366804124e-12
619	6.511490152617107e-12
620	6.239537829432387e-12
621	5.979103824762132e-12
622	5.7297218501573665e-12
623	5.490863739650849e-12
624	5.262089285366189e-12
625	5.043006047346711e-12
626	4.833175969932097e-12
627	4.632185013819497e-12
628	4.439685744666336e-12
629	4.255332414702516e-12
630	4.078690059090379e-12
631	3.9095204105482245e-12
632	3.747449520117512e-12
633	3.5922272389164066e-12
634	3.4435037335915403e-12
635	3.3010354110755817e-12
636	3.164569466553848e-12
637	3.03378280443982e-12
638	2.9085413904995666e-12
639	2.7884927961364695e-12
640	2.673512517117819e-12
641	2.56332421320711e-12
642	2.457732993615362e-12
643	2.3565658653000108e-12
644	2.2596392360521163e-12
645	2.1667532884184905e-12
646	2.0777130640841553e-12
647	1.9924290430951515e-12
648	1.910673767312209e-12
649	1.8323417156968556e-12
650	1.7572593872314613e-12
651	1.6852866153014873e-12
652	1.6163385521618205e-12
653	1.5502231678737694e-12
654	1.4868747629776625e-12
655	1.4261390705838282e-12
656	1.3679277945979051e-12
657	1.3121359573326992e-12
658	1.258638533773054e-12
659	1.2073661442622796e-12
660	1.1582229161152379e-12
661	1.111083501116376e-12
662	1.0659216537188002e-12
663	1.0226233289713628e-12
664	9.810892078367365e-13
665	9.412846489897512e-13
666	9.031057842645522e-13
667	8.665085329432312e-13
668	8.314274609713449e-13
669	7.977735766510496e-13
670	7.655110206468832e-13
671	7.345499257560653e-13
672	7.049020955085996e-13
673	6.764426382373973e-13
674	6.49144621888103e-13
675	6.229722317325386e-13
676	5.978790831594738e-13
677	5.738065920457654e-13
678	5.507087056270991e-13
679	5.285767300248449e-13
680	5.073326563987493e-13
681	4.869329868971523e-13
682	4.673937938858864e-13
683	4.486577937976003e-13
684	4.3067205653599673e-13
685	4.1341319509291296e-13
686	3.9688628815612585e-13
687	3.8101824495923155e-13
688	3.65762208870353e-13
689	3.511494666100885e-13
690	3.3713000763011546e-13
691	3.236771993652783e-13
692	3.107604665259889e-13
693	2.9837090433444396e-13
694	2.8649399282289715e-13
695	2.750822288673846e-13
696	2.641604671654458e-13
697	2.5366595633469716e-13
698	2.435802902839996e-13
699	2.339022652711271e-13
700	2.246206359308109e-13
701	2.1571343003329127e-13
702	2.0717398236204964e-13
703	1.9895695456320286e-13
704	1.9108459192858293e-13
705	1.835125958023514e-13
706	1.7626330770563993e-13
707	1.6931818838293288e-13
708	1.6261710600001449e-13
709	1.5621903436893018e-13
710	1.5003294682159112e-13
711	1.4414008611676616e-13
712	1.3844359060579205e-13
713	1.3301842162627132e-13
714	1.277872392300258e-13
715	1.2273587404821804e-13
716	1.1791336893182817e-13
717	1.1329617711792778e-13
718	1.0884176358377731e-13
719	1.0456990044630138e-13
720	1.0048091989177876e-13
721	9.655527745978621e-14
722	9.275311580574538e-14
723	8.915090138235351e-14
724	8.564002118582211e-14
725	8.228259061204412e-14
726	7.909219230516047e-14
727	7.59780800316754e-14
728	7.302043644565352e-14
729	7.019475554592731e-14
730	6.742621315844399e-14
731	6.481122879816474e-14
732	6.228485756957761e-14
733	5.987005323619453e-14
734	5.753864178507065e-14
735	5.53225840005863e-14
736	5.3146193809185714e-14
737	5.1077688596991866e-14
738	4.910531896183258e-14
739	4.722102297364756e-14
740	4.536382887850749e-14
741	4.361727633902149e-14
742	4.192716670108235e-14
743	4.029893959858538e-14
744	3.874120629550554e-14
745	3.723713327173505e-14
746	3.5829826820100596e-14
747	3.4422306933839985e-14
748	3.3091724034158586e-14
749	3.1803393160806357e-14
750	3.058249849966848e-14
751	2.9427953472169725e-14
752	2.8283054638307303e-14
753	2.720893939813802e-14
754	2.615306883421631e-14
755	2.5122820760509883e-14
756	2.4186096089133032e-14
757	2.32375635993763e-14
758	2.234896115313626e-14
759	2.1476740583601292e-14
760	2.0667183684319863e-14
761	1.9879935717796783e-14
762	1.9135152445581118e-14
763	1.8395273092309053e-14
764	1.7683447538438047e-14
765	1.699460879866809e-14
766	1.6354966805836166e-14
767	1.5732268039553077e-14
768	1.5125312028374667e-14
769	1.453411634360477e-14
770	1.3990148354050043e-14
771	1.3465662997361861e-14
772	1.2933723215742194e-14
773	1.2459683357545645e-14
774	1.1988269934980513e-14
775	1.1525940332958813e-14
776	1.1080171586420521e-14
777	1.0659438230700254e-14
778	1.0273191368385301e-14
779	9.869811127677397e-15
780	9.49121989167086e-15
781	9.149414209346974e-15
782	8.794731712846819e-15
783	8.440411152628612e-15
784	8.132009919552552e-15
785	7.821642483167273e-15
786	7.524808410878324e-15
787	7.257822488088244e-15
788	6.974139603042588e-15
789	6.723028590412698e-15
790	6.426823571487027e-15
791	6.2001865836824714e-15
792	5.966392360313686e-15
793	5.745236104798218e-15
794	5.524829336408187e-15
795	5.293608171837735e-15
796	5.1055537405569725e-15
797	4.91760194391117e-15
798	4.7193930452433145e-15
799	4.56669549509409e-15
800	4.384255349165423e-15
801	4.228782262136166e-15
802	4.058349333294524e-15
803	3.897541026212597e-15
804	3.771599167057347e-15
805	3.639286695848124e-15
806	3.4928195880721946e-15
807	3.3584030731617282e-15
808	3.228981233411286e-15
809	3.097686869955783e-15
810	2.9919596243026275e-15
811	2.871387870958776e-15
812	2.7639812309368e-15
813	2.6638995177790535e-15
814	2.5654585076239067e-15
815	2.4631231686112545e-15
816	2.3863277313102683e-15
817	2.295229416614703e-15
818	2.184705395337542e-15
819	2.1201353096655997e-15
820	2.026752489175668e-15
821	1.9706670025451255e-15
822	1.876854843288727e-15
823	1.812143228150559e-15
824	1.7728460516555517e-15
825	1.6835055699523637e-15
826	1.6120059877140429e-15
827	1.5549582655873981e-15
828	1.509065873753881e-15
829	1.4346642544783268e-15
830	1.4014116507313186e-15
831	1.3332191414904536e-15
832	1.3004313973503094e-15
833	1.2265802420348143e-15
834	1.2198162900980097e-15
835	1.1291573373432335e-15
836	1.1006935334655031e-15
837	1.0575531707373252e-15
838	1.0348523222464284e-15
839	9.926894567816424e-16
840	9.665760629361523e-16
841	9.164412607123325e-16
842	8.781859072970744e-16
843	8.499456309971015e-16
844	8.299065963000127e-16
845	8.163033943234661e-16
846	7.685892244375329e-16
847	7.236210218157175e-16
848	7.188888870240625e-16
849	6.746986210872002e-16
850	6.678971537841038e-16
851	6.182662145044816e-16
852	6.033300550731608e-16
853	5.822173527509656e-16
854	5.535156435534247e-16
855	5.560400491548102e-16
856	5.485567440133655e-16
857	4.892343277394211e-16
858	4.576437838419484e-16
859	4.529952553806449e-16
860	4.745296428435692e-16
861	4.392105945669573e-16
862	4.2799195504884944e-16
863	3.9871371531061743e-16
864	3.9187323131092156e-16
865	3.6502828995004706e-16
866	3.5905028667331916e-16
867	3.7335375553419807e-16
868	3.2274416389062603e-16
869	2.906319993372482e-16
870	2.7649147799434414e-16
871	2.7981715870786906e-16
872	3.001231986117027e-16
873	2.5058872522935103e-16
874	2.597699145938179e-16
875	2.8422972039356644e-16
876	2.36138669682178e-16
877	2.4567823482603394e-16
878	2.248672146485382e-16
879	2.1703485719056787e-16
880	2.2181894424945145e-16
881	1.9426263155734743e-16
882	1.782724494752309e-16
883	1.7352349245188466e-16
884	1.7970336995480254e-16
885	1.965117509009353e-16
886	1.7812229343975528e-16
887	1.694171322709105e-16
888	1.2420965389403827e-16
889	1.7999037542234856e-16
890	1.5245969068563562e-16
891	1.3320786687455288e-16
892	1.2200109018737642e-16
893	1.1861449889733584e-16
894	1.2283185848950955e-16
895	1.3444524874984744e-16
896	1.0577881685194603e-16
897	8.371674606537322e-17
898	1.1594763254557646e-16
899	1.0673936624808307e-16
900	1.0359373330282957e-16
901	1.0634344030264589e-16
902	1.1482760774104e-16
903	7.999404753714972e-17
904	5.0176540948783315e-17
905	7.454233500768771e-17
906	1.0405647428727704e-16
907	8.885273729816578e-17
908	7.811436292759996e-17
909	7.171596940043544e-17
910	6.953694491690972e-17
911	7.146127549192448e-17
912	7.737737908185655e-17
913	8.717794576557382e-17
914	4.951859517904134e-17
915	6.656267425065331e-17
916	3.5510334287254926e-17
917	5.941166633590669e-17
918	8.671751920859057e-17
919	1.2639981035431043e-17
920	4.605300030849114e-17
921	8.262386841119744e-17
922	1.621434805631592e-17
923	5.842048621550033e-17
924	5.007487101247369e-17
925	4.413897532394204e-17
926	4.054538220727844e-17
927	3.922922499282301e-17
928	4.0128095647408145e-17
929	4.31819564630419e-17
930	-6.562420850627164e-18
931	5.55258418085225e-17
932	9.333797408384107e-18
933	2.021116695572612e-17
934	3.2974845461138897e-17
935	-8.520987810868218e-18
936	6.397296058860584e-17
937	2.5530142540598983e-17
938	-1.1698539185581396e-17
939	9.324615539936587e-18
940	3.197295164017788e-17
941	-1.3716191389128971e-18
942	2.4165044578834655e-17
943	5.1217773031219597e-17
944	2.1415516223658133e-17
945	-7.445289180845953e-18
946	2.3449881080704167e-17
947	5.573380078193891e-17
948	3.001400616199473e-17
949	5.108560120761123e-18
950	-1.9012071877015034e-17
951	1.7770420623978128e-17
952	5.58082866172843e-17
953	3.4404185751231094e-17
954	1.3679377065546265e-17
955	-6.3907580626928396e-18
956	-2.5829958970815492e-17
957	1.708344069222237e-17
958	-8.911774958885613e-19
959	4.398704259497998e-17
960	2.739674856007089e-17
961	1.1333280499997935e-17
962	-4.222444445815757e-18
963	-1.9288827956746544e-17
964	-3.3883614908277846e-17
965	1.59196932729858e-17
966	2.497822366258201e-18
967	5.4005014308995705e-17
968	4.1697367350036e-17
969	2.9784145598263094e-17
970	1.8251083865017436e-17
971	7.084425937941478e-18
972	-3.72909361400364e-18
973	-1.4202266982836512e-17
974	-2.4347430034785186e-17
975	-3.4176478617043424e-17
976	-4.3700884279938786e-17
977	1.4459755379645963e-17
978	5.8073380084960326e-18
979	-2.571187859791913e-18
980	-1.068574098543784e-17
981	5.003516455526364e-17
982	4.272077456744492e-17
983	3.564394707736514e-17
984	2.879610608280775e-17
985	2.216898142999296e-17
986	1.5754597895940873e-17
987	9.545264661509473e-18
988	3.533565161025506e-18
989	-2.287652705026302e-18
990	-7.925286007253483e-18
991	-1.3385985887154478e-17
992	-1.8676166331571862e-17
993	-2.3802012633439558e-17
994	-2.8769489550153834e-17
995	-3.3584349170315877e-17
996	-3.825213849942412e-17
997	-4.277820677447481e-17
998	-4.716771251727017e-17
999	-5.142563033578513e-17
1000	1.8954679007281814e-17