1	2.6127650222809177e10
2	2.5448186379261734e10
3	2.478163248838452e10
4	2.4128004381369816e10
5	2.3487298590257206e10
6	2.2859493714801723e10
7	2.2244551718890614e10
8	2.164241915955969e10
9	2.1053028351547276e10
10	2.0476298470214558e10
11	1.9912136595555508e10
12	1.9360438699916218e10
13	1.8821090581944225e10
14	1.8293968749191647e10
15	1.777894125170216e10
16	1.7275868468821514e10
17	1.678460385138318e10
18	1.6304994621336172e10
19	1.5836882430799612e10
20	1.5380103982449375e10
21	1.4934491613065435e10
22	1.4499873841994059e10
23	1.4076075886207882e10
24	1.366292014357714e10
25	1.3260226645899023e10
26	1.2867813483167448e10
27	1.248549720050348e10
28	1.211309316910689e10
29	1.1750415932531092e10
30	1.139727952952872e10
31	1.1053497794660835e10
32	1.0718884637811607e10
33	1.0393254303700289e10
34	1.007642161243457e10
35	9.768202182103363e9
36	9.468412634362646e9
37	9.176870783925663e9
38	8.893395812827427e9
39	8.617808430294495e9
40	8.349931019012942e9
41	8.089587768551112e9
42	7.8366047966590605e9
43	7.590810259132718e9
44	7.3520344488990965e9
45	7.120109884947589e9
46	6.894871391703151e9
47	6.6761561694085245e9
48	6.4638038560555935e9
49	6.257656581379823e9
50	6.057559013406675e9
51	5.8633583980151005e9
52	5.674904591960109e9
53	5.492050089774449e9
54	5.31465004494866e9
55	5.142562285768235e9
56	4.975647326167757e9
57	4.813768371943169e9
58	4.656791322645995e9
59	4.504584769466223e9
60	4.357019989394719e9
61	4.2139709359405465e9
62	4.075314226663845e9
63	3.940929127771105e9
64	3.8106975360059686e9
65	3.6845039580563684e9
66	3.5622354876860733e9
67	3.443781780787669e9
68	3.3290350285424843e9
69	3.2178899288625703e9
70	3.1102436562799554e9
71	3.0059958304383893e9
72	2.9050484833341146e9
73	2.807306025443252e9
74	2.712675210865121e9
75	2.621065101603068e9
76	2.5323870310968304e9
77	2.4465545671133275e9
78	2.3634834740959992e9
79	2.28309167506652e9
80	2.205299213166386e9
81	2.1300282129203725e9
82	2.0572028412980356e9
83	1.9867492686445742e9
84	1.9185956295470793e9
85	1.8526719836978188e9
86	1.7889102768115277e9
87	1.7272443016496656e9
88	1.6676096592004569e9
89	1.6099437200599148e9
90	1.5541855860554152e9
91	1.5002760521499815e9
92	1.4481575686624217e9
93	1.3977742038352623e9
94	1.3490716067797863e9
95	1.3019969708246553e9
96	1.2564989972921722e9
97	1.2125278597238872e9
98	1.1700351685749288e9
99	1.1289739363944678e9
100	1.089298543507627e9
101	1.0509647042124317e9
102	1.0139294335035257e9
103	9.781510143328612e8
104	9.435889654159955e8
105	9.102040095911843e8
106	8.779580427371925e8
107	8.468141032544076e8
108	8.167363421127739e8
109	7.876899934688864e8
110	7.596413458536986e8
111	7.325577139312067e8
112	7.064074108277278e8
113	6.811597210305616e8
114	6.567848738540056e8
115	6.332540174701113e8
116	6.105391935008457e8
117	5.886133121678147e8
118	5.674501279950925e8
119	5.470242160602798e8
120	5.2731094878842884e8
121	5.08286473283088e8
122	4.8992768918831325e8
123	4.722122270752102e8
124	4.5511842734626216e8
125	4.386253196503737e8
126	4.2271260280142194e8
127	4.0736062519280463e8
128	3.9255036570036155e8
129	3.7826341506584334e8
130	3.644819577529795e8
131	3.511887542681013e8
132	3.3836712393716e8
133	3.260009281308991e8
134	3.140745539299288e8
135	3.0257289822135156e8
136	2.9148135221860576e8
137	2.8078578639615595e8
138	2.7047253583068556e8
139	2.6052838594043452e8
140	2.5094055861438426e8
141	2.4169669872297978e8
142	2.3278486100218636e8
143	2.2419349730267066e8
144	2.159114441960076e8
145	2.0792791092986253e8
146	2.0023246772415492e8
147	1.9281503440035313e8
148	1.8566586933605975e8
149	1.7877555873722315e8
150	1.7213500622031915e8
151	1.6573542269704488e8
152	1.5956831655408123e8
153	1.5362548412067613e8
154	1.4789900041682276e8
155	1.423812101750086e8
156	1.3706471912855667e8
157	1.3194238555974881e8
158	1.2700731210100128e8
159	1.222528377825267e8
160	1.1767253031997234e8
161	1.1326017863573839e8
162	1.0900978560770833e8
163	1.0491556103931597e8
164	1.0097191484495641e8
165	9.7173450444892e7
166	9.35149583639128e7
167	8.999141002814898e7
168	8.659795175453334e7
169	8.332989892754534e7
170	8.018273035799539e7
171	7.71520828186985e7
172	7.423374575204062e7
173	7.142365614452592e7
174	6.871789356351806e7
175	6.611267535151458e7
176	6.3604351973396204e7
177	6.118940251218179e7
178	5.8864430308973625e7
179	5.6626158742851466e7
180	5.447142714657648e7
181	5.239718685411084e7
182	5.040049737599654e7
183	4.84785226988076e7
184	4.662852770493056e7
185	4.4847874709062785e7
186	4.313402010789501e7
187	4.148451113953895e7
188	3.989698274937263e7
189	3.836915455902219e7
190	3.689882793534728e7
191	3.548388315632328e7
192	3.4122276670843095e7
193	3.2812038449515164e7
194	3.1551269423629478e7
195	3.0338139009553123e7
196	2.917088271585085e7
197	2.8047799830560565e7
198	2.6967251186085343e7
199	2.5927656999239452e7
200	2.4927494784087606e7
201	2.396529733524782e7
202	2.3039650779403873e7
203	2.2149192692875013e7
204	2.1292610283083152e7
205	2.0468638631904114e7
206	1.967605899888009e7
207	1.8913697182370547e7
208	1.8180421936748054e7
209	1.7475143443849474e7
210	1.679681183687732e7
211	1.6144415775068427e7
212	1.5516981067445297e7
213	1.4913569344054535e7
214	1.433327677313064e7
215	1.3775232822653696e7
216	1.3238599064851575e7
217	1.272256802222406e7
218	1.222636205369468e7
219	1.1749232279567957e7
220	1.1290457544000335e7
221	1.084934341372379e7
222	1.042522121180538e7
223	1.0017447085282508e7
224	9.625401105517581e6
225	9.24848640018367e6
226	8.886128315798862e6
227	8.537773609793222e6
228	8.20288967109306e6
229	7.880963768263078e6
230	7.571502324262618e6
231	7.27403021691751e6
232	6.988090104216103e6
233	6.713241773597434e6
234	6.449061514397814e6
235	6.195141512659296e6
236	5.951089267539275e6
237	5.716527028574264e6
238	5.491091253077091e6
239	5.274432082968214e6
240	5.066212840378083e6
241	4.866109541359606e6
242	4.673810427087705e6
243	4.4890155119361095e6
244	4.311436147840735e6
245	4.140794604386429e6
246	3.976823664065872e6
247	3.819266232172661e6
248	3.6678749608299066e6
249	3.52241188663996e6
250	3.3826480814956143e6
251	3.2483633160734777e6
252	3.1193457355679236e6
253	2.995391547241179e6
254	2.8763047193543166e6
255	2.7618966910947026e6
256	2.6519860930984435e6
257	2.546398478193196e6
258	2.4449660620034337e6
259	2.34752747305848e6
260	2.2539275120713185e6
261	2.164016920062938e6
262	2.0776521550018007e6
263	1.9946951766702218e6
264	1.91501323946117e6
265	1.8384786928008774e6
266	1.764968788954041e6
267	1.6943654979208496e6
268	1.6265553291829776e6
269	1.5614291600512392e6
270	1.4988820703657975e6
271	1.4388131833369262e6
272	1.3811255122903427e6
273	1.325725813105805e6
274	1.2725244421454952e6
275	1.2214352194755846e6
276	1.1723752971759432e6
277	1.1252650325708643e6
278	1.0800278661835308e6
279	1.0365902042572283e6
280	994881.3056654718
281	954833.1730561082
282	916380.4480749222
283	879460.3105121946
284	844012.3812444122
285	809978.6288066923
286	777303.2794904456
287	745932.7308158083
288	715815.46826249
289	686901.9851419062
290	659144.7054870885
291	632497.9098557319
292	606917.6639342328
293	582361.749842892
294	558789.6000375781
295	536162.2337177505
296	514442.19564014056
297	493593.4972543527
298	473581.560075722
299	454373.1612031626
300	435936.38091388386
301	418240.55224632955
302	401256.21250698576
303	384955.05662127567
304	369309.8922643772
305	354294.59670441906
306	339884.07529342984
307	326054.2215414265
308	312781.8787234796
309	300044.8029480089
310	287821.62764589087
311	276091.8294151177
312	264835.69518070674
313	254034.29061010017
314	243669.42974187215
315	233723.64578615339
316	224180.16304038736
317	215022.869892036
318	206236.29285865303
319	197805.57162620523
320	189716.43505390725
321	181955.17810067022
322	174508.63964741907
323	167364.18116926044
324	160509.66623682174
325	153933.44081320468
326	147624.31430582257
327	141571.5413601338
328	135764.80435160655
329	130194.19656383552
330	124850.20601429783
331	119723.69991178965
332	114805.90971353457
333	110088.41676676397
334	105563.13851000956
335	101222.31520616372
336	97058.4971972022
337	93064.53265500323
338	89233.55580583682
339	85558.975621436
340	82034.46494437636
341	78653.95004396372
342	75411.60057480763
343	72301.8199362769
344	69319.23599885266
345	66458.6922040314
346	63715.239004324074
347	61084.12564388855
348	58560.79226213549
349	56140.86230284256
350	53820.13522444836
351	51594.579497860075
352	49460.32587592998
353	47413.66093165148
354	45451.02084656108
355	43568.98545002645
356	41764.27248358408
357	40033.73210283415
358	38374.34158592403
359	36783.200261079684
360	35257.52462200578
361	33794.64364879639
362	32391.99430616604
363	31047.117219671713
364	29757.65253016093
365	28521.335902019426
366	27335.99469861499
367	26199.544302437207
368	25109.984587139472
369	24065.396524851756
370	23063.938931392153
371	22103.84533672758
372	21183.420985791367
373	20301.03995265502
374	19455.142372813825
375	18644.231785292228
376	17866.872579655887
377	17121.68754371635
378	16407.355512860475
379	15722.609109312534
380	15066.232572518458
381	14437.05967705506
382	13833.97173319102
383	13255.895666736815
384	12701.802177080255
385	12170.703966905665
386	11661.65404456225
387	11173.74409302306
388	10706.102905690075
389	10257.894882381708
390	9828.318588797798
391	9416.605370819656
392	9022.018026765198
393	8643.849531243099
394	8281.421811169186
395	7934.084569078049
396	7601.214159471888
397	7282.2125006330025
398	6976.506040046159
399	6683.544755711074
400	6402.801198520149
401	6133.769575430055
402	5875.96486598789
403	5628.9219783092085
404	5392.194936171963
405	5165.3561008694
406	4947.99542163237
407	4739.719722362638
408	4540.152008179324
409	4348.930808278797
410	4165.709541346007
411	3990.1559070105277
412	3821.9513024679964
413	3660.7902624776093
414	3506.3799221630206
415	3358.439500902297
416	3216.699809314754
417	3080.9027728253586
418	2950.800977784743
419	2826.1572339133804
420	2706.7441560557463
421	2592.3437614033705
422	2482.7470829323943
423	2377.75380240721
424	2277.1718923236235
425	2180.817276467291
426	2088.5135037996256
427	2000.0914353470441
428	1915.3889414119496
429	1834.2506163576152
430	1756.5274992027678
431	1682.0768109454978
432	1610.7616982533002
433	1542.4509894796488
434	1477.018961429571
435	1414.3451143213347
436	1354.3139568146773
437	1296.8147987975135
438	1241.7415539899669
439	1188.9925488648867
440	1138.470341978326
441	1090.081548009962
442	1043.7366706132216
443	999.3499414573695
444	956.8391659064226
445	916.125576736583
446	877.1336898211898
447	839.791169928622
448	804.0287005416317
449	769.7798574244688
450	736.9809902518357
451	705.5711065590217
452	675.4917623275326
453	646.686956200861
454	619.1030270637203
455	592.6885584402783
456	567.3942845215704
457	543.1730009324194
458	519.97947919445
459	497.7703840653972
460	476.50419603917493
461	456.1411345421672
462	436.6430863076083
463	417.9735362837168
464	400.0974997798838
465	382.9814602350675
466	366.59330788479105
467	350.90227949945995
468	335.8789045462705
469	321.4949498229581
470	307.72336795237453
471	294.538248769524
472	281.9147713189103
473	269.8291576425315
474	258.2586306580454
475	247.1813713363502
476	236.57647903396614
477	226.4239329075414
478	216.70455537227284
479	207.39997689554153
480	198.4926016086324
481	189.9655754947848
482	181.8027553122057
483	173.98867824100844
484	166.5085343011697
485	159.34813798752117
486	152.49390308121275
487	145.93281679366092
488	139.65241606962323
489	133.64076444028711
490	127.8864294180828
491	122.37846270910882
492	117.10637799775265
493	112.06013333565681
494	107.23011093031087
495	102.60710069851474
496	98.18228226648807
497	93.94720828412989
498	89.89379018389144
499	86.014281201349
500	82.30126328872805
501	78.74763317093881
502	75.34658815759259
503	72.09161486116781
504	68.97647533480509
505	65.99519749579356
506	63.14206211373454
507	60.41159276881631
508	57.79854590217346
509	55.297900822624726
510	52.904850361614336
511	50.614791067496085
512	48.42331594069139
513	46.3262053079581
514	44.31941885769514
515	42.39908826346338
516	40.56150984769675
517	38.803138077780204
518	37.12057777217023
519	35.51057884451929
520	33.97002986745231
521	32.49595166338873
522	31.085492332186554
523	29.735921500150468
524	28.444625341722674
525	27.209101717794518
526	26.026955053741872
527	24.895892337961783
528	23.8137182214101
529	22.77833146871686
530	21.787720265591595
531	20.839959103591976
532	19.9332047655789
533	19.065692650877132
534	18.235733906800622
535	17.441711792445115
536	16.68207884228407
537	15.955353860412057
538	15.260119104089162
539	14.595017534701931
540	13.958750019687765
541	13.350073636520548
542	12.767798297994245
543	12.210785056794881
544	11.677943993873955
545	11.168231708290042
546	10.680649875177037
547	10.214242724257899
548	9.768095797582234
549	9.34133363544335
550	8.93311850426876
551	8.542648717810936
552	8.169156999522006
553	7.811909313709321
554	7.470202763748606
555	7.143365029792727
556	6.830752338999265
557	6.531749166074423
558	6.2457660594209266
559	5.972239080953349
560	5.710628636870966
561	5.460418337566227
562	5.2211139878021
563	4.992242803560445
564	4.773352445276355
565	4.564009675752198
566	4.363800643576689
567	4.172328582573848
568	3.989214427465974
569	3.8140952548159577
570	3.646623836849311
571	3.486467818008574
572	3.3333095838473024
573	3.186844794195975
574	3.04678257077706
575	2.9128444483760836
576	2.784764011736168
577	2.6622865394865456
578	2.5451681001505433
579	2.4331755020042745
580	2.3260855085555807
581	2.2236847126822465
582	2.1257688686831773
583	2.032142512703318
584	1.9426186815599336
585	1.8570185486913888
586	1.7751710690169653
587	1.696912632567128
588	1.6220866395976432
589	1.5505432605642064
590	1.4821393735528463
591	1.416737815893617
592	1.354207510201937
593	1.2944229909895433
594	1.237264449761122
595	1.182617023599514
596	1.1303710203707613
597	1.0804214728362895
598	1.032667870428559
599	0.9870143063642828
600	0.9433688062453661
601	0.9016434847668319
602	0.8617543743494842
603	0.8236210986356147
604	0.7871666350164361
605	0.7523175561863935
606	0.7190034790845766
607	0.6871572317622786
608	0.6567143171650001
609	0.6276133165678094
610	0.5997953608407874
611	0.5732042264899071
612	0.547785898928757
613	0.5234891250038833
614	0.5002646029530261
615	0.47806523741249973
616	0.45684601609669034
617	0.4365638166935553
618	0.41717765613497754
619	0.39864791782527315
620	0.38093711476822195
621	0.36400919599635245
622	0.3478296579611646
623	0.33236572168515743
624	0.3175858716735349
625	0.30345989860007705
626	0.2899590783135055
627	0.27705593064396744
628	0.26472405471425287
629	0.25293824162951384
630	0.24167465004998342
631	0.23091003453079745
632	0.22062253663500475
633	0.21079098733392265
634	0.20139542100819416
635	0.19241652188990027
636	0.18383587166381238
637	0.17563605817167519
638	0.16780000793230648
639	0.16031194062124943
640	0.15315625554605605
641	0.1463184154910764
642	0.13978435490218283
643	0.13354059523582607
644	0.12757429383295296
645	0.12187322910165883
646	0.11642572473358709
647	0.11122039402081065
648	0.10624667892644729
649	0.1014942280117391
650	0.0969533115677294
651	0.09261456884848807
652	0.08846894121857186
653	0.08450801751044791
654	0.08072349342898195
655	0.07710763391583975
656	0.07365291363913903
657	0.07035218459428721
658	0.06719866706755048
659	0.06418577159001176
660	0.06130726357502419
661	0.058557254619682954
662	0.05592991733473723
663	0.05341987044112028
664	0.05102194839231449
665	0.048731088036374055
666	0.04654259700332747
667	0.04445187593418552
668	0.04245457707160666
669	0.04054659803350182
670	0.03872391795581474
671	0.03698280543413844
672	0.035319499413474606
673	0.03373067575438984
674	0.03221297353331954
675	0.030763201173393144
676	0.029378332338200603
677	0.028055501886763787
678	0.026791951942561145
679	0.02558497994548108
680	0.024432135185442762
681	0.02333101581239765
682	0.022279219548258535
683	0.021274586454341753
684	0.02031504792713481
685	0.01939857686344102
686	0.01852318713762479
687	0.01768712158143213
688	0.01688865809293403
689	0.016126016163140435
690	0.015397636742118706
691	0.014701992114975785
692	0.014037631122193134
693	0.013403131964631151
694	0.012797146855821843
695	0.012218444917227496
696	0.011665731154624132
697	0.011137913940500462
698	0.010633879597852938
699	0.010152537133032984
700	0.009692861235035058
701	0.009253890570435401
702	0.00883468338252165
703	0.008434402124803125
704	0.008052141773344484
705	0.007687141812771346
706	0.007338573809191217
707	0.007005709298330541
708	0.006687916833483273
709	0.006384414339586168
710	0.006094679556170225
711	0.0058179587446444015
712	0.005553794376700293
713	0.005301499274632677
714	0.005060637892328154
715	0.004830704699098868
716	0.004611126683496912
717	0.004401459181114452
718	0.004201305012808461
719	0.004010198609030677
720	0.0038277221713083095
721	0.003653504275502699
722	0.0034872184977576648
723	0.0033283963264819152
724	0.003176837943913836
725	0.003032126960012133
726	0.0028939289974143083
727	0.0027620614344484357
728	0.0026361292912295583
729	0.0025158891855852367
730	0.002401173531555932
731	0.0022916065470545595
732	0.0021870308061110013
733	0.002087187567329584
734	0.001991892677125805
735	0.001900897166437693
736	0.0018140936153564964
737	0.001731207408567511
738	0.0016520708877792586
739	0.0015765198635057087
740	0.0015044597611780018
741	0.0014356332284433657
742	0.0013699521848128564
743	0.0013072652021708024
744	0.001247424107673988
745	0.0011903159178036952
746	0.0011357664246790218
747	0.0010837631230214654
748	0.0010341051877340347
749	0.0009867210174755153
750	0.0009414785292715797
751	0.0008982793089726146
752	0.000857087973483028
753	0.0008177485115052369
754	0.0007802288261841282
755	0.0007444375009866074
756	0.0007102258716155202
757	0.000677625430132781
758	0.0006464910306003004
759	0.0006167971477874843
760	0.0005884321075551405
761	0.0005613727546153327
762	0.0005355393722193916
763	0.0005109105053484218
764	0.00048740891381111867
765	0.0004649869794346743
766	0.0004435704669542976
767	0.0004231417534624929
768	0.00040365618012175883
769	0.0003850700495868184
770	0.0003673137666577575
771	0.0003503727450803454
772	0.000334232559600433
773	0.0003188001052941419
774	0.0003040890482444009
775	0.00029006063444981487
776	0.0002766769906003871
777	0.00026390111201564717
778	0.0002516968506999881
779	0.00024007925570716023
780	0.00022898778014864837
781	0.0002183882447094714
782	0.0002082965641037756
783	0.0001986791185533693
784	0.00018947880863285155
785	0.00018071236254494356
786	0.00017234802092456667
787	0.0001643548033349424
788	0.0001567496825732426
789	0.0001494787567254815
790	0.00014258257001134494
791	0.00013596188267716284
792	0.00012965771123461968
793	0.00012364154481955597
794	0.00011790818383888411
795	0.00011245248727284359
796	0.00010722486208053555
797	0.00010224335158397553
798	0.0000975034669355663
799	0.00009295723045777858
800	0.00008864443344741675
801	0.00008451783012843086
802	0.00008059536737806785
803	0.00007685212930367796
804	0.00007326386701653659
805	0.00006984863976696392
806	0.00006660325028945038
807	0.00006350401959600625
808	0.00006054827981777801
809	0.000057733393463008923
810	0.00005503668875110768
811	0.000052475951490638064
812	0.00005002886464014756
813	0.000047693349867717
814	0.00004546735257904334
815	0.0000433488417204526
816	0.000041316628233093974
817	0.00003938819698679436
818	0.00003756158372764692
819	0.00003579734322126761
820	0.00003413162595236465
821	0.00003252559031395118
822	0.00003101485541778864
823	0.00002956117572654773
824	0.000028163538258865208
825	0.00002685677444852336
826	0.000025603516321918643
827	0.00002440279015989236
828	0.000023253633418479027
829	0.00002217247118055264
830	0.000021123476994003365
831	0.000020140343137291212
832	0.000019187796414186685
833	0.000018299022346540053
834	0.000017422573713276485
835	0.00001662470492225672
836	0.000015837915027354357
837	0.000015094776163383993
838	0.000014378220169071468
839	0.000013703860173590773
840	0.000013054896377046708
841	0.000012446706140597312
842	0.000011862754599780024
843	0.000011302596447415371
844	0.000010765791546962435
845	0.000010251904889077606
846	9.775733547743634e-6
847	9.321386833320011e-6
848	8.873458180511485e-6
849	8.461630707243938e-6
850	8.055635134221178e-6
851	7.684692767163393e-6
852	7.319012603792968e-6
853	6.972953018219494e-6
854	6.646123223366592e-6
855	6.323957863171004e-6
856	6.020480275420528e-6
857	5.7492660430933565e-6
858	5.481920469648117e-6
859	5.218407664117025e-6
860	4.958691984272144e-6
861	4.729765265249775e-6
862	4.504131278268431e-6
863	4.295056701867017e-6
864	4.0889995134477174e-6
865	3.899015447378736e-6
866	3.71178116828973e-6
867	3.5272709105927865e-6
868	3.3709969438911143e-6
869	3.2169814185884266e-6
870	3.0652031454277747e-6
871	2.915641083009326e-6
872	2.7682743369400447e-6
873	2.647596945480378e-6
874	2.5165151806816345e-6
875	2.387368915235839e-6
876	2.2840566070150684e-6
877	2.1703897096420906e-6
878	2.0701718058059186e-6
879	1.9714303506073058e-6
880	1.8741513099149951e-6
881	1.7897937853229182e-6
882	1.7066805691350948e-6
883	1.624799805940318e-6
884	1.5441397238001632e-6
885	1.4646886337661685e-6
886	1.3974383811996194e-6
887	1.3311898710230667e-6
888	1.2767534391114663e-6
889	1.201659711733319e-6
890	1.1489979185425083e-6
891	1.0971205729339613e-6
892	1.0460201307901773e-6
893	9.956891014115854e-7
894	9.461200472064711e-7
895	8.97305583382478e-7
896	8.593483583049321e-7
897	8.219589285694685e-7
898	7.751934263080971e-7
899	7.390080904376775e-7
900	7.033736219016933e-7
901	6.682846495401564e-7
902	6.337358405128178e-7
903	6.092412952937186e-7
904	5.851121570277987e-7
905	5.519891310714657e-7
906	5.193864247777042e-7
907	4.964932061347487e-7
908	4.7395026189619233e-7
909	4.5175415158241877e-7
910	4.299014593724265e-7
911	4.0838879395961615e-7
912	3.872127884083061e-7
913	3.663701000109709e-7
914	3.5450384537793427e-7
915	3.342417247504738e-7
916	3.2279825279583247e-7
917	3.0310570992691627e-7
918	2.8373116732938804e-7
919	2.8121338263160775e-7
920	2.6231816760318005e-7
921	2.437324256048917e-7
922	2.415568011019552e-7
923	2.2343656959098168e-7
924	2.1352582095499734e-7
925	2.0377108319362314e-7
926	1.941707890982764e-7
927	1.8472338283618088e-7
928	1.7542731988331658e-7
929	1.662810669577086e-7
930	1.647727734521186e-7
931	1.4843191387272813e-7
932	1.4708000288646304e-7
933	1.3845076183241245e-7
934	1.2996430565957662e-7
935	1.287732329852102e-7
936	1.1341387931365053e-7
937	1.1237013517334313e-7
938	1.1133382183480152e-7
939	1.0341084163657659e-7
940	9.562290632079533e-8
941	9.473542043172166e-8
942	8.715041404424069e-8
943	7.969670182438588e-8
944	7.89522558264802e-8
945	7.821316777482385e-8
946	7.102279024757616e-8
947	6.395912092087471e-8
948	6.335645880864995e-8
949	6.27581618744261e-8
950	6.216420547293145e-8
951	5.541710859069377e-8
952	4.879137306390018e-8
953	4.832650786907024e-8
954	4.7865037180224e-8
955	4.740694175141098e-8
956	4.695220242951867e-8
957	4.06882001553932e-8
958	4.029612648131307e-8
959	3.420594825719738e-8
960	3.3874819818780225e-8
961	3.3546137670361034e-8
962	3.3219887858589755e-8
963	3.289605649766155e-8
964	3.2574629769023936e-8
965	2.687966162118743e-8
966	2.661577941027872e-8
967	2.1083093500196203e-8
968	2.0875130132004693e-8
969	2.0668724455963397e-8
970	2.0463867524654257e-8
971	2.026055043414956e-8
972	2.005876432382239e-8
973	1.985850037615845e-8
974	1.965974981656849e-8
975	1.9462503913201587e-8
976	1.9266753976758823e-8
977	1.4304368539310073e-8
978	1.4159780612676206e-8
979	1.4016295300438857e-8
980	1.3873906211895496e-8
981	9.155071346815696e-9
982	9.061594220317498e-9
983	8.96883525277828e-9
984	8.876790266451399e-9
985	8.785455104045828e-9
986	8.694825628636806e-9
987	8.604897723576853e-9
988	8.51566729240706e-9
989	8.427130258768979e-9
990	8.339282566316532e-9
991	8.252120178628578e-9
992	8.165639079121568e-9
993	8.079835270962813e-9
994	7.994704776983958e-9
995	7.910243639594698e-9
996	7.826447920697123e-9
997	7.743313701600179e-9
998	7.660837082934448e-9
999	7.579014184567628e-9
1000	3.7489205883298825e-9