1	7517.575320731448
2	7414.786954975748
3	7311.819164146713
4	7208.717736482257
5	7105.529565163157
6	7002.302356116172
7	6899.084360098378
8	6795.924127605076
9	6692.87028521489
10	6589.971332054196
11	6487.275455128798
12	6384.830362333655
13	6282.683132011917
14	6180.8800779923695
15	6079.466629089763
16	5978.487222105534
17	5877.98520741713
18	5778.002766292721
19	5678.580839114354
20	5579.759063737036
21	5481.575723253438
22	5384.067702474363
23	5287.270452473692
24	5191.217962583249
25	5095.942739258078
26	5001.475791266113
27	4907.846620687913
28	4815.083219242623
29	4723.212069484909
30	4632.25815044533
31	4542.244947312485
32	4453.1944647801365
33	4365.127243706125
34	4278.062380752157
35	4192.017550694808
36	4107.009031118278
37	4023.0517292184413
38	3940.159210465864
39	3858.3437288926307
40	3777.6162587839644
41	3697.986527571087
42	3619.4630497361636
43	3542.0531615540235
44	3465.7630565081704
45	3390.597821230964
46	3316.5614718293273
47	3243.656990468211
48	3171.886362094362
49	3101.2506111925545
50	3031.749838475536
51	2963.383257417522
52	2896.1492305490833
53	2830.045305438783
54	2765.0682502940926
55	2701.2140891206077
56	2638.4781363849543
57	2576.8550311324807
58	2516.3387705163045
59	2456.9227426993752
60	2398.5997590959414
61	2341.3620859232337
62	2285.201475038269
63	2230.1091940385472
64	2176.076055608893
65	2123.092446100118
66	2071.1483533280266
67	2020.2333935843558
68	1970.33683785362
69	1921.4476372323716
70	1873.554447549559
71	1826.6456531886467
72	1780.7093901140831
73	1735.7335681063446
74	1691.7058922113567
75	1648.6138834114581
76	1606.4448985263969
77	1565.1861493539514
78	1524.8247210607528
79	1485.347589834943
80	1446.741639812914
81	1408.9936792933013
82	1372.0904562518524
83	1336.0186731714812
84	1300.7650012021572
85	1266.316093665808
86	1232.6585989216162
87	1199.779172607452
88	1167.6644892733373
89	1136.301253423012
90	1105.676209979791
91	1075.7761541929299
92	1046.587941000769
93	1018.0984938668784
94	990.2948131054063
95	963.1639837117108
96	936.6931827142412
97	910.8696860635541
98	885.6808750740697
99	861.1142424341135
100	837.1573977994692
101	813.7980729855298
102	791.0241267728211
103	768.8235493404836
104	747.1844663419796
105	726.0951426370414
106	705.5439856935969
107	685.519548673072
108	666.0105332122433
109	647.0057919144206
110	628.4943305625181
111	610.4653100661837
112	592.9080481548863
113	575.8120208285413
114	559.1668635769125
115	542.9623723787461
116	527.1885044912448
117	511.8353790402027
118	496.89327742079547
119	482.35264351870245
120	468.20408376096026
121	454.4383670056153
122	441.04642427894754
123	428.01934836876586
124	415.3483932819579
125	403.02497357420174
126	391.04066355946986
127	379.3871964066751
128	368.05646313053575
129	357.0405114834848
130	346.33154475516676
131	335.9219204858359
132	325.80414909970904
133	315.9708924640761
134	306.41496237976537
135	297.12931900829034
136	288.1070692408206
137	279.3414650138648
138	270.8259015763736
139	262.5539157127437
140	254.51918392601144
141	246.7155205853294
142	239.13687604163016
143	231.77733471520344
144	224.6311131587245
145	217.6925580991144
146	210.95614446143975
147	204.41647337789215
148	198.06827018475195
149	191.90638241006926
150	185.9257777546666
151	180.12154206891975
152	174.48887732764234
153	169.02309960527077
154	163.71963705341642
155	158.5740278827385
156	153.58191835096872
157	148.73906075881854
158	144.04131145537372
159	139.484628854501
160	135.065071463678
161	130.77879592656535
162	126.62205508055585
163	122.59119603044137
164	118.6826582392574
165	114.89297163728759
166	111.21875475013468
167	107.65671284668392
168	104.20363610772694
169	100.85639781594102
170	97.61195256785372
171	94.46733450836736
172	91.4196555883595
173	88.4661038458153
174	85.60394171090356
175	82.83050433535277
176	80.14319794644027
177	77.53949822585763
178	75.01694871368147
179	72.57315923762984
180	70.20580436775234
181	67.91262189666504
182	65.69141134540244
183	63.54003249493674
184	61.45640394337458
185	59.43850168881698
186	57.484357737843595
187	55.59205873955256
188	53.75974464506955
189	51.985607392409726
190	50.26788961656437
191	48.60488338465744
192	46.99492895600459
193	45.4364135668875
194	43.92777023983959
195	42.46747661723128
196	41.054053818921005
197	39.6860653237327
198	38.36211587450608
199	37.080850406456484
200	35.84095299857304
201	34.641145847770595
202	33.48018826551179
203	32.35687569659924
204	31.270038759838226
205	30.218542310262844
206	29.201284522612724
207	28.217195995743904
208	27.265238877656586
209	26.34440601081369
210	25.453720097428338
211	24.59223288439053
212	23.75902436750779
213	22.9532020147261
214	22.17390000800617
215	21.420278503520148
216	20.69152290984183
217	19.986843183800286
218	19.305473143668298
219	18.646669799357177
220	18.00971269929476
221	17.39390329366032
222	16.798564313655106
223	16.223039166489176
224	15.666691345767154
225	15.128903856957152
226	14.609078657633264
227	14.106636112181032
228	13.621014460661334
229	13.151669301530733
230	12.698073087918072
231	12.259714637164862
232	11.83609865333505
233	11.426745262408962
234	11.031189559876584
235	10.648981170449833
236	10.279683819619763
237	9.922874916785103
238	9.578145149686346
239	9.245098089880432
240	8.923349808997946
241	8.612528505527887
242	8.312274141878364
243	8.022238091468395
244	7.742082795607145
245	7.471481429923963
246	7.210117580115564
247	6.957684926780312
248	6.713886939116062
249	6.478436577259241
250	6.25105600305069
251	6.031476299014243
252	5.819437195341167
253	5.61468680467634
254	5.416981364506329
255	5.2260849869538495
256	5.041769415787516
257	4.863813790458485
258	4.69200441698136
259	4.526134545479102
260	4.366004154216874
261	4.21141973995274
262	4.062194114436611
263	3.918146206893965
264	3.779100872334268
265	3.6448887055246586
266	3.515345860478866
267	3.390313875309116
268	3.2696395022957105
269	3.153174543031683
270	3.0407756885015123
271	2.9323043639600392
272	2.8276265784768735
273	2.7266127790167807
274	2.629137708930297
275	2.5350802707307882
276	2.4443233930366954
277	2.3567539015631227
278	2.272262394046466
279	2.1907431189921533
280	2.112093858135333
281	2.036215812509075
282	1.9630134920169426
283	1.8923946084079997
284	1.8242699715587563
285	1.7585533889624472
286	1.695161568337057
287	1.6340140232580131
288	1.5750329817286977
289	1.5181432976032174
290	1.4632723647766073
291	1.410350034062084
292	1.3593085326754728
293	1.310082386250302
294	1.2626083433076571
295	1.2168253021090885
296	1.1726742398199412
297	1.1300981439152558
298	1.089041945761381
299	1.0494524563061387
300	1.011278303816466
301	0.9744698735995191
302	0.938979249649205
303	0.9047601581581426
304	0.8717679128394253
305	0.839959362002831
306	0.8092928373318296
307	0.779728104308742
308	0.751226314239594
309	0.7237499578262692
310	0.6972628202417152
311	0.671729937658988
312	0.6471175551918572
313	0.6233930862006285
314	0.6005250729221856
315	0.57848314838406
316	0.5572379995594295
317	0.5367613317278327
318	0.5170258340017284
319	0.4980051459822668
320	0.4796738255105836
321	0.462007317477792
322	0.44498192366290895
323	0.4285747735628521
324	0.41276379618638187
325	0.39752769278097727
326	0.3828459104598562
327	0.3686986167052268
328	0.35506667471518966
329	0.3419316195718479
330	0.32927563520053393
331	0.31708153209758916
332	0.3053327257995062
333	0.2940132160721282
334	0.2831075667959702
335	0.27260088652306513
336	0.2624788096870502
337	0.25272747844355564
338	0.2433335251192702
339	0.23428405525382098
340	0.2255666312101727
341	0.2171692563396231
342	0.20908035967926064
343	0.20128878116955534
344	0.19378375736819647
345	0.18655490765171598
346	0.17959222088174207
347	0.17288604252578701
348	0.16642706221600886
349	0.16020630172948486
350	0.1542151033790765
351	0.14844511880058348
352	0.1428882981211455
353	0.13753687949938534
354	0.13238337902161637
355	0.12742058094669498
356	0.12264152828103464
357	0.11803951368197406
358	0.11360807066910497
359	0.10934096514233059
360	0.10523218718626402
361	0.10127594316265674
362	0.09746664807208608
363	0.09379891817924825
364	0.09026756389647778
365	0.0868675829085165
366	0.08359415353965663
367	0.08044262834742974
368	0.07740852794145482
369	0.07448753501460263
370	0.07167548858322301
371	0.06896837842568368
372	0.06636233971765963
373	0.06385364785135819
374	0.061438713437197506
375	0.059114077479854844
376	0.05687640672241661
377	0.05472248915281408
378	0.052649229669727314
379	0.05065364589828328
380	0.048732864153001994
381	0.04688411554298447
382	0.04510473221367083
383	0.04339214372040529
384	0.04174387353047211
385	0.04015753564718316
386	0.03863083135405307
387	0.03716154607304244
388	0.035747546334676035
389	0.03438677685370946
390	0.03307725771021326
391	0.03181708162861478
392	0.030604411354634067
393	0.029437477124148112
394	0.028314574222462707
395	0.027234060629015053
396	0.02619435474962258
397	0.02519393322289669
398	0.024231328811335533
399	0.02330512836369336
400	0.022413970850544973
401	0.021556545471497254
402	0.02073158982746463
403	0.019937888160964572
404	0.01917426965726439
405	0.018439606807735057
406	0.01773281382972697
407	0.01705284514755749
408	0.016398693921281658
409	0.01576939063444245
410	0.015164001729559607
411	0.014581628292928587
412	0.014021404787140718
413	0.013482497829041007
414	0.012964105011801242
415	0.01246545376890483
416	0.011985800280870481
417	0.011524428418673146
418	0.011080648727953396
419	0.010653797448228829
420	0.01024323556886743
421	0.009848347917957941
422	0.009468542284017037
423	0.009103248572866908
424	0.008751917989928614
425	0.008414022255672482
426	0.008089052849165617
427	0.007776520278883749
428	0.007475953377821659
429	0.007186898628997393
430	0.006908919510225032
431	0.006641595867658323
432	0.006384523308158493
433	0.006137312615534682
434	0.005899589188859797
435	0.005670992500044985
436	0.005451175572075547
437	0.005239804475326411
438	0.005036557843626663
439	0.004841126406301271
440	0.004653212539949037
441	0.00447252983396546
442	0.004298802673611463
443	0.004131765837721888
444	0.003971164111221311
445	0.0038167519136934375
446	0.003668292937356637
447	0.0035255598027733744
448	0.00338833372569596
449	0.00325640419443626
450	0.003129568662241737
451	0.0030076322482437273
452	0.0028904074514927943
453	0.0027777138746033097
454	0.0026693779564683053
455	0.0025652327178150745
456	0.0024651175135579676
457	0.0023688777952988716
458	0.0022763648826503047
459	0.0021874357422593427
460	0.002101952777110475
461	0.0020197836206647646
462	0.0019408009410350317
463	0.0018648822519486791
464	0.0017919097287346251
465	0.0017217700346249143
466	0.0016543541514781961
467	0.0015895572149202074
468	0.0015272783605997599
469	0.0014674205714206997
470	0.0014098905324415633
471	0.0013545984921971112
472	0.0013014581273761631
473	0.0012503864122543513
474	0.0012013034959047727
475	0.0011541325807440488
476	0.001108799807456457
477	0.0010652341434642726
478	0.001023367276179513
479	0.0009831335100124999
480	0.0009444696663292992
481	0.0009073149887667419
482	0.0008716110512870698
483	0.0008373016688563849
484	0.0008043328136509317
485	0.0007726525316181353
486	0.0007422108650810825
487	0.0007129597757417248
488	0.0006848530721708852
489	0.0006578463393841999
490	0.0006318968704158044
491	0.0006069636033387673
492	0.0005830070556768858
493	0.0005599892669454692
494	0.0005378737381972906
495	0.0005166253784098692
496	0.000496210449387817
497	0.00047659651360094956
498	0.00045775238682695146
499	0.0004396480871998137
500	0.00042225479133445163
501	0.00040554478985483484
502	0.0003894914432072615
503	0.00037406914300443033
504	0.0003592532697157923
505	0.00034502015822361696
506	0.00033134705817546527
507	0.0003182120999517037
508	0.00030559426139070277
509	0.000293473334982145
510	0.0002818298967049115
511	0.0002706452745195871
512	0.00025990152186413496
513	0.0002495813882989121
514	0.0002396682926408222
515	0.00023014629758769144
516	0.00022100008482113317
517	0.00021221493204005786
518	0.0002037766879411661
519	0.00019567175229177194
520	0.0001878870541513581
521	0.00018041003043027228
522	0.00017322860750448066
523	0.00016633118163893298
524	0.00015970660118248324
525	0.0001533441492716346
526	0.00014723352626778614
527	0.0001413648346674996
528	0.00013572856245502317
529	0.00013031556940007507
530	0.00012511707125337923
531	0.00012012462736565097
532	0.00011533012667387713
533	0.00011072577455681615
534	0.00010630408156649938
535	0.00010205785072585309
536	0.0000979801666750911
537	0.0000940643846254615
538	0.00009030411986910342
539	0.00008669323757869317
540	0.00008322584262827812
541	0.00007989627198818844
542	0.00007669908353512568
543	0.00007362904869489882
544	0.00007068114430165572
545	0.00006785054365414598
546	0.0000651326101087566
547	0.00006252288830590374
548	0.00006001709843690817
549	0.000057611128122265186
550	0.000055301026803379663
551	0.00005308299928082282
552	0.00005095339942364102
553	0.000048908725084460654
554	0.000046945610831512485
555	0.000045060824477096606
556	0.000043251260106514164
557	0.000041513935422330985
558	0.00003984598452444332
559	0.00003824465473741957
560	0.000036707301997027455
561	0.000035231386355434525
562	0.00003381446786310496
563	0.00003245420308773962
564	0.000031148341215104044
565	0.00002989471919594819
566	0.00002869126120871435
567	0.00002753597136156134
568	0.000026426934134249957
569	0.000025362309102131984
570	0.00002434032864673493
571	0.000023359294689197995
572	0.000022417577357054678
573	0.000021513610012016088
574	0.000020645888857975975
575	0.000019812969167803424
576	0.00001901346343365853
577	0.00001824603958269106
578	0.000017509417654273204
579	0.00001680236893312505
580	0.000016123713005773914
581	0.000015472316738320752
582	0.000014847091703629049
583	0.000014246992458085966
584	0.000013671015134025867
585	0.00001311819581064754
586	0.000012587608928577095
587	0.000012078365746253828
588	0.000011589612567566962
589	0.00001112052954482621
590	0.000010670330058005937
591	0.00001023825797755835
592	9.823587651028883e-6
593	9.425622039355047e-6
594	9.043692501268505e-6
595	8.677156181149873e-6
596	8.325396392418112e-6
597	7.987820871252179e-6
598	7.663860595461585e-6
599	7.3529699815520715e-6
600	7.054624402396164e-6
601	6.768320432641434e-6
602	6.493575036176972e-6
603	6.229924233021107e-6
604	5.976922056842014e-6
605	5.734141160588808e-6
606	5.5011707293987975e-6
607	5.277616853503882e-6
608	5.06310047531853e-6
609	4.857258613282081e-6
610	4.6597423421235306e-6
611	4.470216962617735e-6
612	4.288360282282443e-6
613	4.113864448940897e-6
614	3.9464328987230635e-6
615	3.7857811279522824e-6
616	3.6316361172372973e-6
617	3.4837354948121034e-6
618	3.3418283481924e-6
619	3.205672228004654e-6
620	3.0750358919063643e-6
621	2.9496966020837746e-6
622	2.8294404338816516e-6
623	2.714062868614103e-6
624	2.6033669367931115e-6
625	2.4971632818095667e-6
626	2.3952707798253584e-6
627	2.297515527728032e-6
628	2.2037301114640396e-6
629	2.1137539761087352e-6
630	2.0274340777819826e-6
631	1.9446217101641077e-6
632	1.8651756330594094e-6
633	1.7889591851237037e-6
634	1.7158423310477988e-6
635	1.6456993328923745e-6
636	1.5784097135022427e-6
637	1.5138586782601774e-6
638	1.451934253096607e-6
639	1.392531279093844e-6
640	1.3355466412271457e-6
641	1.2808829988755242e-6
642	1.2284462159227223e-6
643	1.1781458104059735e-6
644	1.1298951342883295e-6
645	1.0836112829553828e-6
646	1.0392147341213294e-6
647	9.96628167312144e-7
648	9.557788525919513e-7
649	9.165958310425928e-7
650	8.790117613916193e-7
651	8.429617523561215e-7
652	8.083830207768755e-7
653	7.752164727253505e-7
654	7.434041726068857e-7
655	7.128914780704356e-7
656	6.836253370975544e-7
657	6.555550561620713e-7
658	6.286322476756711e-7
659	6.028099569145578e-7
660	5.780434365312456e-7
661	5.542901001483138e-7
662	5.31508107143737e-7
663	5.096582393465285e-7
664	4.887027634478151e-7
665	4.68604843889003e-7
666	4.4932987574765913e-7
667	4.308440785232431e-7
668	4.1311528382687645e-7
669	3.961129021460126e-7
670	3.798070695091304e-7
671	3.641697125982084e-7
672	3.4917287689141694e-7
673	3.34791162553305e-7
674	3.209992339473308e-7
675	3.077728891176492e-7
676	2.9508903508514224e-7
677	2.8292566412476303e-7
678	2.712615576639249e-7
679	2.600759915072169e-7
680	2.493498082500515e-7
681	2.3906430399152794e-7
682	2.2920093669539086e-7
683	2.197426734560581e-7
684	2.106731532712538e-7
685	2.0197639749822774e-7
686	1.936367941977938e-7
687	1.8564017350340879e-7
688	1.779727014825285e-7
689	1.7062032157099357e-7
690	1.6357037617023566e-7
691	1.5681050330879514e-7
692	1.503288966552151e-7
693	1.4411402145170643e-7
694	1.3815487533214042e-7
695	1.3244124897213033e-7
696	1.2696262818438208e-7
697	1.2170981462221673e-7
698	1.1667355702984845e-7
699	1.1184481420882253e-7
700	1.072150176885487e-7
701	1.0277606296438708e-7
702	9.85200301143803e-8
703	9.443971795404458e-8
704	9.052755281818406e-8
705	8.677693579414766e-8
706	8.31808820439369e-8
707	7.97330970151262e-8
708	7.642796907130696e-8
709	7.325894223911111e-8
710	7.022121221447597e-8
711	6.730848007468656e-8
712	6.451645610892533e-8
713	6.183934722142101e-8
714	5.9273088138080623e-8
715	5.681317941538056e-8
716	5.4454684686323585e-8
717	5.219357225294476e-8
718	5.0026171535966965e-8
719	4.794836303399167e-8
720	4.595638136943331e-8
721	4.404681107065846e-8
722	4.2216582475231216e-8
723	4.046162856558453e-8
724	3.877982968933975e-8
725	3.716752729768355e-8
726	3.562166491606926e-8
727	3.4140318082418856e-8
728	3.272001864690762e-8
729	3.135842554520562e-8
730	3.005378570551713e-8
731	2.8802798667229887e-8
732	2.760381475700753e-8
733	2.645443312920504e-8
734	2.5352831894790956e-8
735	2.4296701739127438e-8
736	2.328483885742689e-8
737	2.2314751958863443e-8
738	2.138478610064971e-8
739	2.0493323579737583e-8
740	1.963931178004027e-8
741	1.8820408458593772e-8
742	1.80356280787363e-8
743	1.728348701892473e-8
744	1.6562532071477313e-8
745	1.587160289036411e-8
746	1.5209039532647682e-8
747	1.4574525950261986e-8
748	1.3966190673176394e-8
749	1.3383240017940312e-8
750	1.28243774678325e-8
751	1.2288591948950437e-8
752	1.177541796670233e-8
753	1.1283361211828206e-8
754	1.0811995524096823e-8
755	1.0360389017713805e-8
756	9.927105616420596e-9
757	9.512294425837659e-9
758	9.114553274752869e-9
759	8.73354007034284e-9
760	8.36814564299025e-9
761	8.018056865575242e-9
762	7.682453587657605e-9
763	7.361048670448103e-9
764	7.053047845213932e-9
765	6.757928819729599e-9
766	6.4749219671647405e-9
767	6.20378680155248e-9
768	5.944034125858403e-9
769	5.695184920709925e-9
770	5.456512140342951e-9
771	5.227814272633155e-9
772	5.008897837762133e-9
773	4.798805903079646e-9
774	4.5976191046366826e-9
775	4.4049110200050175e-9
776	4.220262979586596e-9
777	4.043263781144237e-9
778	3.873509417309858e-9
779	3.7111137467547574e-9
780	3.555429577940772e-9
781	3.4060721573025687e-9
782	3.263172260715611e-9
783	3.126355714548042e-9
784	2.995000010402336e-9
785	2.8692508285175658e-9
786	2.748749919246022e-9
787	2.63314423937566e-9
788	2.522591784837772e-9
789	2.4164950172544955e-9
790	2.31527198286441e-9
791	2.217828962039621e-9
792	2.124591270680951e-9
793	2.035230329587033e-9
794	1.9496729930556257e-9
795	1.8678489762016622e-9
796	1.789189296543868e-9
797	1.7138811846164383e-9
798	1.6418630754722067e-9
799	1.5725761206759243e-9
800	1.5064642744518771e-9
801	1.4429743373931913e-9
802	1.382304405998772e-9
803	1.3241560894166704e-9
804	1.2682341024442554e-9
805	1.2147422726776333e-9
806	1.1636372250034132e-9
807	1.1146298146520452e-9
808	1.0676808338309848e-9
809	1.0227525972519813e-9
810	9.79562363697277e-10
811	9.38322418979442e-10
812	8.987533596378468e-10
813	8.608238729360873e-10
814	8.245038611449673e-10
815	7.897643866347426e-10
816	7.563329865572067e-10
817	7.244281551299786e-10
818	6.940241328418833e-10
819	6.646087669161086e-10
820	6.366468201271364e-10
821	6.09629228529339e-10
822	5.840212029783643e-10
823	5.593166172049322e-10
824	5.354968377877126e-10
825	5.130274510065451e-10
826	4.914064867946771e-10
827	4.706174313196739e-10
828	4.506444164532064e-10
829	4.317126144803408e-10
830	4.133261830029375e-10
831	3.9595153510456165e-10
832	3.7909525248447843e-10
833	3.6322346662986106e-10
834	3.4760633813144334e-10
835	3.3318746432361896e-10
836	3.1900084270190224e-10
837	3.0551276131201857e-10
838	2.9247499803587914e-10
839	2.8011520594496896e-10
840	2.681866045740012e-10
841	2.5691689317714286e-10
842	2.4606066907902157e-10
843	2.35609918868332e-10
844	2.255569408832559e-10
845	2.1589433105629222e-10
846	2.0684961999283168e-10
847	1.981806114850173e-10
848	1.896467598048123e-10
849	1.8170997524390455e-10
850	1.7389659404030536e-10
851	1.6666758638759935e-10
852	1.5955113279499415e-10
853	1.527750222094402e-10
854	1.4633398754859462e-10
855	1.3999146580947307e-10
856	1.3397474986679106e-10
857	1.2850987840556208e-10
858	1.2313038770700566e-10
859	1.1783293871620888e-10
860	1.1261434486791649e-10
861	1.0793022751319895e-10
862	1.0331757657972137e-10
863	9.900222547927462e-11
864	9.475219351579455e-11
865	9.079283271538701e-11
866	8.689312061672799e-11
867	8.305075265181916e-11
868	7.971709782025677e-11
869	7.643502172137002e-11
870	7.320251766925758e-11
871	7.001767088076639e-11
872	6.687865432094581e-11
873	6.423360759896313e-11
874	6.140493090965034e-11
875	5.861634663005322e-11
876	5.6313992666209955e-11
877	5.382382275177494e-11
878	5.159173447759664e-11
879	4.9392580092637036e-11
880	4.7225099507426905e-11
881	4.5310046044261236e-11
882	4.342356453921482e-11
883	4.1564558813344e-11
884	3.973198307936469e-11
885	3.7924839653857244e-11
886	3.6362243870355014e-11
887	3.482246142251021e-11
888	3.3523931498469124e-11
889	3.180790450380984e-11
890	3.055005687154708e-11
891	2.931101889972874e-11
892	2.8090070040022118e-11
893	2.6886522941657895e-11
894	2.5699721939928083e-11
895	2.4529041612843366e-11
896	2.3590128350072644e-11
897	2.266539882482638e-11
898	2.1538837607638743e-11
899	2.0641254228263103e-11
900	1.9756296088622395e-11
901	1.8883490731139184e-11
902	1.8022387532224748e-11
903	1.7386088163595572e-11
904	1.675987222185866e-11
905	1.5930595319389803e-11
906	1.5111416107489707e-11
907	1.4513949326996465e-11
908	1.3925102527551372e-11
909	1.3344550911103965e-11
910	1.2771984715803045e-11
911	1.2207108527438412e-11
912	1.1649640622102832e-11
913	1.1099312338667722e-11
914	1.0765086573677952e-11
915	1.0227885926644971e-11
916	9.905519815726091e-12
917	9.380512651997405e-12
918	8.86147682753812e-12
919	8.762690611274242e-12
920	8.254206833015374e-12
921	7.751115491722762e-12
922	7.665336663004718e-12
923	7.1717166339366664e-12
924	6.888237759695622e-12
925	6.608699672726073e-12
926	6.332956654212157e-12
927	6.060869764034935e-12
928	5.792306528499084e-12
929	5.527140642298381e-12
930	5.468101543603487e-12
931	5.006524844960497e-12
932	4.952897388977697e-12
933	4.699769432796598e-12
934	4.4494899697653824e-12
935	4.4028035852884234e-12
936	3.957101640880773e-12
937	3.914849085091679e-12
938	3.874283985295165e-12
939	3.6361020289175094e-12
940	3.4002614722654434e-12
941	3.365107221309791e-12
942	3.1333344414293414e-12
943	2.9036992233305215e-12
944	2.873340258873374e-12
945	2.844186939486333e-12
946	2.6197941374207313e-12
947	2.3973088252715044e-12
948	2.37225559089856e-12
949	2.348196879479274e-12
950	2.3250858012100862e-12
951	2.1085236464968126e-12
952	1.893637042680156e-12
953	1.8739246293910947e-12
954	1.8549936698342636e-12
955	1.836807251062277e-12
956	1.8193301886759012e-12
957	1.610624012199207e-12
958	1.5948755617268341e-12
959	1.3886538417564403e-12
960	1.3745128677253983e-12
961	1.3609289566412459e-12
962	1.347875723897369e-12
963	1.3353280239200963e-12
964	1.3232618925220387e-12
965	1.1230263886737667e-12
966	1.1122663548490915e-12
967	9.141155632919027e-13
968	9.045792469640507e-13
969	8.954208591403966e-13
970	8.866224438617748e-13
971	8.781668911196126e-13
972	8.700378973758356e-13
973	8.62219927910388e-13
974	8.546981809123593e-13
975	8.474585532346387e-13
976	8.404876077356064e-13
977	6.500786275492351e-13
978	6.440192199023515e-13
979	6.381919733316708e-13
980	6.325858124545494e-13
981	4.4514474383940813e-13
982	4.4036193999262296e-13
983	4.357701221568998e-13
984	4.3136016366055766e-13
985	4.271233703605992e-13
986	4.230514603435267e-13
987	4.191365445708269e-13
988	4.153711084254903e-13
989	4.11747994117953e-13
990	4.082603839117564e-13
991	4.0490178413103997e-13
992	4.0166600991370315e-13
993	3.9854717067577434e-13
994	3.9553965625404175e-13
995	3.926381236955901e-13
996	3.8983748466425027e-13
997	3.8713289343541665e-13
998	3.845197354519508e-13
999	3.8199361641515897e-13
1000	2.0534824708238757e-13