1	0.00003599073315774955
2	0.00006995711866552515
3	0.0001019739106313317
4	0.00013211408210817268
5	0.0001604488202532359
6	0.00018704752533295262
7	0.00021197781327251923
8	0.00023530552146546876
9	0.0002570947175750778
10	0.00027740771107483527
11	0.00029630506728990435
12	0.00031384562371550935
13	0.00033008650840150866
14	0.0003450831602050885
15	0.0003588893507255786
16	0.0003715572077468414
17	0.0003831372400235876
18	0.0003936783632583088
19	0.00040322792712534485
20	0.0004118317432079178
21	0.00041953411372280905
22	0.00042637786091573733
23	0.00043240435701843945
24	0.0004376535546659762
25	0.00044216401767991584
26	0.0004459729521297853
27	0.00044911623759155396
28	0.0004516284585279483
29	0.0004535429357210796
30	0.00045489175769326
31	0.0004557058120569432
32	0.00045601481673951703
33	0.00045584735103319497
34	0.000455230886424492
35	0.0004541918171617788
36	0.00045275549052317405
37	0.00045094623675056964
38	0.0004487873986189085
39	0.0004463013606129588
40	0.0004435095776867553
41	0.0004404326035836165
42	0.00043709011869722404
43	0.00043350095745664806
44	0.0004296831352204461
45	0.0004256538746670697
46	0.0004214296316707588
47	0.00041702612065393197
48	0.00041245833940877305
49	0.0004077405933822965
50	0.0004028865194206231
51	0.0003979091089695678
52	0.0003928207307298891
53	0.0003876331527667021
54	0.0003823575640736361
55	0.0003770045955932862
56	0.0003715843406964309
57	0.0003661063751232965
58	0.0003605797763909065
59	0.0003550131426712561
60	0.0003494146111456628
61	0.00034379187584121767
62	0.00033815220495576876
63	0.0003325024576783318
64	0.00032684910051222256
65	0.00032119822310858437
66	0.00031555555361828297
67	0.0003099264735704491
68	0.0003043160322861608
69	0.0002987289608359957
70	0.00029316968555033023
71	0.0002876423410914363
72	0.00028215078309651434
73	0.0002766986004009107
74	0.000271289126850834
75	0.00026592545271491
76	0.0002606104357039561
77	0.0002553467116083575
78	0.0002501367045623956
79	0.00024498263694487166
80	0.0002398865389253079
81	0.0002348502576649503
82	0.00022987546618173315
83	0.00022496367188826972
84	0.00022011622481185
85	0.0002153343255053201
86	0.00021061903265760188
87	0.00020597127041249765
88	0.00020139183540429965
89	0.0001968814035185819
90	0.00019244053638642556
91	0.00018806968762019176
92	0.0001837692087987851
93	0.00017953935521023158
94	0.00017538029135922472
95	0.00017129209624714705
96	0.00016727476843190494
97	0.00016332823087478722
98	0.00015945233558135118
99	0.00015564686804323368
100	0.00015191155148758614
101	0.00014824605094068525
102	0.0001446499771121191
103	0.00014112289010577962
104	0.00013766430296373688
105	0.00013427368504891548
106	0.00013095046527233933
107	0.00012769403517054684
108	0.0001245037518386438
109	0.00012137894072429225
110	0.00011831889828779223
111	0.00011532289453327278
112	0.00011239017541585606
113	0.00010951996512950674
114	0.00010671146828016715
115	0.00010396387194861214
116	0.00010127634764733533
117	0.00009864805317564104
118	0.00009607813437700248
119	0.00009356572680258509
120	0.00009110995728474839
121	0.00008870994542418549
122	0.00008636480499425923
123	0.00008407364526597914
124	0.00008183557225691573
125	0.00007964968990729809
126	0.00007751510118636393
127	0.0000754309091319824
128	0.00007339621782642346
129	0.00007141013331108001
130	0.00006947176444282981
131	0.00006758022369463324
132	0.0000657346279028777
133	0.00006393409896388133
134	0.00006217776448188207
135	0.0000604647583707532
136	0.00005879422141160878
137	0.0000571653017683719
138	0.000055577155463307524
139	0.000054028946814450334
140	0.000052519848836762235
141	0.00005104904360882393
142	0.000049615722606742446
143	0.00004821908700694578
144	0.0000468583479594202
145	0.000045532726832914165
146	0.000044241455433581736
147	0.000042983776198421894
148	0.00004175894236490123
149	0.000040566218117994936
150	0.00003940487871592765
151	0.000038274210595747214
152	0.00003717351145990204
153	0.00003610209034486744
154	0.00003505926767289428
155	0.00003404437528783694
156	0.00003305675647603607
157	0.00003209576597314766
158	0.000031160769957791785
159	0.00003025114603283647
160	0.000029366283195144733
161	0.000028505581794484143
162	0.000027668453482370782
163	0.00002685432115150471
164	0.000026062618866465082
165	0.000025292791786284833
166	0.000024544296079509425
167	0.00002381659883228666
168	0.000023109177950048497
169	0.000022421522053291676
170	0.000021753130367931453
171	0.00002110351261071607
172	0.000020472188870119102
173	0.000019858689483139638
174	0.00001926255490841349
175	0.000018683335595996695
176	0.000018120591854175213
177	0.000017573893713663926
178	0.000017042820789486346
179	0.00001652696214084287
180	0.00001602591612927382
181	0.00001553929027534628
182	0.000015066701114164443
183	0.000014607774049902746
184	0.000014162143209616897
185	0.00001372945129652383
186	0.000013309349442961857
187	0.000012901497063220149
188	0.000012505561706392272
189	0.000012121218909456447
190	0.000011748152050688243
191	0.000011386052203591733
192	0.000011034617991454397
193	0.000010693555442671318
194	0.00001036257784694424
195	0.000010041405612445049
196	9.729766124091348e-6
197	9.42739360297527e-6
198	9.134028967053475e-6
199	8.849419693194004e-6
200	8.573319680610524e-6
201	8.305489115773905e-6
202	8.045694338882912e-6
203	7.793707711881111e-6
204	7.549307488159662e-6
205	7.312277683901604e-6
206	7.082407951164593e-6
207	6.859493452708557e-6
208	6.643334738638464e-6
209	6.433737624810399e-6
210	6.2305130731147766e-6
211	6.033477073581908e-6
212	5.8424505283841435e-6
213	5.6572591377034595e-6
214	5.47773328748166e-6
215	5.303707939094207e-6
216	5.135022520913259e-6
217	4.971520821760262e-6
218	4.813050886287963e-6
219	4.659464912254254e-6
220	4.5106191496822736e-6
221	4.366373801915265e-6
222	4.226592928568709e-6
223	4.091144350326736e-6
224	3.959899555620455e-6
225	3.83273360913332e-6
226	3.709525062165715e-6
227	3.590155864789519e-6
228	3.4745112798206033e-6
229	3.3624797985661375e-6
230	3.253953058344507e-6
231	3.1488257617373612e-6
232	3.0469955975902005e-6
233	2.9483631636914477e-6
234	2.8528318911431505e-6
235	2.7603079704059934e-6
236	2.6707002789733066e-6
237	2.5839203106556926e-6
238	2.499882106461444e-6
239	2.418502187057683e-6
240	2.339699486756787e-6
241	2.2633952890391663e-6
242	2.189513163564697e-6
243	2.117978904657079e-6
244	2.048720471242808e-6
245	1.98166792820352e-6
246	1.91675338912256e-6
247	1.8539109604257741e-6
248	1.7930766868393418e-6
249	1.7341884982070276e-6
250	1.6771861575702784e-6
251	1.6220112105457392e-6
252	1.5686069359563338e-6
253	1.5169182976579282e-6
254	1.4668918976099955e-6
255	1.418475930088225e-6
256	1.3716201370651057e-6
257	1.3262757647261544e-6
258	1.2823955210764548e-6
259	1.2399335346505478e-6
260	1.1988453142741258e-6
261	1.1590877098435167e-6
262	1.1206188741657952e-6
263	1.0833982257623194e-6
264	1.0473864126216046e-6
265	1.0125452769713335e-6
266	9.78837820907011e-7
267	9.462281729736202e-7
268	9.146815556203629e-7
269	8.841642535100468e-7
270	8.546435827148791e-7
271	8.26087860694054e-7
272	7.984663771002871e-7
273	7.71749365383954e-7
274	7.459079751621341e-7
275	7.209142453175072e-7
276	6.967410778771929e-7
277	6.733622125570611e-7
278	6.507522020508456e-7
279	6.288863879643268e-7
280	6.077408774380535e-7
281	5.872925204119998e-7
282	5.675188875137157e-7
283	5.483982485938361e-7
284	5.299095518026655e-7
285	5.120324033362084e-7
286	4.947470476760036e-7
287	4.780343484283479e-7
288	4.6187576970349687e-7
289	4.462533580020937e-7
290	4.311497246415841e-7
291	4.165480286675059e-7
292	4.0243196026439387e-7
293	3.8878572462930046e-7
294	3.755940263248947e-7
295	3.6284205406078496e-7
296	3.5051546594032596e-7
297	3.3860037512534474e-7
298	3.2708333589568844e-7
299	3.1595133015257046e-7
300	3.051917542758694e-7
301	2.947924064008614e-7
302	2.847414740363892e-7
303	2.750275220691866e-7
304	2.656394811114974e-7
305	2.5656663618854064e-7
306	2.4779861575992804e-7
307	2.3932538108721627e-7
308	2.311372158700975e-7
309	2.2322471624817599e-7
310	2.1557878105131408e-7
311	2.0819060237946113e-7
312	2.0105165642199053e-7
313	1.941536945870505e-7
314	1.8748873489413574e-7
315	1.810490535879475e-7
316	1.7482717706389804e-7
317	1.688158739868996e-7
318	1.6300814766521545e-7
319	1.5739722867157782e-7
320	1.5197656765442605e-7
321	1.4673982840202663e-7
322	1.4168088107466071e-7
323	1.3679379570238685e-7
324	1.3207283584160215e-7
325	1.2751245240145112e-7
326	1.2310727772789844e-7
327	1.1885211979857092e-7
328	1.1474195666237984e-7
329	1.1077193098556208e-7
330	1.0693734481265261e-7
331	1.032336544557212e-7
332	9.965646558140526e-8
333	9.620152841734565e-8
334	9.286473309562069e-8
335	8.964210519306848e-8
336	8.652980136282892e-8
337	8.352410510754645e-8
338	8.062142272507848e-8
339	7.781827930919131e-8
340	7.5111314948787e-8
341	7.249728098820674e-8
342	6.997303646296547e-8
343	6.753554456170289e-8
344	6.518186930970632e-8
345	6.29091722456506e-8
346	6.07147092960814e-8
347	5.859582769404507e-8
348	5.654996298814331e-8
349	5.457463619560188e-8
350	5.266745101152292e-8
351	5.082609109374415e-8
352	4.904831747575731e-8
353	4.7331966015911414e-8
354	4.5674944976313004e-8
355	4.407523260398362e-8
356	4.253087490726359e-8
357	4.103998336500025e-8
358	3.960073283426195e-8
359	3.82113593987832e-8
360	3.6870158441659684e-8
361	3.5575482622634386e-8
362	3.4325740016276654e-8
363	3.311939231211943e-8
364	3.195495297926187e-8
365	3.08309856254843e-8
366	2.9746102289781945e-8
367	2.8698961881779005e-8
368	2.7688268590880455e-8
369	2.6712770410567714e-8
370	2.577125766617837e-8
371	2.4862561646601412e-8
372	2.3985553195801036e-8
373	2.313914143304862e-8
374	2.2322272467692078e-8
375	2.153392815982706e-8
376	2.077312493466823e-8
377	2.0038912651038695e-8
378	1.9330373448390663e-8
379	1.8646620688116136e-8
380	1.798679791589825e-8
381	1.735007784365337e-8
382	1.673566137213168e-8
383	1.6142776654951983e-8
384	1.5570678170451746e-8
385	1.501864585558101e-8
386	1.4485984238947241e-8
387	1.3972021624457778e-8
388	1.347610927652521e-8
389	1.299762067360639e-8
390	1.2535950732857973e-8
391	1.2090515109794591e-8
392	1.1660749480888687e-8
393	1.1246108878874408e-8
394	1.084606703424545e-8
395	1.0460115772144792e-8
396	1.0087764326199841e-8
397	9.728538849874919e-9
398	9.381981766792446e-9
399	9.04765124633969e-9
400	8.72512068197082e-9
401	8.413978145129477e-9
402	8.113825925118012e-9
403	7.824280011694098e-9
404	7.544969650679053e-9
405	7.275536876726616e-9
406	7.015636117827489e-9
407	6.764933693011073e-9
408	6.523107506630069e-9
409	6.289846587271783e-9
410	6.0648507224637675e-9
411	5.847830098571252e-9
412	5.638504941817085e-9
413	5.436605176432237e-9
414	5.241870091805739e-9
415	5.0540480356432495e-9
416	4.872896070292489e-9
417	4.698179714970629e-9
418	4.52967262640441e-9
419	4.367156336326606e-9
420	4.2104199634402845e-9
421	4.0592599693924615e-9
422	3.913479927452594e-9
423	3.772890209508258e-9
424	3.6373078224575175e-9
425	3.5065561567052786e-9
426	3.3804647538781685e-9
427	3.258869088589344e-9
428	3.141610417362415e-9
429	3.028535505074363e-9
430	2.919496503236102e-9
431	2.8143507005707485e-9
432	2.712960390368565e-9
433	2.6151926964388555e-9
434	2.52091938444845e-9
435	2.4300167137014557e-9
436	2.342365271493553e-9
437	2.2578498402805136e-9
438	2.17635923389128e-9
439	2.097786186546133e-9
440	2.0220271756723798e-9
441	1.9489823236104192e-9
442	1.8785552592372482e-9
443	1.8106530024059254e-9
444	1.7451858515564997e-9
445	1.6820672260251046e-9
446	1.6212136293149977e-9
447	1.5625444937873428e-9
448	1.5059820725422723e-9
449	1.4514513827077043e-9
450	1.3988800659070571e-9
451	1.3481983291518179e-9
452	1.2993388318790515e-9
453	1.2522366028192009e-9
454	1.206828990950128e-9
455	1.1630555372330843e-9
456	1.120857922311198e-9
457	1.0801798891599904e-9
458	1.0409671676637814e-9
459	1.0031674230220242e-9
460	9.667301486192872e-10
461	9.316066445068487e-10
462	8.977499307610676e-10
463	8.651146771357699e-10
464	8.336571903316304e-10
465	8.033353058613328e-10
466	7.741083399064598e-10
467	7.459370950020048e-10
468	7.18783727772547e-10
469	6.926117528450034e-10
470	6.673859919993347e-10
471	6.430724969832212e-10
472	6.196385255218555e-10
473	5.970525265227786e-10
474	5.752840449685367e-10
475	5.543037208034037e-10
476	5.340832366405346e-10
477	5.145952884972474e-10
478	4.958135405656475e-10
479	4.777125882847857e-10
480	4.602679482676571e-10
481	4.434560034580776e-10
482	4.272539729673049e-10
483	4.116399062844612e-10
484	3.965926163848202e-10
485	3.820916939804591e-10
486	3.6811743913068595e-10
487	3.5465086625434313e-10
488	3.416736639613803e-10
489	3.2916817449626107e-10
490	3.171173925439428e-10
491	3.055048823939696e-10
492	2.943148399373505e-10
493	2.8353199123588117e-10
494	2.7314164202214477e-10
495	2.631295951145905e-10
496	2.534821711451851e-10
497	2.4418620421820747e-10
498	2.352289562246126e-10
499	2.2659818906463383e-10
500	2.1828208615768952e-10
501	2.102692416325066e-10
502	2.0254869044304098e-10
503	1.9510982581026656e-10
504	1.8794246788388507e-10
505	1.8103674829140103e-10
506	1.7438318785788458e-10
507	1.6797265217453182e-10
508	1.6179632416495424e-10
509	1.5584570082413181e-10
510	1.5011257845691494e-10
511	1.4458908336472922e-10
512	1.3926758977904356e-10
513	1.341407539531923e-10
514	1.2920150685348856e-10
515	1.2444303331998895e-10
516	1.1985876635407902e-10
517	1.1544235250863946e-10
518	1.1118770535716563e-10
519	1.0708893433829776e-10
520	1.0314035355439243e-10
521	9.933650514047408e-11
522	9.567211510090492e-11
523	9.21421072118905e-11
524	8.874158586602236e-11
525	8.546582462839377e-11
526	8.231028313102313e-11
527	7.927056919127284e-11
528	7.634246661053399e-11
529	7.352189234457692e-11
530	7.080493464322992e-11
531	6.818780451708498e-11
532	6.56668527853148e-11
533	6.323857657380048e-11
534	6.089958375345496e-11
535	5.864661556526792e-11
536	5.647652690526669e-11
537	5.4386285934474145e-11
538	5.237296968680821e-11
539	5.043376333950808e-11
540	4.8565971016540666e-11
541	4.67669587376477e-11
542	4.503421929396195e-11
543	4.33653296144406e-11
544	4.175794257109115e-11
545	4.020981389312767e-11
546	3.8718759826393406e-11
547	3.728269787960972e-11
548	3.5899601655643234e-11
549	3.456753904559994e-11
550	3.3284640069173215e-11
551	3.204909941351343e-11
552	3.085918141616189e-11
553	2.9713194408583365e-11
554	2.8609541396893952e-11
555	2.7546657467448757e-11
556	2.652306484922895e-11
557	2.5537297170486526e-11
558	2.458797529609343e-11
559	2.3673760192913528e-11
560	2.2793357389059175e-11
561	2.1945523271452133e-11
562	2.1129064696419014e-11
563	2.0342823177235937e-11
564	1.958567745695286e-11
565	1.8856581967320645e-11
566	1.8154469805877737e-11
567	1.7478379733791742e-11
568	1.6827335840636154e-11
569	1.6200417351472155e-11
570	1.5596735193110483e-11
571	1.5015444312858866e-11
572	1.4455696065895382e-11
573	1.3916713961813093e-11
574	1.3397722008051697e-11
575	1.289798779850885e-11
576	1.2416805328574678e-11
577	1.1953478496261523e-11
578	1.1507358830900878e-11
579	1.1077804265036347e-11
580	1.0664209901799107e-11
581	1.026597716113068e-11
582	9.882537417374832e-12
583	9.513349694077916e-12
584	9.15789001097409e-12
585	8.815650412773964e-12
586	8.486138713240622e-12
587	8.168878942288164e-12
588	7.863421683508192e-12
589	7.569336802810838e-12
590	7.286188172535044e-12
591	7.0135828127332675e-12
592	6.751128411872907e-12
593	6.498456017623088e-12
594	6.255187497965368e-12
595	6.020987489129746e-12
596	5.795513161124711e-12
597	5.5784391701358255e-12
598	5.369464584323221e-12
599	5.16827287515838e-12
600	4.9745869661041806e-12
601	4.7881300901962135e-12
602	4.60862472198441e-12
603	4.435811126789387e-12
604	4.269456981739789e-12
605	4.1093095068805494e-12
606	3.955144119788613e-12
607	3.806726739187199e-12
608	3.66386357444262e-12
609	3.5263346921654508e-12
610	3.3939444949002136e-12
611	3.2664946529660508e-12
612	3.1438259463011557e-12
613	3.0257324362524437e-12
614	2.9120531043990488e-12
615	2.8026259701219146e-12
616	2.6972915845847795e-12
617	2.5959068436742075e-12
618	2.498299029121613e-12
619	2.4043602643226164e-12
620	2.3139317466116487e-12
621	2.226888746639586e-12
622	2.1431155579377775e-12
623	2.0624700279726874e-12
624	1.9848395988399297e-12
625	1.91012679219614e-12
626	1.8382140787484445e-12
627	1.7689901253561507e-12
628	1.7023663265711048e-12
629	1.6382523409273756e-12
630	1.5765209783940994e-12
631	1.5171184806800502e-12
632	1.4599365507101735e-12
633	1.4049128128206182e-12
634	1.3519440224172015e-12
635	1.3009664830928534e-12
636	1.2519111842603596e-12
637	1.2046794888207669e-12
638	1.1592459940482726e-12
639	1.1154969418166185e-12
640	1.0734078215304322e-12
641	1.0328920232956925e-12
642	9.938940840328622e-13
643	9.56366121173306e-13
644	9.20254764759286e-13
645	8.854987921241897e-13
646	8.520376704884471e-13
647	8.198529902567789e-13
648	7.888687266935003e-13
649	7.590579454645781e-13
650	7.303647207893467e-13
651	7.02745925019912e-13
652	6.761806634298438e-13
653	6.50602456085084e-13
654	6.259968407779243e-13
655	6.023114642195388e-13
656	5.795209741923715e-13
657	5.575923381131703e-13
658	5.364833066912573e-13
659	5.161746537756887e-13
660	4.966353197611928e-13
661	4.778209668873655e-13
662	4.597292585212434e-13
663	4.423196417137023e-13
664	4.2555728100383243e-13
665	4.094348860609682e-13
666	3.939147036585394e-13
667	3.7898453398464523e-13
668	3.646225091750045e-13
669	3.507960025320032e-13
670	3.3749530889402375e-13
671	3.246865994694546e-13
672	3.1238060815471e-13
673	3.005273106234822e-13
674	2.891196751029967e-13
675	2.7814651038022e-13
676	2.6759166453166794e-13
677	2.574332403307323e-13
678	2.4765465668812297e-13
679	2.382559115644854e-13
680	2.292055865038722e-13
681	2.204875055190358e-13
682	2.1211229078983422e-13
683	2.0405720750398015e-13
684	1.9630121987012718e-13
685	1.8883652485986346e-13
686	1.8166820690054026e-13
687	1.7476546356278282e-13
688	1.68109224788054e-13
689	1.6171618852910031e-13
690	1.5556560841022478e-13
691	1.49647320753982e-13
692	1.4394919829709202e-13
693	1.38469022873966e-13
694	1.3320189549910447e-13
695	1.2812746616122782e-13
696	1.232589517112188e-13
697	1.185686660567106e-13
698	1.1404944822792815e-13
699	1.0970211483294329e-13
700	1.0552273011192385e-13
701	1.0150224526989473e-13
702	9.763872921606896e-14
703	9.391194765306853e-14
704	9.033345662700763e-14
705	8.688334476790191e-14
706	8.357314755810634e-14
707	8.039502652364567e-14
708	7.732129177595857e-14
709	7.438078258039313e-14
710	7.153095355583221e-14
711	6.881124798620246e-14
712	6.617615616770013e-14
713	6.366214774504308e-14
714	6.123287152455234e-14
715	5.888208434793805e-14
716	5.6633856756347505e-14
717	5.4477446614881505e-14
718	5.23929031132251e-14
719	5.039019594870682e-14
720	4.846994351680011e-14
721	4.662315210972831e-14
722	4.483095813339851e-14
723	4.313068831438267e-14
724	4.147017244284713e-14
725	3.9879783523377004e-14
726	3.8366447965580055e-14
727	3.68864509379109e-14
728	3.547897296482277e-14
729	3.413240348842203e-14
730	3.281059794766634e-14
731	3.156068595832401e-14
732	3.035128886359054e-14
733	2.919379295350238e-14
734	2.8074658757565472e-14
735	2.7009663489464902e-14
736	2.5962027592863937e-14
737	2.496521666410732e-14
738	2.4013656554752846e-14
739	2.310355707140812e-14
740	2.2205213853992418e-14
741	2.1359631134629202e-14
742	2.054039896631503e-14
743	1.975028608830054e-14
744	1.899361529321511e-14
745	1.826223092501623e-14
746	1.7577366782112163e-14
747	1.6891533191809888e-14
748	1.6242654868738238e-14
749	1.561378491016054e-14
750	1.5017355178593873e-14
751	1.4452900216426084e-14
752	1.3892629875192995e-14
753	1.3366625709722552e-14
754	1.2849129894019001e-14
755	1.2343811354914836e-14
756	1.1884076671459937e-14
757	1.1418211838402252e-14
758	1.0981502750266829e-14
759	1.0552585704232239e-14
760	1.015423264761783e-14
761	9.766643777296151e-15
762	9.399747486344079e-15
763	9.035116835179776e-15
764	8.684147413608245e-15
765	8.34437161311269e-15
766	8.028675548607211e-15
767	7.721238570420081e-15
768	7.421488985875261e-15
769	7.129451885337956e-15
770	6.860573630720776e-15
771	6.601251879708606e-15
772	6.338295619874565e-15
773	6.103743440685709e-15
774	5.8705142380821806e-15
775	5.641784028277882e-15
776	5.421221884404612e-15
777	5.212977254710827e-15
778	5.0216677513952155e-15
779	4.822062676123503e-15
780	4.634659617982981e-15
781	4.465307224583021e-15
782	4.2897640463491176e-15
783	4.1145063067925394e-15
784	3.9617400527612344e-15
785	3.808120395576712e-15
786	3.661200684950247e-15
787	3.528910261654356e-15
788	3.3886128946047234e-15
789	3.264256338344423e-15
790	3.1181330049469585e-15
791	3.0058895782570293e-15
792	2.8902884244309593e-15
793	2.7809266181710874e-15
794	2.6720465120672226e-15
795	2.5580658557831138e-15
796	2.4650680148168947e-15
797	2.372230882827402e-15
798	2.2745669452444435e-15
799	2.198948931007122e-15
800	2.1091187153557464e-15
801	2.032376880113247e-15
802	1.9485600146920006e-15
803	1.869486147667328e-15
804	1.807241136737119e-15
805	1.7420384504332934e-15
806	1.6701691304515486e-15
807	1.6041757433556975e-15
808	1.5406767565006257e-15
809	1.4763948507996948e-15
810	1.4243998047044464e-15
811	1.3654362858822382e-15
812	1.3128356432965514e-15
813	1.2638081408482342e-15
814	1.2156505493547984e-15
815	1.1657429460896967e-15
816	1.1280080248148178e-15
817	1.0835930668811567e-15
818	1.0301101143605313e-15
819	9.983842005106856e-16
820	9.531712626408567e-16
821	9.255766415385225e-16
822	8.803423844074687e-16
823	8.488445364804002e-16
824	8.293051375330498e-16
825	7.864273758991529e-16
826	7.519769818267866e-16
827	7.243419162920558e-16
828	7.019614662212413e-16
829	6.663905229383096e-16
830	6.499965331086903e-16
831	6.174574245943711e-16
832	6.013765890097033e-16
833	5.663724494072181e-16
834	5.623946909187078e-16
835	5.197990402132971e-16
836	5.059123853924556e-16
837	4.853250443184808e-16
838	4.741592522812932e-16
839	4.5411771016046475e-16
840	4.414628054245388e-16
841	4.1788780589084654e-16
842	3.997905195441748e-16
843	3.862977449237802e-16
844	3.765644628720021e-16
845	3.697727899489388e-16
846	3.4757222736663176e-16
847	3.266808129883879e-16
848	3.239889526206254e-16
849	3.035488472742503e-16
850	2.999667368838644e-16
851	2.771904226526595e-16
852	2.7001716742845585e-16
853	2.6010567979709353e-16
854	2.4684110294615323e-16
855	2.475205184040469e-16
856	2.4374682232027e-16
857	2.169908220120335e-16
858	2.0260673031208743e-16
859	2.0017815396443332e-16
860	2.093042366864264e-16
861	1.9336332025127492e-16
862	1.8806956796777336e-16
863	1.7487221019366532e-16
864	1.7154459646170873e-16
865	1.5948687785879112e-16
866	1.5657265431904438e-16
867	1.624944862076549e-16
868	1.4019395384885193e-16
869	1.2599765401599384e-16
870	1.196311649111545e-16
871	1.2083032214383317e-16
872	1.2934083820996078e-16
873	1.0777739866745492e-16
874	1.1150149396181622e-16
875	1.2175383027423685e-16
876	1.0094789312909655e-16
877	1.0481165310200594e-16
878	9.573650159169652e-17
879	9.221153647930468e-17
880	9.404909788935953e-17
881	8.219424694200312e-17
882	7.527114189785433e-17
883	7.311233994326709e-17
884	7.555667049539663e-17
885	8.244900195161948e-17
886	7.457471249785506e-17
887	7.077880986242206e-17
888	5.1780964254722044e-17
889	7.487368232847521e-17
890	6.32843597232288e-17
891	5.517330984855619e-17
892	5.0421654039395287e-17
893	4.8914972577685427e-17
894	5.0543138601578766e-17
895	5.5200158170989276e-17
896	4.3334502987917936e-17
897	3.4220340006186634e-17
898	4.7289790191607277e-17
899	4.3437051622982555e-17
900	4.206260424284065e-17
901	4.3082124491709433e-17
902	4.6414456784833344e-17
903	3.2261312657461515e-17
904	2.0190142585367803e-17
905	2.992629149375003e-17
906	4.1679954288814286e-17
907	3.550865091544312e-17
908	3.114558864681455e-17
909	2.852862902141326e-17
910	2.759797046752111e-17
911	2.82960609917022e-17
912	3.0567514113891965e-17
913	3.4359027928497523e-17
914	1.9470986937198293e-17
915	2.611157951318498e-17
916	1.3897517487510565e-17
917	2.3196992446759672e-17
918	3.377860428142345e-17
919	4.911946753734343e-18
920	1.7853979439982862e-17
921	3.195582504601024e-17
922	6.2561763522804304e-18
923	2.248729647674115e-17
924	1.9228798442923034e-17
925	1.6908787277501418e-17
926	1.5494844738427895e-17
927	1.4955774907574684e-17
928	1.5261558387225248e-17
929	1.6383308204937278e-17
930	-2.4837630644576784e-18
931	2.0964567973518858e-17
932	3.5155374457752595e-18
933	7.593907196562856e-18
934	1.2359337183078476e-17
935	-3.185949461490534e-18
936	2.386052291369927e-17
937	9.498814152735997e-18
938	-4.3418871857589354e-18
939	3.452285650894942e-18
940	1.1808250993618771e-17
941	-5.053143573302185e-19
942	8.880536205317471e-18
943	1.8775608809277734e-17
944	7.83108475610512e-18
945	-2.7157720173078444e-18
946	8.532358529235692e-18
947	2.022843139096982e-17
948	1.0866283169660222e-17
949	1.844877374485e-18
950	-6.848711267200528e-18
951	6.385369433519973e-18
952	2.000296838424793e-17
953	1.2300224423826683e-17
954	4.878346539326835e-18
955	-2.2733268921966715e-18
956	-9.165054535150687e-18
957	6.046264915458172e-18
958	-3.146119554671785e-19
959	1.548936730863414e-17
960	9.622869355791916e-18
961	3.9706044805633944e-18
962	-1.475567768037198e-18
963	-6.7234798380919285e-18
964	-1.178066778212168e-17
965	5.520846219524345e-18
966	8.640168084677056e-19
967	1.863302398355472e-17
968	1.4349787317195814e-17
969	1.0223710084543569e-17
970	6.248813967704667e-18
971	2.4193471200918236e-18
972	-1.2702243792224957e-18
973	-4.825224749981416e-18
974	-8.2507764260946e-18
975	-1.1551807673405658e-17
976	-1.4733059921027478e-17
977	4.862313342548132e-18
978	1.9477695128109104e-18
979	-8.601455570058526e-19
980	-3.5654939899628565e-18
981	1.6652007094940438e-17
982	1.41809671036175e-17
983	1.1801230898484908e-17
984	9.509318647201602e-18
985	7.301882616924314e-18
986	5.1757021787350656e-18
987	3.1276790002538662e-18
988	1.1548324193621392e-18
989	-7.457050077599951e-19
990	-2.5766917908104795e-18
991	-4.340781628066615e-18
992	-6.0405273736699126e-18
993	-7.678384855317134e-18
994	-9.256716547999423e-18
995	-1.077779510916299e-17
996	-1.2243806780535453e-17
997	-1.3656854661588624e-17
998	-1.5018961859486943e-17
999	-1.633207452015852e-17
1000	6.004052135230767e-18