1	403779.25859850796
2	786567.184485121
3	1.1489615686571463e6
4	1.4915612085885208e6
5	1.8149644170381671e6
6	2.1197676574984742e6
7	2.406564298672547e6
8	2.675943480745393e6
9	2.9284890865750387e6
10	3.1647788112753564e6
11	3.3853833239935604e6
12	3.590865516002334e6
13	3.781779829529974e6
14	3.9586716620421517e6
15	4.122076840966384e6
16	4.272521164115621e6
17	4.4105200013206545e6
18	4.536577953023258e6
19	4.651188561812868e6
20	4.754834073110208e6
21	4.847985241411587e6
22	4.931101178708115e6
23	5.004629241885321e6
24	5.069004956090675e6
25	5.124651971230122e6
26	5.171982048919716e6
27	5.211395077375676e6
28	5.243279111875646e6
29	5.268010438565987e6
30	5.285953659525108e6
31	5.297461797121019e6
32	5.302876415823299e6
33	5.30252775974518e6
34	5.296734904301253e6
35	5.285805920470373e6
36	5.270038050251889e6
37	5.249717891996939e6
38	5.225121594384857e6
39	5.196515057898685e6
40	5.164154142732934e6
41	5.128284882141744e6
42	5.089143700306415e6
43	5.046957633868111e6
44	5.001944556334935e6
45	4.954313404631868e6
46	4.904264407118566e6
47	4.851989312452879e6
48	4.797671618727754e6
49	4.741486802356436e6
50	4.683602546224773e6
51	4.624178966671209e6
52	4.563368838894025e6
53	4.501317820421855e6
54	4.438164672318246e6
55	4.374041477822906e6
56	4.309073858162626e6
57	4.2433811852930775e6
58	4.177076791359153e6
59	4.110268174686043e6
60	4.043057202136377e6
61	3.975540307690236e6
62	3.907808687124665e6
63	3.8399484886881323e6
64	3.7720409996823836e6
65	3.7041628288805066e6
66	3.636386084724415e6
67	3.568778549259193e6
68	3.501403847774009e6
69	3.434321614131225e6
70	3.3675876517761652e6
71	3.3012540904295864e6
72	3.23536953847434e6
73	3.1699792310557985e6
74	3.105125173923156e6
75	3.040846283045748e6
76	2.9771785200446784e6
77	2.9141550234857006e6
78	2.851806236084335e6
79	2.790160027878894e6
80	2.7292418154309224e6
81	2.6690746771164215e6
82	2.609679464574087e6
83	2.5510749103798894e6
84	2.493277732019367e6
85	2.4363027322313613e6
86	2.380162895798383e6
87	2.3248694828604143e6
88	2.2704321188299167e6
89	2.21685888098685e6
90	2.1641563818330537e6
91	2.112329849285741e6
92	2.0613832037902083e6
93	2.011319132431708e6
94	1.9621391601264973e6
95	1.91384371797156e6
96	1.8664322088322514e6
97	1.8199030702464485e6
98	1.774253834723088e6
99	1.7294811875122564e6
100	1.6855810219229956e6
101	1.642548492264141e6
102	1.6003780644822966e6
103	1.5590635645700675e6
104	1.5185982248164003e6
105	1.4789747279696474e6
106	1.44018524938274e6
107	1.4022214972084174e6
108	1.3650747507112413e6
109	1.3287358967615732e6
110	1.2931954645754737e6
111	1.258443658762828e6
112	1.2244703907447122e6
113	1.191265308599577e6
114	1.1588178253961895e6
115	1.127117146070022e6
116	1.0961522928981546e6
117	1.0659121296264166e6
118	1.036385384300923e6
119	1.0075606708548315e6
120	979426.5094996329
121	951971.3459689363
122	925183.5696612112
123	899051.530726663
124	873563.556142036
125	848707.9648156719
126	824473.0817640149
127	800847.2513992705
128	777818.8499667745
129	755376.2971692851
130	733508.0670142033
131	712202.697918541
132	691448.8021052411
133	671235.0743232706
134	651550.2999228672
135	632383.3623160993
136	613723.249851906
137	595559.0621336647
138	577880.0158063696
139	560675.4498394367
140	543934.8303302543
141	527647.7548525378
142	511803.9563727698
143	496393.3067569593
144	481405.81988920434
145	466831.6544226397
146	452661.11618248536
147	438884.66024025605
148	425492.8926772342
149	412476.5720547562
150	399826.6106079245
151	387534.0751788835
152	375590.18790490046
153	363986.32667604124
154	352714.02537638485
155	341764.9739223138
156	331131.01811065373
157	320804.1592889854
158	310776.55385980976
159	301040.5126298058
160	291588.50001476565
161	282413.1331104994
162	273507.1806393095
163	264863.5617813358
164	256475.3448995354
165	248335.74616668426
166	240438.12810234702
167	232775.99802740142
168	225343.00644327753
169	218132.9453427398
170	211139.74645870624
171	204357.47945719457
172	197780.35008025676
173	191402.69824437043
174	185218.9960994881
175	179223.84605368896
176	173411.97876808708
177	167778.25112632426
178	162317.6441828485
179	157025.26109385036
180	151896.32503448997
181	146926.17710593904
182	142110.27423537773
183	137444.18707207416
184	132923.59788232908
185	128544.29844598292
186	124302.18795696241
187	120193.27093017659
188	116213.65511697208
189	112359.54943108342
190	108627.2618870386
191	105013.19755267599
192	101513.85651742398
193	98125.8318777887
194	94845.80774142135
195	91670.55725105216
196	88596.9406293476
197	85621.90324581883
198	82742.47370668882
199	79955.76196854698
200	77258.95747662733
201	74649.32732835316
202	72124.2144627379
203	69681.03587627233
204	67317.28086563914
205	65030.509297790886
206	62818.34990765096
207	60678.498623764266
208	58608.71692208187
209	56606.83020816651
210	54670.72622783115
211	52798.353506401254
212	50987.71981657477
213	49236.89067494108
214	47543.98786713316
215	45907.18800149441
216	44324.72109122825
217	42794.869164906006
218	41315.964905131346
219	39886.39031522807
220	38504.57541376015
221	37168.99695663687
222	35878.1771865522
223	34630.68260955264
224	33425.12279839569
225	32260.149222457218
226	31134.45410382922
227	30046.769299351155
228	28995.86520819279
229	27980.54970467965
230	26999.667095989138
231	26052.097104389828
232	25136.75387361105
233	24252.584999033428
234	23398.570581281692
235	22573.722302833477
236	21777.082527289353
237	21007.72342090625
238	20264.74609599986
239	19547.279775812072
240	18854.480980487435
241	18185.532733728007
242	17539.64378975676
243	16916.047880191636
244	16314.002980429208
245	15732.790595168277
246	15171.715062679028
247	14630.102877406182
248	14107.302030578629
249	13602.681368375494
250	13115.629967347091
251	12645.55652665536
252	12191.888776786662
253	11754.072904401717
254	11331.572992892963
255	10923.870478365752
256	10530.463620644903
257	10150.866988965194
258	9784.610962024546
259	9431.241242027369
260	9090.318382412228
261	8761.417328944428
262	8444.12697379241
263	8138.049722338178
264	7842.801072402094
265	7558.009205492398
266	7283.31458990502
267	7018.369595272376
268	6762.838118322624
269	6516.395219562407
270	6278.726770557557
271	6049.529111611512
272	5828.508719513543
273	5615.381885104108
274	5409.874400411669
275	5211.721255119356
276	5020.666342059308
277	4836.462171569977
278	4658.869594400882
279	4487.657532999131
280	4322.602720901992
281	4163.489450037565
282	4010.109325718281
283	3862.2610290837183
284	3719.750086856462
285	3582.388648096733
286	3449.9952678828527
287	3322.394697631059
288	3199.4176819019544
289	3080.9007615229007
290	2966.686082812497
291	2856.6212127629974
292	2750.5589599896034
293	2648.3572012976015
294	2549.8787136836495
295	2454.9910116413616
296	2363.566189581406
297	2275.4807692420723
298	2190.615551951484
299	2108.8554755568903
300	2030.0894759373664
301	1954.2103529119415
302	1881.1146404579717
303	1810.7024810740445
304	1742.8775041854497
305	1677.5467084662862
306	1614.6203479577193
307	1554.011821853923
308	1495.637567888318
309	1439.416959142894
310	1385.2722042453045
311	1333.1282507933918
312	1282.9126919596201
313	1234.5556761283046
314	1187.9898194967723
315	1143.1501215692479
316	1099.9738833944787
317	1058.4006285289577
318	1018.3720265993371
319	979.8318193833433
320	942.7257493602742
321	907.0014906126265
322	872.608582050558
323	839.4983628260173
324	807.6239099251308
325	776.9399778598577
326	747.402940339448
327	718.9707339380295
328	691.6028036167852
329	665.2600501151177
330	639.9047790882319
331	615.5006519797042
332	592.0126385328595
333	569.4069709277344
334	547.6510994789154
335	526.7136498098786
336	506.5643815090845
337	487.1741481908944
338	468.5148588976713
339	450.5594408573969
340	433.28180347724714
341	416.65680360036964
342	400.6602119250074
343	385.2686806202845
344	370.45971200077497
345	356.21162833553416
346	342.50354265252236
347	329.31533057842074
348	316.6276031555303
349	304.4216805762916
350	292.6795668452223
351	281.3839253266158
352	270.51805512271085
353	260.0658682958109
354	250.0118678618416
355	240.34112658641158
356	231.03926646783276
357	222.0924390010559
358	213.48730607616693
359	205.21102160350728
360	197.25121371489826
361	189.59596766045473
362	182.23380926483446
363	175.15368896606492
364	168.3449664577148
365	161.7973958153062
366	155.50111119996595
367	149.4466130292333
368	143.62475467204567
369	138.02672958910136
370	132.64405894849102
371	127.4685796587106
372	122.49243286227319
373	117.70805280557666
374	113.10815612508019
375	108.68573151434673
376	104.43402975522918
377	100.34655409996637
378	96.41705102066707
379	92.63950126839835
380	89.00811125872923
381	85.51730477238232
382	82.1617149516148
383	78.93617658133765
384	75.83571865705059
385	72.85555720921822
386	69.99108839771631
387	67.23788184783305
388	64.59167423664587
389	62.048363096774516
390	59.60400086407148
391	57.2547891236444
392	54.99707307922289
393	52.82733621336331
394	50.742195147583395
395	48.73839467823356
396	46.81280302863957
397	44.96240721481397
398	43.18430864093636
399	41.475718820506934
400	39.83395525929328
401	38.25643750286928
402	36.74068330669453
403	35.28430497060164
404	33.88500578962499
405	32.54057664752476
406	31.248892717720032
407	30.007910323768815
408	28.81566385866168
409	27.670262870076826
410	26.569889227797134
411	25.512794398090755
412	24.497296822270126
413	23.52177939068672
414	22.584687011031594
415	21.68452426236894
416	20.819853150206132
417	19.989290922831987
418	19.191507989616166
419	18.42522590311511
420	17.689215426283514
421	16.98229466174383
422	16.303327249702953
423	15.651220658353106
424	15.02492449878648
425	14.423428929393191
426	13.845763116727952
427	13.290993752150822
428	12.758223607804524
429	12.24659018147771
430	11.755264353551752
431	11.283449129914288
432	10.830378402995088
433	10.395315771789814
434	9.977553411566447
435	9.576410977147342
436	9.191234553358282
437	8.821395638047807
438	8.466290172564014
439	8.125337596841376
440	7.797979957827481
441	7.483681033259754
442	7.181925499517769
443	6.892218126463633
444	6.614083003024246
445	6.347062803954011
446	6.090718056504016
447	5.84462646390047
448	5.608382244252856
449	5.381595483419007
450	5.163891532465101
451	4.95491041029199
452	4.7543062420466615
453	4.561746712847688
454	4.376912535337058
455	4.199496955911118
456	4.0292052635257365
457	3.865754323389447
458	3.7088721286226467
459	3.5582973644280393
460	3.413779001454044
461	3.2750758868630934
462	3.1419563654302376
463	3.014197912171777
464	2.89158676741753
465	2.773917606216037
466	2.660993208403941
467	2.552624130693827
468	2.448628419916547
469	2.3488313100299707
470	2.2530649421812177
471	2.1611681011416377
472	2.072985951651364
473	1.9883697834376368
474	1.907176782084873
475	1.8292697907526831
476	1.7545170912562833
477	1.682792189452289
478	1.6139736122116979
479	1.5479447109153632
480	1.4845934677507675
481	1.4238123180778761
482	1.3654979753174419
483	1.3095512583591236
484	1.255876937008715
485	1.2043835689180835
486	1.154983357899393
487	1.107592004798909
488	1.0621285723541813
489	1.0185153520089831
490	0.9766777326829181
491	0.9365440889720626
492	0.898045648866219
493	0.8611163947520845
494	0.825692942732781
495	0.791714449090152
496	0.7591225031861114
497	0.7278610288471636
498	0.6978762031530914
499	0.6691163525810652
500	0.6415318778922666
501	0.6150751710866409
502	0.5897005291320188
503	0.5653640891448716
504	0.5420237422301006
505	0.5196390797569086
506	0.49817131162795414
507	0.47758320679973915
508	0.45783903358473976
509	0.43890449866812287
510	0.4207466903360022
511	0.40333401715053563
512	0.3866361659864112
513	0.370624044494157
514	0.355269732008301
515	0.3405464344277982
516	0.3264284387232674
517	0.3128910734630657
518	0.299910658303133
519	0.2874644732856779
520	0.27553071806797086
521	0.2640884707626886
522	0.25311765787193824
523	0.24259901739920775
524	0.2325140677337967
525	0.22284507701994924
526	0.2135750299307044
527	0.20468760316990514
528	0.1961671331906031
529	0.1879985946050575
530	0.18016756880186605
531	0.1726602251876504
532	0.16546329466936535
533	0.15856404558205875
534	0.15195026598809594
535	0.14561023929596226
536	0.1395327262246878
537	0.13370694508088607
538	0.1281225533407769
539	0.12276962953284758
540	0.11763865444713632
541	0.11272050138484865
542	0.10800641204721431
543	0.10348798633672583
544	0.09915716846423601
545	0.09500622946598049
546	0.09102775858611059
547	0.08721464530600687
548	0.0835600720775854
549	0.08005749775348882
550	0.0767006497444052
551	0.0734835125576931
552	0.07040031653190904
553	0.06744553046349955
554	0.06461384605340054
555	0.06190017549459335
556	0.05929963626714711
557	0.056807550789436334
558	0.05441942970978614
559	0.05213096907720017
560	0.04993804213334107
561	0.04783669124891775
562	0.04582312089528022
563	0.043893692513271625
564	0.042044917690606524
565	0.04027344793570194
566	0.03857607869354179
567	0.0369497305055624
568	0.0353914558227125
569	0.03389842654934864
570	0.03246793134747672
571	0.031097369533778178
572	0.02978425108474682
573	0.028526184673228833
574	0.027320880401048707
575	0.026166141442809744
576	0.02505986176071354
577	0.024000023848419455
578	0.022984691493079818
579	0.022012010175840153
580	0.0210802008124565
581	0.020187559398871
582	0.019332451715072602
583	0.018513310592573492
584	0.01772863404387919
585	0.01697698260763811
586	0.01625697674082805
587	0.015567294257671177
588	0.014906667014097034
589	0.014273879253567238
590	0.01366776756656593
591	0.013087214508986665
592	0.012531150240681313
593	0.011998548619816899
594	0.011488428066453137
595	0.010999845394038891
596	0.010531898299719886
597	0.010083721612887026
598	0.009654485162205614
599	0.009243395506747989
600	0.00884969000288035
601	0.008472638588673977
602	0.008111542495282526
603	0.007765731479274082
604	0.007434561864700126
605	0.007117419094438714
606	0.006813712793451737
607	0.006522878594347599
608	0.006244373293693668
609	0.005977678906771691
610	0.005722297867730106
611	0.005477754149777353
612	0.005243589294790007
613	0.005019367886417559
614	0.004804669989715648
615	0.0045990937592657695
616	0.004402254426133707
617	0.004213782599501853
618	0.004033326826786882
619	0.003860546280138247
620	0.003695118267254648
621	0.0035367316620364946
622	0.0033850881027052866
623	0.0032399038416858652
624	0.0031009053807436876
625	0.002967829988845832
626	0.0028404275595386064
627	0.002718458362551237
628	0.0026016915241829867
629	0.0024899062224153297
630	0.00238289351288776
631	0.002280448816960594
632	0.0021823797945682098
633	0.0020884995429918604
634	0.001998631752520245
635	0.0019126053000308567
636	0.0018302567657265327
637	0.0017514315885987179
638	0.0016759774798716974
639	0.0016037539983643138
640	0.0015346214962238453
641	0.0014684500032684418
642	0.001405113362933667
643	0.0013444904311131144
644	0.0012864656157621152
645	0.001230928777930421
646	0.0011777745146473084
647	0.0011268996117706172
648	0.001078208537547632
649	0.001031607185952176
650	0.0009870071191775346
651	0.0009443230400088268
652	0.0009034721385014456
653	0.0008643776484632779
654	0.0008269633611396837
655	0.0007911583776818136
656	0.0007568934601514537
657	0.0007241027732341094
658	0.0006927238212190416
659	0.0006626956391551566
660	0.0006339605104538656
661	0.0006064639051612316
662	0.0005801515496102312
663	0.0005549734319262843
664	0.0005308814406726105
665	0.0005078282009718995
666	0.0004857698838124023
667	0.00046466333215069397
668	0.00044446772861398055
669	0.0004251445503428309
670	0.0004066558678948126
671	0.00038896653873667997
672	0.0003720408690640397
673	0.00035584753345436186
674	0.00034035460493774325
675	0.00032553173321068726
676	0.0003113501146727738
677	0.0002977824627219023
678	0.00028480244736918544
679	0.00027238415075926025
680	0.00026050416707449085
681	0.00024913945513606935
682	0.0002382668151693368
683	0.00022786548892116958
684	0.00021791555933902313
685	0.0002083974225100869
686	0.0001992917853342843
687	0.0001905816942945889
688	0.00018225046153604987
689	0.0001742806574463597
690	0.00016665713505017646
691	0.00015936498694684627
692	0.0001523900387055645
693	0.00014571834190437062
694	0.00013933666264378245
695	0.00013323295522744323
696	0.00012739439471867546
697	0.00012181029706659946
698	0.00011646966658324329
699	0.00011136168480385813
700	0.00010647618463965558
701	0.0001018036369004168
702	0.0000973346662601915
703	0.00009306098661959701
704	0.00008897351241495592
705	0.00008506469894471552
706	0.00008132619991281012
707	0.00007775072517077718
708	0.00007433201597391945
709	0.00007106209637555918
710	0.00006793583612301403
711	0.00006494548739992872
712	0.00006208656516731517
713	0.000059351983961366116
714	0.00005673743517313301
715	0.00005423779639721365
716	0.00005184715390306297
717	0.000049561002199651975
718	0.00004737534259737717
719	0.00004528537851340465
720	0.00004328682355922954
721	0.00004137588958374067
722	0.000039549274839732384
723	0.000037802042784570464
724	0.000036132282632915816
725	0.000034535604020262166
726	0.000033008525116387256
727	0.00003154927590192886
728	0.000030153645526441536
729	0.000028819134116482632
730	0.000027544095552709817
731	0.000026324481302878734
732	0.000025158730384479035
733	0.00002404410453157097
734	0.00002297870919393716
735	0.000021959889154710544
736	0.000020986610613113886
737	0.00002005589591164549
738	0.000019165990423771053
739	0.000018315168978899615
740	0.000017502505666904484
741	0.000016725172118869494
742	0.000015982298045508708
743	0.000015272267414021278
744	0.000014593492465546467
745	0.000013944788089485427
746	0.000013324243609795927
747	0.000012731836692657597
748	0.000012165328823105935
749	0.000011623990743854368
750	0.000011106375085274631
751	0.00001061142363303399
752	0.000010138817408341545
753	9.68680623689353e-6
754	9.255099671836028e-6
755	8.84270058607167e-6
756	8.447924970839404e-6
757	8.071224985842744e-6
758	7.710948052513328e-6
759	7.366860852330124e-6
760	7.037698079511816e-6
761	6.723247293323233e-6
762	6.422616235525922e-6
763	6.135607132478038e-6
764	5.861349985831019e-6
765	5.599326470530998e-6
766	5.3486942107098315e-6
767	5.109289564944824e-6
768	4.880620866471834e-6
769	4.6622051841647125e-6
770	4.453242762123725e-6
771	4.2535971203759504e-6
772	4.063132797816222e-6
773	3.880755637086959e-6
774	3.7066668646012266e-6
775	3.5404287895411466e-6
776	3.3816119570103427e-6
777	3.2297950712645445e-6
778	3.0845649192282847e-6
779	2.9461341915389617e-6
780	2.813787663001584e-6
781	2.6871305781607735e-6
782	2.56638314547387e-6
783	2.4511555120539025e-6
784	2.340765564514593e-6
785	2.2354407025170203e-6
786	2.1348088400410063e-6
787	2.0385054714622294e-6
788	1.946759617724438e-6
789	1.8589200281344632e-6
790	1.7755079989232062e-6
791	1.6953045451925782e-6
792	1.6188353109515956e-6
793	1.5457594250766537e-6
794	1.4760259641367298e-6
795	1.4095844030918142e-6
796	1.3458259481329355e-6
797	1.2849885879414347e-6
798	1.2270279537040692e-6
799	1.1713513849958456e-6
800	1.1184704814292282e-6
801	1.067799850097358e-6
802	1.0195757031070717e-6
803	9.73492498218034e-7
804	9.292515102148627e-7
805	8.870897344618845e-7
806	8.46975052848594e-7
807	8.086143408235047e-7
808	7.719807983408996e-7
809	7.370478404090361e-7
810	7.035326134092665e-7
811	6.71668603393349e-7
812	6.411765159549484e-7
813	6.12035297587287e-7
814	5.842240650909537e-7
815	5.577221049349073e-7
816	5.322617687480295e-7
817	5.080728631349972e-7
818	4.851351594990472e-7
819	4.6294358482686347e-7
820	4.419693328022669e-7
821	4.217136862930808e-7
822	4.026420129478981e-7
823	3.8426189598357775e-7
824	3.6656297603108666e-7
825	3.500019583099368e-7
826	3.340957531790587e-7
827	3.188342919250718e-7
828	3.0420758875410066e-7
829	2.904333527930923e-7
830	2.7704508536091557e-7
831	2.6448683207609543e-7
832	2.522980701429514e-7
833	2.409172217063499e-7
834	2.296692744521637e-7
835	2.1942932227658858e-7
836	2.093092179066358e-7
837	1.9974051163798647e-7
838	1.904992415471631e-7
839	1.8179385102681188e-7
840	1.734033009826634e-7
841	1.6553336446522904e-7
842	1.5796589868051826e-7
843	1.5069617403457288e-7
844	1.4371950092140483e-7
845	1.3703122955693596e-7
846	1.308305356751943e-7
847	1.2490637390977744e-7
848	1.190531284281001e-7
849	1.1366986416948994e-7
850	1.0835125962505153e-7
851	1.0349112957451466e-7
852	9.868953299061145e-8
853	9.414057810782534e-8
854	8.98399659681701e-8
855	8.55915265318218e-8
856	8.158552394778481e-8
857	7.800709252455037e-8
858	7.447211482605523e-8
859	7.098029296034015e-8
860	6.753133011335061e-8
861	6.449346459414432e-8
862	6.149285735932033e-8
863	5.8711018600435175e-8
864	5.596344252183111e-8
865	5.34291837706974e-8
866	5.092625531753008e-8
867	4.8454438782575976e-8
868	4.636476477475522e-8
869	4.430092426962621e-8
870	4.226273653830922e-8
871	4.025002152687878e-8
872	3.8262599856373826e-8
873	3.663954785612807e-8
874	3.4868259430880735e-8
875	3.311938972557733e-8
876	3.172497801734447e-8
877	3.0183073888826274e-8
878	2.882458197721259e-8
879	2.748327965125777e-8
880	2.615904409348248e-8
881	2.5012086828444022e-8
882	2.3879680067369192e-8
883	2.2761719362634226e-8
884	2.1658100671128996e-8
885	2.0568720354129077e-8
886	1.964818527711865e-8
887	1.8739466640252643e-8
888	1.7994978516405147e-8
889	1.6957136124376443e-8
890	1.6233665502616037e-8
891	1.5519498907828236e-8
892	1.4814568461174798e-8
893	1.4118806552792417e-8
894	1.3432145841652978e-8
895	1.2754519255416875e-8
896	1.2229739254960276e-8
897	1.1711754006312138e-8
898	1.1058734810912337e-8
899	1.0555231297281969e-8
900	1.0058367568720239e-8
901	9.568094177247077e-9
902	9.084361875710951e-9
903	8.743742574405721e-9
904	8.407535332651266e-9
905	7.941112252292036e-9
906	7.481045811513043e-9
907	7.159878044682858e-9
908	6.842981487741596e-9
909	6.530323911891011e-9
910	6.221873221612058e-9
911	5.917597454547894e-9
912	5.617464781383662e-9
913	5.321443505723253e-9
914	5.155239593621196e-9
915	4.866388187815159e-9
916	4.705384884165793e-9
917	4.4235985254177356e-9
918	4.14577720755241e-9
919	4.113883075580924e-9
920	3.842033114538863e-9
921	3.574065824209512e-9
922	3.5463756320321905e-9
923	3.2842460603456506e-9
924	3.1422992080694334e-9
925	3.002307241646685e-9
926	2.8642548929209153e-9
927	2.7281269594678096e-9
928	2.593908304516392e-9
929	2.4615838568688438e-9
930	2.44214518881686e-9
931	2.2025576260698985e-9
932	2.1850800060702575e-9
933	2.059313927201756e-9
934	1.9353724872500747e-9
935	1.9199022023426386e-9
936	1.6929048063403285e-9
937	1.6793059694535915e-9
938	1.6657830101403078e-9
939	1.5490647122303427e-9
940	1.434093272493147e-9
941	1.4224585088623339e-9
942	1.3101114566822642e-9
943	1.199473100398313e-9
944	1.1896682782142456e-9
945	1.1799190168445415e-9
946	1.0727063855615047e-9
947	9.671553830062321e-10
948	9.59168942164027e-10
949	9.51228164851114e-10
950	9.433328922871175e-10
951	8.41934690273764e-10
952	7.421426222046554e-10
953	7.359348535806971e-10
954	7.297629824337326e-10
955	7.236268826021046e-10
956	7.175264281010262e-10
957	6.225288272402011e-10
958	6.172529780040873e-10
959	5.245782979708724e-10
960	5.201089494228732e-10
961	5.156658645072983e-10
962	5.112489495485128e-10
963	5.068581110099103e-10
964	5.024932554947718e-10
965	4.1512859507274923e-10
966	4.1153428672071893e-10
967	3.2636914102559857e-10
968	3.2352790322035766e-10
969	3.2070367758123775e-10
970	3.1789640241292116e-10
971	3.1510601611726835e-10
972	3.123324571938327e-10
973	3.095756642403769e-10
974	3.068355759533843e-10
975	3.0411213112856146e-10
976	3.0140526866133445e-10
977	2.2403621473924106e-10
978	2.2203080351262136e-10
979	2.2003769204905314e-10
980	2.1805683482187473e-10
981	1.4405881269085587e-10
982	1.4275448850773812e-10
983	1.4145824310134782e-10
984	1.4017004632511376e-10
985	1.3888986808450935e-10
986	1.3761767833727196e-10
987	1.36353447093619e-10
988	1.3509714441646006e-10
989	1.3384874042161052e-10
990	1.3260820527799737e-10
991	1.3137550920786697e-10
992	1.3015062248698606e-10
993	1.289335154448447e-10
994	1.2772415846485421e-10
995	1.2652252198454068e-10
996	1.2532857649574082e-10
997	1.2414229254479123e-10
998	1.229636407327153e-10
999	1.2179259171541282e-10
1000	6.031457367185659e-11