1	0.9595420144570157
2	3.742407506185041
3	8.20896819855945
4	14.224681960560176
5	21.66011576985283
6	30.390949240856127
7	40.297960559177604
8	51.26699654179896
9	63.188928426928356
10	75.95959488822879
11	89.47973366489154
12	103.65490310149406
13	118.39539479949114
14	133.61613849529735
15	149.23660019797404
16	165.1806745423196
17	181.3765722404264
18	197.75670344633411
19	214.2575577840216
20	230.81958172848982
21	247.3870539728625
22	263.9079593611016
23	280.33386191594775
24	296.6197774448184
25	312.7240461625588
26	328.60820572888696
27	344.23686506004043
28	359.5775792383227
29	374.6007258098478
30	389.27938272965787
31	403.589208184416
32	417.50832249593435
33	431.01719228377766
34	444.0985170419724
35	456.737118263343
36	468.9198312251121
37	480.6353995310182
38	491.87437248825404
39	502.6290053819246
40	512.8931626953745
41	522.6622243115738
42	531.9329947187043
43	540.7036152320767
44	548.9734792344937
45	556.7431504280452
46	564.0142840820781
47	570.7895512546288
48	577.0725659578842
49	582.8678152322481
50	588.1805920882141
51	593.0169312704942
52	597.3835477946817
53	601.287778203016
54	604.7375244826864
55	607.7412005873374
56	610.3076815001525
57	612.4462547749292
58	614.1665744900231
59	615.47861754875
60	616.3926422589043
61	616.9191491233888
62	617.0688437735008
63	616.8526019762637
64	616.2814366471798
65	615.3664668000348
66	614.1188883657117
67	612.5499468125786
68	610.6709115016447
69	608.4930517105104
70	606.0276142610785
71	603.2858026869619
72	600.278757877695
73	597.0175401380021
74	593.5131126016461
75	589.7763259406859
76	585.8179043123517
77	581.648432487118
78	577.2783441030125
79	572.7179109926627
80	567.9772335310392
81	563.066231953387
82	557.9946385943
83	552.7719910004521
84	547.4076258709538
85	541.9106737808517
86	536.2900546447601
87	530.5544738791119
88	524.7124192229727
89	518.7721581788298
90	512.741736036205
91	506.62897444231476
92	500.44147048545994
93	494.18659625811154
94	487.8714988680661
95	481.50310086729877
96	475.0881010694591
97	468.6329757281884
98	462.1439800496619
99	455.6271500139424
100	449.0883044808992
101	442.5330475575642
102	435.9667712048858
103	429.39465806291497
104	422.8216844744754
105	416.25262368836604
106	409.6920492241228
107	403.1443383812701
108	396.6136758769281
109	390.1040575964739
110	383.6192944428421
111	377.1630162707976
112	370.73867589333395
113	364.34955314810907
114	357.9987590124927
115	351.6892397565571
116	345.42378112396153
117	339.2050125313451
118	333.03541127742574
119	326.9173067536155
120	320.8528846484997
121	314.8441911390841
122	308.89313706219065
123	303.00150205990246
124	297.17093869342773
125	291.4029765201431
126	285.6990261290753
127	280.060383130412
128	274.4882320950661
129	268.9836504406492
130	263.5476122605612
131	258.180992093244
132	252.8845686289369
133	247.6590283515648
134	242.50496911369387
135	237.42290364271034
136	232.41326297665606
137	227.47639982836887
138	222.61259187680432
139	217.82204498461218
140	213.10489634124932
141	208.46121753105817
142	203.89101752596054
143	199.39424560251686
144	194.9707941832988
145	190.62050160263368
146	186.3431547968927
147	182.1384919196724
148	178.00620488224342
149	173.9459418198377
150	169.95730948433683
151	166.03987556411147
152	162.19317093175255
153	158.4166918205838
154	154.70990193083313
155	151.07223446647686
156	147.50309410376093
157	144.00185889249695
158	140.56788209123684
159	137.20049393751304
160	133.89900335429186
161	130.66269959391764
162	127.49085382074928
163	124.38272063378173
164	121.3375395305261
165	118.35453631345325
166	115.43292444030382
167	112.57190631959305
168	109.77067455261987
169	107.0284131233073
170	104.34429853721043
171	101.71750091099041
172	99.14718501369794
173	96.63251126115802
174	94.17263666475722
175	91.76671573593832
176	89.41390134768521
177	87.11334555423755
178	84.86420037032266
179	82.66561851112931
180	80.51675409422909
181	78.41676330468987
182	76.36480502451582
183	74.36004142762994
184	72.40163854151123
185	70.48876677663456
186	68.62060142481083
187	66.79632312750742
188	65.01511831523644
189	63.27617961901024
190	61.57870625493422
191	59.92190438289072
192	58.30498744031683
193	56.72717645200892
194	55.187700316889
195	53.685796072662264
196	52.22070913919873
197	50.79169354155122
198	49.39801211342479
199	48.03893668189824
200	46.713748234230536
201	45.421737067497006
202	44.162202921791014
203	42.93445509777517
204	41.7378125592089
205	40.57160402121785
206	39.43516802491734
207	38.32785299905814
208	37.24901730928712
209	36.19802929569251
210	35.17426729914012
211	34.17711967703046
212	33.20598480897364
213	32.260271092944876
214	31.339396932430887
215	30.44279071502188
216	29.56989078296424
217	28.720145396130942
218	27.893012687816732
219	27.087960613811664
220	26.304466895167767
221	25.54201895503622
222	24.80011384994603
223	24.07825819592661
224	23.37596808978192
225	22.692769025886694
226	22.028195808791555
227	21.381792461989413
228	20.75311213310374
229	20.14171699580538
230	19.547178148714128
231	18.96907551156783
232	18.406997718873246
233	17.860542011321712
234	17.32931412516699
235	16.81292817977792
236	16.311006563594994
237	15.823179818681275
238	15.349086524052119
239	14.888373177953316
240	14.440694079285345
241	14.005711208307304
242	13.58309410679132
243	13.17251975776893
244	12.77367246500006
245	12.386243732310616
246	12.00993214291771
247	11.644443238838747
248	11.289489400538272
249	10.944789726861506
250	10.610069915412035
251	10.285062143416528
252	9.969504949180573
253	9.663143114241688
254	9.36572754623995
255	9.077015162637016
256	8.79676877531246
257	8.52475697610427
258	8.26075402336895
259	8.004539729585778
260	7.755899350077015
261	7.514623472897136
262	7.280507909882896
263	7.053353588959942
264	6.832966447735204
265	6.619157328334731
266	6.411741873625599
267	6.210540424756276
268	6.015377920083752
269	5.826083795506197
270	5.642491886178463
271	5.464440329691366
272	5.291771470675862
273	5.124331766852216
274	4.961971696544399
275	4.804545667677287
276	4.651911928211618
277	4.5039324780913335
278	4.360472982632852
279	4.22140268741769
280	4.086594334641881
281	3.9559240809415717
282	3.8292714166924338
283	3.706519086747636
284	3.587553012675369
285	3.472262216381493
286	3.360538745227963
287	3.2522775985479644
288	3.147376655581259
289	3.045736604831556
290	2.9472608748001923
291	2.8518555661134926
292	2.7594293850104408
293	2.6698935781939324
294	2.5831618690096736
295	2.49915039496614
296	2.417777646544188
297	2.338964407306653
298	2.2626336952996504
299	2.1887107056858692
300	2.117122754649447
301	2.047799224500949
302	1.9806715100129777
303	1.915672965929815
304	1.8527388556568394
305	1.7918063011071437
306	1.7328142336847883
307	1.675703346371797
308	1.620416046948269
309	1.5668964122537832
310	1.5150901435473787
311	1.4649445228856743
312	1.4164083705577635
313	1.3694320035040772
314	1.3239671947286293
315	1.2799671337095118
316	1.237386387723085
317	1.1961808641398444
318	1.1563077736272351
319	1.1177255942423976
320	1.0803940364317137
321	1.0442740088727485
322	1.009327585194296
323	0.9755179714879249
324	0.9428094746617174
325	0.9111674716078753
326	0.8805583791055498
327	0.8509496245365462
328	0.8223096173052629
329	0.7946077210350208
330	0.7678142264499039
331	0.7419003249804771
332	0.7168380830292652
333	0.6926004169292032
334	0.669161068565306
335	0.6464945816034562
336	0.6245762783775112
337	0.6033822373849148
338	0.5828892713546682
339	0.5630749059465987
340	0.5439173589739523
341	0.5253955202215579
342	0.507488931771247
343	0.4901777689141013
344	0.47344282151103956
345	0.4572654759315541
346	0.4416276974273782
347	0.42651201302384717
348	0.4119014948860343
349	0.39777974411295736
350	0.38413087500167403
351	0.3709394997560604
352	0.35819071359544546
353	0.3458700803074928
354	0.3339636181758141
355	0.32245778634869543
356	0.311339471519513
357	0.30059597506784236
358	0.29021500048829035
359	0.2801846412529891
360	0.2704933689256498
361	0.26113002171006683
362	0.2520837932682937
363	0.24334422185875956
364	0.23490117984262904
365	0.22674486341193428
366	0.21886578268600632
367	0.21125475204038863
368	0.20390288076452223
369	0.1968015639538128
370	0.18994247369369038
371	0.1833175504686904
372	0.17691899487295346
373	0.17073925951583088
374	0.16477104119350022
375	0.1590072732892005
376	0.15344111839061397
377	0.14806596111738396
378	0.14287540119529052
379	0.13786324670406344
380	0.133023507534601
381	0.1283503890500198
382	0.12383828593243212
383	0.11948177620918579
384	0.11527561547173498
385	0.11121473125100755
386	0.10729421757915136
387	0.10350932970348245
388	0.09985547897481929
389	0.09632822786803437
390	0.09292328518389466
391	0.08963650136977805
392	0.08646386400558435
393	0.08340149341176452
394	0.08044563840072434
395	0.07759267214043786
396	0.07483908820139225
397	0.07218149663028503
398	0.06961662024137849
399	0.06714129096610387
400	0.06475244632392922
401	0.062447126025129036
402	0.06022246864280866
403	0.05807570842744922
404	0.05600417219094737
405	0.05400527630807874
406	0.05207652378209657
407	0.05021550146559655
408	0.04841987727384288
409	0.046687397572991084
410	0.04501588460812644
411	0.04340323401619592
412	0.041847412423216664
413	0.040346455114822176
414	0.03889846378187987
415	0.03750160433002512
416	0.03615410478297979
417	0.034854253214415466
418	0.03360039578176893
419	0.03239093479917325
420	0.031224326889470185
421	0.030099081177933373
422	0.029013757541784747
423	0.027966964960819875
424	0.026957359851167702
425	0.025983644499773067
426	0.025044565543778173
427	0.024138912495784308
428	0.02326551628725604
429	0.022423247922206527
430	0.021611017103981965
431	0.020827770971579722
432	0.02007249282368761
433	0.01934420090690446
434	0.018641947253329884
435	0.017964816539425436
436	0.017311924993037006
437	0.016682419323006806
438	0.016075475700921625
439	0.015490298753535699
440	0.014926120621754968
441	0.014382200015630522
442	0.013857821321222196
443	0.013352293728229051
444	0.012864950386784159
445	0.012395147615115613
446	0.011942264079053548
447	0.011505700055062809
448	0.011084876697814747
449	0.010679235309920078
450	0.010288236675334248
451	0.009911360379752078
452	0.009548104179492435
453	0.009197983379325111
454	0.008860530216827707
455	0.00853529330430744
456	0.008221837056554453
457	0.007919741150052501
458	0.007628600000594942
459	0.007348022248846795
460	0.007077630288940809
461	0.006817059776037614
462	0.00656595918007172
463	0.006323989348411854
464	0.0060908230587820005
465	0.005866144629842241
466	0.005649649519778903
467	0.005441043915665807
468	0.005240044397300755
469	0.005046377554495375
470	0.004859779641449432
471	0.0046799962549637555
472	0.004506782001538085
473	0.004339900172342823
474	0.0041791224640928114
475	0.00402422867025064
476	0.003875006404861751
477	0.0037312508266905166
478	0.003592764380015528
479	0.0034593565413632804
480	0.003330843564125781
481	0.0032070482510153315
482	0.0030877997246162884
483	0.002972933196089723
484	0.002862289767464007
485	0.002755716207785184
486	0.002653064771193314
487	0.0025541929917127387
488	0.002458963503806474
489	0.0023672438615506687
490	0.0022789063564719768
491	0.002193827875036434
492	0.002111889703099731
493	0.0020329774028778956
494	0.0019569806342324206
495	0.0018837930349834024
496	0.0018133120647208566
497	0.0017454388640372454
498	0.00168007815115202
499	0.0016171380602265258
500	0.0015565300445050407
501	0.001498168756796957
502	0.0014419719182370003
503	0.0013878602356365746
504	0.001335757263355414
505	0.0012855893412641534
506	0.0012372854608169376
507	0.001190777182614882
508	0.0011459985506807175
509	0.001102886000712645
510	0.0010613782760597406
511	0.001021416329475051
512	0.0009829432710947385
513	0.0009459042747864203
514	0.0009102465032961067
515	0.0008759190412423468
516	0.000842872824984519
517	0.000811060585879768
518	0.000780436762943264
519	0.0007509574646833151
520	0.000722580403128946
521	0.0006952648248011842
522	0.0006689714689198325
523	0.0006436625060818419
524	0.0006193014904457035
525	0.0005958533116765207
526	0.0005732841383992845
527	0.0005515613834634096
528	0.0005306536469689875
529	0.0005105306866381858
530	0.0004911633604545778
531	0.0004725236021815645
532	0.0004545843746744624
533	0.00043731962854027715
534	0.0004207042771795172
535	0.0004047141523953412
536	0.0003893259763996699
537	0.00037451732817864734
538	0.0003602666124910183
539	0.0003465530287499868
540	0.00033335653703845097
541	0.00032065784882554497
542	0.0003084383762411997
543	0.00029668021984367024
544	0.000285366145273187
545	0.0002744795487973865
546	0.0002640044475815174
547	0.00025392544232369883
548	0.00024422771013375146
549	0.0002348969697871162
550	0.0002259194717164376
551	0.00021728197691966013
552	0.00020897173581212842
553	0.0002009764780439053
554	0.00019328437747554133
555	0.00018588405566974107
556	0.00017876454677729094
557	0.00017191530644310578
558	0.00016532617110553687
559	0.0001589873585629287
560	0.00015288945198143502
561	0.0001470233838712005
562	0.0001413804227847489
563	0.00013595216548765085
564	0.0001307305235967755
565	0.00012570769919564964
566	0.00012087620442451167
567	0.00011622880955172484
568	0.0001117585707621128
569	0.00010745879743772551
570	0.00010332304966214531
571	0.00009934512471391575
572	0.00009551906276772497
573	0.00009183911413246246
574	0.00008829975315978342
575	0.0000848956564424906
576	0.0000816217002202248
577	0.00007847295776597793
578	0.00007544468030679936
579	0.00007253230261818389
580	0.00006973142667131671
581	0.0000670378244603187
582	0.00006444742437742606
583	0.0000619563058057776
584	0.00005956069644112245
585	0.00005725696686637845
586	0.00005504162512036382
587	0.00005291131126159092
588	0.000050862789195382685
589	0.00004889294396688306
590	0.000046998784507544464
591	0.00004517742452471638
592	0.000043426090707004286
593	0.00004174211180595114
594	0.00004012292409021019
595	0.00003856605224592854
596	0.000037069120280086354
597	0.00003562984060091535
598	0.0000342460085590042
599	0.0000329155105980983
600	0.000031636305176674255
601	0.000030406430916934073
602	0.00002922400385431983
603	0.00002808720925301206
604	0.000026994296150469815
605	0.00002594358819325619
606	0.000024933467309099264
607	0.000023962381819882747
608	0.000023028830134100926
609	0.00002213137698553996
610	0.000021268637128956964
611	0.000020439280726672796
612	0.000019642019779950802
613	0.00001887562974092397
614	0.000018138922416245933
615	0.000017430756758120446
616	0.000016750036121248293
617	0.0000160957028258558
618	0.00001546674891201935
619	0.000014862189126065987
620	0.000014281090553244505
621	0.000013722548310374218
622	0.0000131856909099266
623	0.000012669688291875736
624	0.00001217373563826664
625	0.000011697056040596104
626	0.000011238908523716382
627	0.00001079857994258729
628	0.000010375379585579433
629	9.968644512230187e-6
630	9.577747546992564e-6
631	9.20206777483567e-6
632	8.841022656213779e-6
633	8.494041219010644e-6
634	8.160585428399968e-6
635	7.840128763344743e-6
636	7.5321668848301e-6
637	7.236222929376972e-6
638	6.951820809502364e-6
639	6.678525177795514e-6
640	6.415896090619625e-6
641	6.163526275017342e-6
642	5.921017132504049e-6
643	5.6879840456605765e-6
644	5.464059008467638e-6
645	5.248890592772379e-6
646	5.042141263678098e-6
647	4.843476761563288e-6
648	4.6525899243577245e-6
649	4.469174171565656e-6
650	4.292942015653082e-6
651	4.123614451107437e-6
652	3.960918303100751e-6
653	3.804602040304407e-6
654	3.6544120032304083e-6
655	3.5101134855944276e-6
656	3.3714748969274687e-6
657	3.238275649824734e-6
658	3.1103061319080236e-6
659	2.9873598046044964e-6
660	2.869241070277269e-6
661	2.7557652418935384e-6
662	2.6467454224046596e-6
663	2.542010835568921e-6
664	2.44139631785347e-6
665	2.3447370831306e-6
666	2.251881778459541e-6
667	2.1626794026486554e-6
668	2.0769871294862e-6
669	1.994670282974391e-6
670	1.915594509666937e-6
671	1.8396361798291527e-6
672	1.766666772029582e-6
673	1.6965762487966436e-6
674	1.629249657900877e-6
675	1.564577518980069e-6
676	1.5024558067275011e-6
677	1.4427859336642929e-6
678	1.3854721496671439e-6
679	1.3304189548547125e-6
680	1.2775414172509785e-6
681	1.2267548274529852e-6
682	1.1779721292160264e-6
683	1.1311167915134283e-6
684	1.0861150590123417e-6
685	1.0428933774283511e-6
686	1.0013783970777247e-6
687	9.61507223456916e-7
688	9.232171352901181e-7
689	8.864404736099744e-7
690	8.511199961549288e-7
691	8.171986234708716e-7
692	7.84621991258648e-7
693	7.533358935533293e-7
694	7.232888299895051e-7
695	6.944345381874731e-7
696	6.667218121203218e-7
697	6.401097529200699e-7
698	6.145550471469314e-7
699	5.900145135050857e-7
700	5.664476345240264e-7
701	5.438165457918752e-7
702	5.220835003703043e-7
703	5.012159146400634e-7
704	4.811762662172531e-7
705	4.6193470585396695e-7
706	4.434564485083241e-7
707	4.257118476174877e-7
708	4.0867637048386444e-7
709	3.923155343054653e-7
710	3.766099986187251e-7
711	3.615254727065916e-7
712	3.4704527755868636e-7
713	3.3313780716923487e-7
714	3.197865284133519e-7
715	3.0696997736035585e-7
716	2.946617868744828e-7
717	2.8284314042555705e-7
718	2.7149776758022055e-7
719	2.606044919080093e-7
720	2.5014469002603367e-7
721	2.4010227877043813e-7
722	2.304637022199525e-7
723	2.2120557458298746e-7
724	2.1232186240065303e-7
725	2.0379176600718154e-7
726	1.955994870877744e-7
727	1.8773911695423485e-7
728	1.8019003226440688e-7
729	1.729415003458749e-7
730	1.6598772510365288e-7
731	1.5930824766055728e-7
732	1.5289735489844537e-7
733	1.467420280577242e-7
734	1.4083417530089194e-7
735	1.3516086338834934e-7
736	1.2971893977922408e-7
737	1.2449311179893292e-7
738	1.1947543028409295e-7
739	1.1465797614214448e-7
740	1.1003770190701717e-7
741	1.0559947888707376e-7
742	1.0134031826468449e-7
743	9.7252415336537e-8
744	9.332799685731451e-8
745	8.956172732266522e-8
746	8.594348532671329e-8
747	8.24751940266448e-8
748	7.914437887581904e-8
749	7.594819838698457e-8
750	7.287903784224441e-8
751	6.99317038660008e-8
752	6.710579491384721e-8
753	6.439137821026502e-8
754	6.178808351458544e-8
755	5.929078604338255e-8
756	5.6889636730975304e-8
757	5.4589053699668366e-8
758	5.237922639626423e-8
759	5.025984723489063e-8
760	4.8223523934837116e-8
761	4.626997300817283e-8
762	4.439419967625046e-8
763	4.259593578319754e-8
764	4.0870214305634935e-8
765	3.9214437111175794e-8
766	3.762367457852013e-8
767	3.609769947859821e-8
768	3.4633947077936465e-8
769	3.322986393135155e-8
770	3.1880577865940926e-8
771	3.0585894596124344e-8
772	2.9345618868823668e-8
773	2.8152592378388034e-8
774	2.7008963829252083e-8
775	2.5912239695822936e-8
776	2.4859938234569803e-8
777	2.3849589556006134e-8
778	2.2878735695584503e-8
779	2.194953416104592e-8
780	2.1057233401277874e-8
781	2.0199402044331508e-8
782	1.9378205236239834e-8
783	1.8591216804506017e-8
784	1.783373702747003e-8
785	1.710793900622696e-8
786	1.6411423806477493e-8
787	1.5741804876849473e-8
788	1.5101253910399094e-8
789	1.4485120245326257e-8
790	1.389784438953314e-8
791	1.3330261410047864e-8
792	1.2786817537098095e-8
793	1.2265162614657223e-8
794	1.1765212583626585e-8
795	1.1286883057378559e-8
796	1.0825595546794936e-8
797	1.0383528287276097e-8
798	9.960605806817067e-9
799	9.552278252545362e-9
800	9.16295685757076e-9
801	8.788104420078624e-9
802	8.429891366974945e-9
803	8.086026976560741e-9
804	7.754233531427746e-9
805	7.436680849412777e-9
806	7.133311384286783e-9
807	6.841856796836285e-9
808	6.562269138227808e-9
809	6.294500298625742e-9
810	6.036301406641701e-9
811	5.7898313226427285e-9
812	5.552847564810181e-9
813	5.3253114655920854e-9
814	5.107184234182423e-9
815	4.898426958479857e-9
816	4.696820113780582e-9
817	4.504511777217417e-9
818	4.321462696724712e-9
819	4.143292742579512e-9
820	3.974316715003808e-9
821	3.81016780802398e-9
822	3.6551471368371048e-9
823	3.5049012567244735e-9
824	3.359410671033908e-9
825	3.222955930861955e-9
826	3.0912037130965986e-9
827	2.9641343280982247e-9
828	2.8417280315067537e-9
829	2.726101450354835e-9
830	2.6129584674617815e-9
831	2.506548607441631e-9
832	2.4025893138142552e-9
833	2.305316333009037e-9
834	2.2083413893381724e-9
835	2.1201284829480895e-9
836	2.0321870890622475e-9
837	1.9487356453907903e-9
838	1.8676483608563817e-9
839	1.7910174118556485e-9
840	1.7167238224720244e-9
841	1.64685280923685e-9
842	1.5792922265637834e-9
843	1.514032020036972e-9
844	1.45106211212804e-9
845	1.3903724026463182e-9
846	1.3340306799316283e-9
847	1.279941950618649e-9
848	1.2260250714136286e-9
849	1.1764152616321555e-9
850	1.126963847457808e-9
851	1.0817921092857688e-9
852	1.0367652431945062e-9
853	9.939370013372068e-10
854	9.532970996422772e-10
855	9.127886434914846e-10
856	8.744548898821898e-10
857	8.40325113288402e-10
858	8.063062589329558e-10
859	7.723984539179397e-10
860	7.386018226946482e-10
861	7.089676924754191e-10
862	6.794309526567266e-10
863	6.520102953969836e-10
864	6.246802131786083e-10
865	5.994523647614309e-10
866	5.743082466543473e-10
867	5.492479418037413e-10
868	5.282735646002051e-10
869	5.073690800724632e-10
870	4.865345542798996e-10
871	4.657700516870314e-10
872	4.4507563517015976e-10
873	4.2841816142495843e-10
874	4.098369099425512e-10
875	3.9131885898600146e-10
876	3.768096716401687e-10
877	3.6038037969578483e-10
878	3.4597310182500026e-10
879	3.3161507102043166e-10
880	3.17306324832084e-10
881	3.050020208192934e-10
882	2.927399908274522e-10
883	2.805202651304785e-10
884	2.6834287308961186e-10
885	2.562078431573506e-10
886	2.460526046200266e-10
887	2.3593268711854293e-10
888	2.277784181998772e-10
889	2.1579890345386794e-10
890	2.0770828388273468e-10
891	1.99645965682986e-10
892	1.9161196506528245e-10
893	1.836062976515882e-10
894	1.756289784777669e-10
895	1.6768002199617797e-10
896	1.6166131926565071e-10
897	1.5566389102021455e-10
898	1.4779298654552938e-10
899	1.4184169698470033e-10
900	1.3591171223236434e-10
901	1.3000304125673353e-10
902	1.2411569260002612e-10
903	1.201266320273152e-10
904	1.1615178437554263e-10
905	1.1032132335802102e-10
906	1.0451221354793089e-10
907	1.0058716543141606e-10
908	9.667635181476568e-11
909	9.277977709829391e-11
910	8.889744540674963e-11
911	8.502936059058431e-11
912	8.11755262272203e-11
913	7.733594562231994e-11
914	7.534836539894747e-11
915	7.153373420493862e-11
916	6.956397438465529e-11
917	6.577430188640243e-11
918	6.199889538712957e-11
919	6.187757119123052e-11
920	5.812356656227425e-11
921	5.438383238411958e-11
922	5.42767786243549e-11
923	5.05584530698455e-11
924	4.8656469828074227e-11
925	4.6761625033300524e-11
926	4.487391915144616e-11
927	4.2993352519856385e-11
928	4.111992534791658e-11
929	3.9253637717669124e-11
930	3.917515703017374e-11
931	3.5542480777412636e-11
932	3.547114642239902e-11
933	3.3629849747528097e-11
934	3.17956915137534e-11
935	3.173151114844797e-11
936	2.8148787692177704e-11
937	2.8091752428912725e-11
938	2.80347256872496e-11
939	2.62291220560104e-11
940	2.4430652317248553e-11
941	2.4380777167149546e-11
942	2.259301014707734e-11
943	2.081237338246135e-11
944	2.0769646151614163e-11
945	2.0726927804417383e-11
946	1.8960555005034214e-11
947	1.720130673766224e-11
948	1.71657304344165e-11
949	1.7130162699188352e-11
950	1.709460380422546e-11
951	1.535316959473346e-11
952	1.3618851251393229e-11
953	1.3590425116770623e-11
954	1.3562006977568836e-11
955	1.3533597046190854e-11
956	1.3505195534448763e-11
957	1.1792223094909502e-11
958	1.1767386269288842e-11
959	1.0065071161330512e-11
960	1.0043795401492591e-11
961	1.0022526799289085e-11
962	1.0001265508612312e-11
963	9.980011682927038e-12
964	9.958765475259842e-12
965	8.281292831247073e-12
966	8.263599962153364e-12
967	6.5967536183662104e-12
968	6.582609376544989e-12
969	6.568470773325772e-12
970	6.554337906778676e-12
971	6.5402108747181444e-12
972	6.5260897746950446e-12
973	6.511974703989151e-12
974	6.497865759601915e-12
975	6.483763038249584e-12
976	6.469666636356576e-12
977	4.841701581411873e-12
978	4.831138246352805e-12
979	4.820579894225243e-12
980	4.81002659537412e-12
981	3.1996740674514605e-12
982	3.1926445806360482e-12
983	3.1856186342300193e-12
984	3.1785962733712564e-12
985	3.1715775430961074e-12
986	3.1645624883347386e-12
987	3.157551153906654e-12
988	3.1505435845164065e-12
989	3.143539824749527e-12
990	3.1365399190685498e-12
991	3.129543911809295e-12
992	3.122551847177236e-12
993	3.11556376924407e-12
994	3.10857972194443e-12
995	3.1015997490727046e-12
996	3.0946238942800515e-12
997	3.0876522010715036e-12
998	3.080684712803201e-12
999	3.0737214726798e-12
1000	1.5333968443972473e-12