1	463480.0843959987
2	902784.8045208883
3	1.318606602005207e6
4	1.7116388341181176e6
5	2.0825740619491541e6
6	2.4321024848044077e6
7	2.7609105119956243e6
8	3.069679463638699e6
9	3.3590843924977505e6
10	3.6297930193130462e6
11	3.882464774436074e6
12	4.1177499389635776e6
13	4.33628887891499e6
14	4.538711366334915e6
15	4.725635981524701e6
16	4.897669590915279e6
17	5.055406895387634e6
18	5.19943004412846e6
19	5.330308309376604e6
20	5.448597817671912e6
21	5.554841333462157e6
22	5.64956809115638e6
23	5.733293671934725e6
24	5.806519921836019e6
25	5.869734907845614e6
26	5.923412908897189e6
27	5.968014438884552e6
28	6.003986298952568e6
29	6.031761656500972e6
30	6.051760148491391e6
31	6.064388006796254e6
32	6.070038203469654e6
33	6.069090613953825e6
34	6.061912196362058e6
35	6.048857185099151e6
36	6.030267297194747e6
37	6.006471949832845e6
38	5.977788487663174e6
39	5.944522418576958e6
40	5.906967656721211e6
41	5.865406771612233e6
42	5.820111242290923e6
43	5.77134171553964e6
44	5.719348267253454e6
45	5.664370666127305e6
46	5.606638638885507e6
47	5.546372136341215e6
48	5.483781599630917e6
49	5.419068226023312e6
50	5.3524242337527415e6
51	5.284033125375372e6
52	5.214069949191237e6
53	5.142701558317286e6
54	5.0700868670365e6
55	4.99637710408492e6
56	4.921716062573296e6
57	4.846240346272469e6
58	4.770079612022121e6
59	4.693356808050607e6
60	4.616188408020284e6
61	4.538684640637248e6
62	4.460949714687329e6
63	4.383082039381637e6
64	4.305174439914508e6
65	4.227314368155453e6
66	4.149584108413212e6
67	4.0720609782262403e6
68	3.9948175241481364e6
69	3.917921712509939e6
70	3.8414371151538114e6
71	3.76542309014342e6
72	3.689934957467187e6
73	3.615024169759709e6
74	3.5407384780753567e6
75	3.4671220927559244e6
76	3.394215839441281e6
77	3.3220573102783635e6
78	3.250681010389551e6
79	3.1801184996667686e6
80	3.110398529962004e6
81	3.041547177749289e6
82	2.9735879723363756e6
83	2.9065420197078274e6
84	2.8404281220835587e6
85	2.775262893279403e6
86	2.7110608699579984e6
87	2.6478346188599574e6
88	2.5855948401064053e6
89	2.5243504666650393e6
90	2.464108760072469e6
91	2.4048754025059016e6
92	2.346654585297702e6
93	2.289449093985981e6
94	2.2332603899944797e6
95	2.1780886890343158e6
96	2.123933036319803e6
97	2.0707913786897878e6
98	2.018660633725008e6
99	1.9675367559511866e6
100	1.9174148002162818e6
101	1.8682889823293646e6
102	1.8201527370471198e6
103	1.7729987734927784e6
104	1.7268191280908273e6
105	1.6816052150993145e6
106	1.637347874820185e6
107	1.5940374195663403e6
108	1.5516636774626768e6
109	1.5102160341565786e6
110	1.4696834725118554e6
111	1.4300546103582096e6
112	1.3913177363668021e6
113	1.3534608441207868e6
114	1.3164716644477805e6
115	1.2803376960797831e6
116	1.2450462347041443e6
117	1.2105844004676347e6
118	1.1769391639938205e6
119	1.1440973709724168e6
120	1.1120457653775238e6
121	1.0807710113700607e6
122	1.0502597139379971e6
123	1.0204984383264615e6
124	991473.7283082152
125	963172.1233432647
126	935580.1746750809
127	908684.460409152
128	882471.5996182775
129	856928.2655174434
130	832041.1977497205
131	807797.2138232611
132	784183.219738042
133	761186.2198396539
134	738793.3259362208
135	716991.7657131176
136	695768.890479009
137	675112.1822754481
138	655009.2603811322
139	635447.8872407108
140	616415.9738469771
141	597901.5846040683
142	579892.941698392
143	562378.4290027878
144	545346.5955385742
145	528786.1585190798
146	512686.00599726423
147	497035.1991392819
148	481822.9741447261
149	467038.74383366364
150	452672.098919491
151	438712.80898608215
152	425150.82318668586
153	411976.27068149025
154	399179.4608298161
155	386750.88315241714
156	374681.2070784968
157	362961.28149152943
158	351582.13408723293
159	340534.9705565388
160	329811.1736056432
161	319402.30182489584
162	309300.08841748355
163	299496.43979852175
164	289983.4340745496
165	280753.3194129975
166	271798.5123106814
167	263111.59576997056
168	254685.31739078634
169	246512.58738620693
170	238586.47652906817
171	230900.21403649444
172	223447.18539902192
173	216220.93016053402
174	209215.13965491828
175	202423.654705063
176	195840.46328947556
177	189459.69818143538
178	183275.63456544702
179	177282.68763538214
180	171475.4101784264
181	165848.49014882342
182	160396.74823496747
183	155115.13542338432
184	149998.73056274178
185	145042.73793094038
186	140242.48480807594
187	135593.41905788056
188	131091.10672013188
189	126731.22961620745
190	122509.58296999177
191	118422.0730459928
192	114464.71480652246
193	110633.62958956076
194	106925.04280883668
195	103335.28167756624
196	99860.77295702316
197	96498.04073120016
198	93243.7042085679
199	90094.47555184922
200	87047.15773673473
201	84098.64244024546
202	81245.90795938998
203	78486.01716080775
204	75816.1154617619
205	73233.42884306848
206	70735.26189423281
207	68318.995891142
208	65982.08690650055
209	63722.06395331194
210	61536.52716139855
211	59423.14598715491
212	57379.6574564837
213	55403.86444096217
214	53493.633967190006
215	51646.895559163524
216	49861.63961361981
217	48135.91580819014
218	46467.83154211423
219	44855.55040934564
220	43297.2907038123
221	41791.32395653408
222	40335.97350429463
223	38929.6130896163
224	37570.6654916386
225	36257.60118760772
226	34988.93704455568
227	33763.23504086036
228	32579.101017238285
229	31435.18345680379
230	30330.17229375813
231	29262.797750322425
232	28231.829201431894
233	27236.074066826437
234	26274.37673004943
235	25345.61748390368
236	24448.711501948732
237	23582.607835576495
238	22746.28843620531
239	21938.767202122985
240	21159.08904956305
241	20406.32900751519
242	19679.591335839563
243	18978.00866622283
244	18300.741165511696
245	17646.975720994084
246	17015.92514717148
247	16406.827413546795
248	15818.944893046448
249	15251.56363055871
250	14703.992631236888
251	14175.563168066235
252	13665.628108292694
253	13173.561258325522
254	12698.756726619815
255	12240.628304209305
256	11798.608862431396
257	11372.149767450315
258	10960.720311207655
259	10563.807158371854
260	10180.913808933641
261	9811.560076079304
262	9455.281578904838
263	9111.629249681419
264	8780.168855304726
265	8460.480532482352
266	8152.158336455033
267	7854.809802793344
268	7568.055521994428
269	7291.5287265488
270	7024.874890104987
271	6767.751338499563
272	6519.82687227808
273	6280.781400416429
274	6050.305584960352
275	5828.100496305701
276	5613.877278774265
277	5407.356826294205
278	5208.2694678255
279	5016.354662338648
280	4831.360703032072
281	4653.044430560692
282	4481.170955029033
283	4315.513386470972
284	4155.852573657929
285	4001.9768508790066
286	3853.68179260607
287	3710.7699757184823
288	3573.0507491118583
289	3440.3400104952093
290	3312.4599901327724
291	3189.2390413649623
292	3070.511437690449
293	2956.1171762386693
294	2845.9017874232627
295	2739.7161506274692
296	2637.4163157054627
297	2538.863330157354
298	2443.923071819064
299	2352.466086857447
300	2264.3674329736764
301	2179.5065276017335
302	2097.767001003545
303	2019.036554072657
304	1943.2068207295456
305	1870.1732347649988
306	1799.834900994263
307	1732.0944705757572
308	1666.858020416424
309	1604.0349364634283
310	1543.5378008401858
311	1485.2822826454294
312	1429.1870323598594
313	1375.1735796940322
314	1323.1662347983936
315	1273.0919927538735
316	1224.8804411748415
317	1178.4636709020972
318	1133.7761896430304
319	1090.7548384670743
320	1049.338711100049
321	1009.4690758836044
322	971.0893003664455
323	934.1447783773315
324	898.5828595654202
325	864.3527813184035
326	831.4056029238532
327	799.6941419904092
328	769.1729129698108
329	739.7980677943326
330	711.5273384918494
331	684.319981764467
332	658.1367254224056
333	632.9397166571745
334	608.6924720808031
335	585.3598294361535
336	562.9079009829717
337	541.3040284730305
338	520.5167396425556
339	500.5157062367916
340	481.2717034328379
341	462.7565706900362
342	444.94317391490245
343	427.80536897779166
344	411.31796642725936
345	395.45669748529923
346	380.1981811681788
347	365.5198925764845
348	351.40013228884
349	337.8179967925342
350	324.7533499612075
351	312.18679553263036
352	300.0996505245476
353	288.4739196028694
354	277.2922703211163
355	266.53800926495563
356	256.19505897306635
357	246.24793573795847
358	236.68172812386788
359	227.48207630327997
360	218.63515204465835
361	210.12763948334847
362	201.94671652421482
363	194.08003690120972
364	186.5157129164163
365	179.24229872613589
366	172.24877427664893
367	165.52452976726104
368	159.05935070340837
369	152.8434034521446
370	146.86722133274688
371	141.12169117797475
372	135.59804041348684
373	130.28782456168884
374	125.18291521404102
375	120.27548843226607
376	115.55801355964974
377	111.0232424274993
378	106.66419897470657
379	102.47416921620159
380	98.44669157868711
381	94.57554759084
382	90.85475290629817
383	87.27854864704068
384	83.84139306922964
385	80.53795351770344
386	77.36309868398087
387	74.31189113604077
388	71.37958012943123
389	68.56159466304196
390	65.8535368087105
391	63.25117526408302
392	60.75043915619881
393	58.34741205971364
394	56.038326239649265
395	53.81955709179126
396	51.68761782534834
397	49.639154274312745
398	47.670939965702686
399	45.77987132960167
400	43.96296309075699
401	42.217343844694526
402	40.540251771815775
403	38.929030535569844
404	37.38112531154048
405	35.89407897642345
406	34.46552841785982
407	33.09320102253639
408	31.774911231344007
409	30.508557279685938
410	29.2921180304148
411	28.12364992667081
412	27.001284061464606
413	25.923223354284033
414	24.88773983340198
415	23.89317201436227
416	22.93792239143362
417	22.020454998140046
418	21.139293081640698
419	20.293016848852726
420	19.480261307721243
421	18.699714178187573
422	17.950113880060375
423	17.23024762397492
424	16.538949530544723
425	15.875098849194707
426	15.237618240268386
427	14.625472119598495
428	14.037665047409394
429	13.473240216031469
430	12.93127795186811
431	12.41089431287161
432	11.911239706841267
433	11.431497575468546
434	10.9708831338486
435	10.528642147708668
436	10.10404976326682
437	9.696409373637621
438	9.305051538120098
439	8.92933292922024
440	8.568635338957431
441	8.222364702670484
442	7.889950171868472
443	7.570843217319809
444	7.264516766480151
445	6.9704643866977625
446	6.688199468838815
447	6.417254473811557
448	6.157180196512711
449	5.907545045566928
450	5.667934372476521
451	5.437949806871637
452	5.217208631457059
453	5.005343174163743
454	4.802000215860483
455	4.606840440877769
456	4.419537890708679
457	4.23977944535775
458	4.067264324726192
459	3.9017036040372206
460	3.742819761580839
461	3.5903462242342483
462	3.4440269461933717
463	3.3036160006135695
464	3.1688771741921933
465	3.0395835996346836
466	2.9155173890859105
467	2.796469270010114
468	2.6822382663878046
469	2.5726313623385018
470	2.4674631912090415
471	2.366555742792306
472	2.2697380706367927
473	2.1768460090422965
474	2.0877219185386315
475	2.002214421512207
476	1.9201781591953089
477	1.8414735535248037
478	1.7659665818342989
479	1.693528558828935
480	1.624035921766662
481	1.5573700333560958
482	1.4934169875415877
483	1.4320674181706143
484	1.3732163275107636
485	1.316762905566545
486	1.2626103728914797
487	1.2106658153699559
488	1.1608400343902954
489	1.1130473992552907
490	1.0672057018252707
491	1.0232360324862113
492	0.9810626338219623
493	0.9406127907416599
494	0.90181669699613
495	0.8646073514240578
496	0.8289204394582138
497	0.7946942239718466
498	0.7618694551970066
499	0.7303892559836167
500	0.7001990385054533
501	0.6712464123644651
502	0.6434810892358558
503	0.6168548109815845
504	0.5913212545290358
505	0.5668359721949561
506	0.5433563015013788
507	0.520841299318197
508	0.4992516758111296
509	0.47854972703177623
510	0.4586992721437422
511	0.43966558572699604
512	0.4214153512302414
513	0.4039165974817495
514	0.3871386444448395
515	0.37105205333744096
516	0.35562857637814066
517	0.34084111312209375
518	0.3266636548051408
519	0.3130712502985268
520	0.30003996112037534
521	0.28754681605420046
522	0.27556977787545406
523	0.2640877026737399
524	0.25308030548526983
525	0.2425281264757045
526	0.2324124943213397
527	0.2227154991117013
528	0.2134199568019464
529	0.2045093853196978
530	0.1959679700360257
531	0.18778054298978822
532	0.1799325536878051
533	0.17241004258363968
534	0.16519962150120374
535	0.15828844680928664
536	0.15166419951148777
537	0.14531506351556697
538	0.13922970533550108
539	0.1333972541338251
540	0.12780728104580297
541	0.12244978833817032
542	0.11731518297651729
543	0.11239426532036424
544	0.10767821381412018
545	0.10315856579019841
546	0.09882720791028135
547	0.09467635645946162
548	0.0906985492722321
549	0.08688662756709234
550	0.08323372726401185
551	0.07973326638120194
552	0.07637893265295534
553	0.07316467537808165
554	0.07008468840108596
555	0.06713340735694928
556	0.06430549304518643
557	0.06159583092372262
558	0.05899951286646267
559	0.05651183397886881
560	0.05412828358549757
561	0.051844536380174444
562	0.049656444704004765
563	0.047560032884363404
564	0.04555148974514788
565	0.04362715743516084
566	0.041783535690404265
567	0.04001726133975597
568	0.03832511560455127
569	0.03670401052891161
570	0.03515098598641888
571	0.03366320300042899
572	0.032237943680286534
573	0.03087259820439295
574	0.02956466771539165
575	0.028311755215092153
576	0.02711156303379238
577	0.025961890332704584
578	0.024860625219627407
579	0.02380574513102297
580	0.022795310011996087
581	0.021827461885658938
582	0.020900419080203948
583	0.020012473231203927
584	0.01916198721765039
585	0.018347392251753268
586	0.017567185021565734
587	0.0168199248860615
588	0.016104230257079605
589	0.015418776778400188
590	0.014762297248947866
591	0.014133574697899935
592	0.01353144412504093
593	0.01295478825378287
594	0.012402538435860777
595	0.011873667964628801
596	0.011367194738632829
597	0.010882177187240634
598	0.010417711945567539
599	0.009972935700103647
600	0.009547018764818227
601	0.009139166986469393
602	0.008748620334127762
603	0.008374649894656203
604	0.008016555743433035
605	0.007673669678259684
606	0.0073453498789388455
607	0.007030982859711756
608	0.006729978232371839
609	0.006441773062408803
610	0.006165826681087954
611	0.005901621879362739
612	0.005648660617070171
613	0.005406469906983641
614	0.0051745936576621685
615	0.00495259547221615
616	0.004740057546013343
617	0.004536578827333993
618	0.004341777763488567
619	0.004155284417506411
620	0.0039767485446717205
621	0.0038058325117330282
622	0.00364221257867241
623	0.0034855808807218443
624	0.003335640723739263
625	0.0031921071346773396
626	0.0030547088522128413
627	0.0029231859009441904
628	0.0027972879509046396
629	0.0026767755967191855
630	0.0025614223139542903
631	0.0024510063777325197
632	0.0023453193206323594
633	0.0022441586166884304
634	0.0021473332171854237
635	0.002054657735886253
636	0.001965955149061935
637	0.0018810580315315774
638	0.0017998014777838806
639	0.0017220333821189764
640	0.0016476025629016207
641	0.001576368299363524
642	0.0015081940311101466
643	0.0014429486423201343
644	0.0013805070375779195
645	0.0013207500321137527
646	0.0012635635789444869
647	0.001208836033474876
648	0.00115646404438953
649	0.001106345838730871
650	0.001058385770307823
651	0.0010124916059408198
652	0.000968573823046891
653	0.0009265494203356628
654	0.000886336033682434
655	0.0008478570288483919
656	0.0008110375880142699
657	0.0007758065747993329
658	0.0007420964645507586
659	0.0007098414046542484
660	0.000678979053128271
661	0.0006494505104178202
662	0.0006211971796605158
663	0.000594165054908758
664	0.0005683021905570295
665	0.0005435574543499725
666	0.0005198835335095313
667	0.0004972338570855755
668	0.00047556437991230077
669	0.00045483353277897266
670	0.00043500040127434725
671	0.00041602707150532013
672	0.00039787505830111975
673	0.00038051056621124914
674	0.0003638991729184094
675	0.00034800815825364176
676	0.00033280647114375834
677	0.000318264696857927
678	0.00030435445716469657
679	0.000291047827925436
680	0.00027831958234541545
681	0.0002661448953576008
682	0.00025449878451069325
683	0.00024335888699011644
684	0.00023270374909735637
685	0.00022251226187672447
686	0.00021276365843161574
687	0.00020343967937193127
688	0.00019452235771048204
689	0.00018599294357197436
690	0.00017783513193328197
691	0.00017003288129988493
692	0.00016257093991093121
693	0.00015543430449752802
694	0.00014860874115981042
695	0.00014208129003912082
696	0.00013583816669159789
697	0.00012986787589466686
698	0.00012415859580793017
699	0.00011869869925098408
700	0.00011347725891934259
701	0.00010848403259584853
702	0.00010370894699957437
703	0.00009914309418113291
704	0.00009477671892691147
705	0.00009060171195258091
706	0.00008660911426550783
707	0.00008279109587172472
708	0.00007914092873528603
709	0.00007565006003484321
710	0.00007231297018710244
711	0.00006912135643126594
712	0.00006607039222047671
713	0.00006315248642157845
714	0.00006036300593095416
715	0.000057696454215995705
716	0.00005514649575673381
717	0.00005270829581620131
718	0.000050377560945883374
719	0.00004814915144968283
720	0.00004601847254945994
721	0.00004398146133820935
722	0.00004203457387375908
723	0.0000401725306418125
724	0.000038393269829487546
725	0.00003669209621514992
726	0.00003506528204079724
727	0.000033510919632284017
728	0.00003202450997378216
729	0.00003060337318208074
730	0.00002924573719043141
731	0.000027947280285455166
732	0.000026706323463159098
733	0.00002551993899557092
734	0.000024386095993583606
735	0.00002330195741348084
736	0.000022266407909033733
737	0.000021276270539328842
738	0.00002032966722898921
739	0.000019424752070565325
740	0.00001856052764441656
741	0.00001773397980933314
742	0.000016944171848291167
743	0.000016189376976857767
744	0.000015467899234342648
745	0.00001477847022146924
746	0.000014119053319490168
747	0.000013489613656450476
748	0.000012887768579321077
749	0.000012312735308153926
750	0.000011762970881988869
751	0.000011237345217811481
752	0.000010735511535006453
753	0.000010255607986020074
754	9.797318900541356e-6
755	9.359580773041307e-6
756	8.940603686945684e-6
757	8.540859085421117e-6
758	8.15859124403505e-6
759	7.79354678073006e-6
760	7.444380814069667e-6
761	7.110862701661666e-6
762	6.792042992479434e-6
763	6.487707048498906e-6
764	6.196929624242108e-6
765	5.919157697801675e-6
766	5.653496005347213e-6
767	5.399767053822746e-6
768	5.1574468056863985e-6
769	4.926020714728328e-6
770	4.7046397811739924e-6
771	4.4931560623171136e-6
772	4.291422763613075e-6
773	4.098280728677347e-6
774	3.913939204630523e-6
775	3.737932771050134e-6
776	3.5698049348329235e-6
777	3.4091080437255275e-6
778	3.2554032002148626e-6
779	3.108912212737201e-6
780	2.9688777150461593e-6
781	2.8348808129888466e-6
782	2.7071515180918605e-6
783	2.585276281588619e-6
784	2.468533549358909e-6
785	2.357161167655279e-6
786	2.250764813136807e-6
787	2.148958352059732e-6
788	2.051981451685344e-6
789	1.959145924138323e-6
790	1.8709995388856079e-6
791	1.7862561409743647e-6
792	1.7054682202507814e-6
793	1.628275214103019e-6
794	1.554622128851237e-6
795	1.4844544174449583e-6
796	1.41712971303773e-6
797	1.3528975070771115e-6
798	1.2917099219987047e-6
799	1.2329419826009147e-6
800	1.1771312057107163e-6
801	1.1236604544644526e-6
802	1.0727773812107686e-6
803	1.0241595611916804e-6
804	9.77491903721404e-7
805	9.330229376673672e-7
806	8.907180531392976e-7
807	8.502682057963959e-7
808	8.116445158704821e-7
809	7.748183439731801e-7
810	7.394916978197607e-7
811	7.059093981828115e-7
812	6.73777288248791e-7
813	6.430726970944685e-7
814	6.137731439695765e-7
815	5.85856337516384e-7
816	5.590406389438215e-7
817	5.335669686579443e-7
818	5.094135763098401e-7
819	4.860496787375451e-7
820	4.639696255391784e-7
821	4.4264945332430465e-7
822	4.225772825797086e-7
823	4.032359077960505e-7
824	3.8461418225119967e-7
825	3.67190967488018e-7
826	3.5045905747050906e-7
827	3.3440762926152213e-7
828	3.190259522796433e-7
829	3.0454205722750616e-7
830	2.904665045905198e-7
831	2.7726463778132846e-7
832	2.644534144236663e-7
833	2.524921726434535e-7
834	2.4067323544258745e-7
835	2.299134543255889e-7
836	2.192819622097547e-7
837	2.092307652395256e-7
838	1.9952506952356575e-7
839	1.9038303553425924e-7
840	1.8157299578308822e-7
841	1.733102645965171e-7
842	1.6536627144346064e-7
843	1.5773594465384076e-7
844	1.504142569518565e-7
845	1.4339622525619493e-7
846	1.3689013498946536e-7
847	1.3067499917654416e-7
848	1.24535622567509e-7
849	1.1888936573214454e-7
850	1.1331216174184389e-7
851	1.0821577793996202e-7
852	1.0318188503323691e-7
853	9.84133776449438e-8
854	9.390566135945865e-8
855	8.945361530943619e-8
856	8.525604247452771e-8
857	8.15062850702767e-8
858	7.780287573599723e-8
859	7.414548568232202e-8
860	7.053378740259805e-8
861	6.735232510178027e-8
862	6.421057414735689e-8
863	6.129802760225263e-8
864	5.842198699512157e-8
865	5.576933553173114e-8
866	5.315005447643557e-8
867	5.056390322953896e-8
868	4.837713560322914e-8
869	4.621787308450004e-8
870	4.4085916662990616e-8
871	4.198106812799368e-8
872	3.990313006807535e-8
873	3.820566200030366e-8
874	3.635407030580318e-8
875	3.4526317978217664e-8
876	3.3068496737246295e-8
877	3.145732494558485e-8
878	3.0037691679683415e-8
879	2.863632795416268e-8
880	2.7253098831976692e-8
881	2.6054888448956795e-8
882	2.4872135913772684e-8
883	2.3704726539832277e-8
884	2.255254611738487e-8
885	2.141548091315075e-8
886	2.0454476540335197e-8
887	1.9506014333023233e-8
888	1.8728718219948904e-8
889	1.7646340721843467e-8
890	1.6891343792663394e-8
891	1.6146216821643496e-8
892	1.541088541640207e-8
893	1.4685275500610678e-8
894	1.3969313313689755e-8
895	1.326292541049672e-8
896	1.2715634359351908e-8
897	1.217554475623497e-8
898	1.1495227089199727e-8
899	1.0970477869123417e-8
900	1.0452760528447018e-8
901	9.94202098819385e-9
902	9.438205404579086e-9
903	9.083184933322113e-9
904	8.7328363033369e-9
905	8.2473382665705e-9
906	7.768562643040541e-9
907	7.43412571676504e-9
908	7.104206747326728e-9
909	6.77877054453943e-9
910	6.457782073900809e-9
911	6.141206456390836e-9
912	5.829008968266922e-9
913	5.52115504085592e-9
914	5.3480505168516995e-9
915	5.047770377230777e-9
916	4.880161883188937e-9
917	4.587341273371404e-9
918	4.2987047226356414e-9
919	4.2651072093449695e-9
920	3.9827725098094524e-9
921	3.704532195505327e-9
922	3.6753782221972404e-9
923	3.4032942884991085e-9
924	3.2558014551080553e-9
925	3.1103704296894606e-9
926	2.9669846037908648e-9
927	2.8256274453149354e-9
928	2.6862824983977383e-9
929	2.5489333832856507e-9
930	2.5284954055543866e-9
931	2.280157509266325e-9
932	2.2617877581867455e-9
933	2.1313464306014473e-9
934	2.002825382151749e-9
935	1.986573884174924e-9
936	1.7514804200982052e-9
937	1.737199832726219e-9
938	1.7230013925770232e-9
939	1.6020795020509318e-9
940	1.482993543974426e-9
941	1.4707839851903438e-9
942	1.3544563188585313e-9
943	1.2399232535077733e-9
944	1.2296394126683006e-9
945	1.2194156276828062e-9
946	1.1084807046927996e-9
947	9.992894523380618e-10
948	9.909186687981868e-10
949	9.8259719787965e-10
950	9.743248568398015e-10
951	8.694913169111714e-10
952	7.663414679363221e-10
953	7.598406320441824e-10
954	7.533785176805663e-10
955	7.46954979858775e-10
956	7.405698738373896e-10
957	6.424451732312964e-10
958	6.36925082030857e-10
959	5.4123277714962e-10
960	5.365581611851686e-10
961	5.319118290818111e-10
962	5.272936734061341e-10
963	5.227035869148885e-10
964	5.181414625558293e-10
965	4.2800599455711876e-10
966	4.2425056082106e-10
967	3.3641452975448653e-10
968	3.334469680852607e-10
969	3.3049769292586086e-10
970	3.275666336835269e-10
971	3.246537198965725e-10
972	3.2175888123488187e-10
973	3.1888204750041246e-10
974	3.1602314862768553e-10
975	3.131821146842701e-10
976	3.103588758712608e-10
977	2.306650218928152e-10
978	2.2857412883348104e-10
979	2.2649642567879989e-10
980	2.2443186048366376e-10
981	1.4825358760321827e-10
982	1.4689462446749266e-10
983	1.4554431648957592e-10
984	1.4420262931233783e-10
985	1.4286952864741649e-10
986	1.415449802754246e-10
987	1.402289500461552e-10
988	1.3892140387877914e-10
989	1.376223077620468e-10
990	1.3633162775447829e-10
991	1.3504932998455874e-10
992	1.337753806509238e-10
993	1.325097460225467e-10
994	1.312523924389214e-10
995	1.3000328631024028e-10
996	1.287623941175729e-10
997	1.275296824130379e-10
998	1.2630511781997395e-10
999	1.2508866703311043e-10
1000	6.194014840936508e-11