1	0.0006318494052437623
2	0.0007843391351258165
3	0.001101590355724442
4	0.0016553333029931487
5	0.002509158279752819
6	0.0037189218564464056
7	0.005333151421397642
8	0.0073934463450695004
9	0.009934874224747621
10	0.012986360862483746
11	0.016571072800969203
12	0.020706791400168012
13	0.02540627758287583
14	0.03067762651069533
15	0.03652461157399831
16	0.04294701719100916
17	0.04994096001288049
18	0.057499198224197065
19	0.0656114287123501
20	0.07426457195526147
21	0.08344304454555115
22	0.09312901933095613
23	0.10330267320611858
24	0.11394242264021541
25	0.1250251470687617
26	0.13652640031666477
27	0.1484206102536522
28	0.160681266912884
29	0.1732810993292466
30	0.18619224137581747
31	0.19938638689559932
32	0.21283493444112303
33	0.22650912194717748
34	0.2403801516719857
35	0.254419305749843
36	0.2685980527037773
37	0.2828881452703875
38	0.29726170989084505
39	0.3116913282222877
40	0.32615011102264724
41	0.34061176475949406
42	0.35505065128988084
43	0.3694418409535564
44	0.3837611594164391
45	0.39798522859495
46	0.4120915019848735
47	0.4260582947108864
48	0.43986480860485727
49	0.4534911526126113
50	0.46691835882005717
51	0.48012839438052773
52	0.49310416961594317
53	0.5058295425549431
54	0.5182893201616571
55	0.5304692564991571
56	0.5423560480620548
57	0.5539373265030924
58	0.5652016489690762
59	0.576138486252011
60	0.5867382089519689
61	0.5969920718390183
62	0.6068921965924529
63	0.6164315530867146
64	0.6256039393846515
65	0.634403960590317
66	0.6428270067051575
67	0.650869229623442
68	0.658527519394904
69	0.6657994798749811
70	0.6726834038757142
71	0.6791782479231908
72	0.6852836067206273
73	0.6909996874095224
74	0.6963272837149603
75	0.7012677500550297
76	0.7058229756884581
77	0.7099953589689174
78	0.7137877817690896
79	0.7172035841324346
80	0.7202465392056746
81	0.722920828500356
82	0.7252310175273631
83	0.7271820318440682
84	0.7287791335497201
85	0.7300278982609331
86	0.7309341925954803
87	0.7315041521892197
88	0.7317441602677471
89	0.7316608267913517
90	0.7312609681890146
91	0.7305515876944578
92	0.7295398562948444
93	0.7282330943002663
94	0.7266387535400695
95	0.7247644001899409
96	0.7226176982318466
97	0.7202063935470978
98	0.717538298641228
99	0.7146212779978276
100	0.711463234057119
101	0.7080720938137688
102	0.7044557960272743
103	0.7006222790371938
104	0.6965794691745466
105	0.6923352697598061
106	0.6878975506771724
107	0.6832741385140639
108	0.6784728072541866
109	0.6735012695119662
110	0.668367168295707
111	0.6630780692863419
112	0.6576414536183726
113	0.6520647111493059
114	0.6463551342035857
115	0.6405199117769331
116	0.6345661241868015
117	0.6285007381546154
118	0.6223306023053539
119	0.6160624430700941
120	0.6097028609771031
121	0.6032583273171688
122	0.5967351811688855
123	0.5901396267697905
124	0.5834777312193796
125	0.5767554225001125
126	0.569978487802842
127	0.5631525721431642
128	0.5562831772555198
129	0.5493756607520369
130	0.5424352355333866
131	0.535466969439196
132	0.5284757851258055
133	0.5214664601594441
134	0.5144436273132268
135	0.507411775056603
136	0.5003752482262491
137	0.4933382488676569
138	0.48630483723701484
139	0.47927893295325197
140	0.47226431629047805
141	0.465264629601279
142	0.45828337886175635
143	0.451323935329386
144	0.44438953730518876
145	0.4374832919919497
146	0.43060817744050234
147	0.4237670445765195
148	0.41696261930036704
149	0.4101975046530754
150	0.4034741830415503
151	0.396795018516653
152	0.3901622590978642
153	0.38357803913868554
154	0.3770443817270363
155	0.37056320111533103
156	0.3641363051750391
157	0.35776539787088574
158	0.3514520817500048
159	0.3451978604417068
160	0.3390041411635791
161	0.3328722372300992
162	0.3268033705599331
163	0.3207986741784483
164	0.31485919471211293
165	0.3089858948716774
166	0.30317965592120233
167	0.29744128013023313
168	0.29177149320652696
169	0.2861709467069663
170	0.28064022042447406
171	0.27517982474881936
172	0.2697902029994863
173	0.26447173372881055
174	0.25922473299377213
175	0.25404945659501643
176	0.24894610228177003
177	0.24391481192136802
178	0.23895567363239126
179	0.2340687238804103
180	0.22925394953542022
181	0.224511289890323
182	0.21984063863965522
183	0.2152418458181285
184	0.21071471969841804
185	0.20625902864786252
186	0.20187450294375214
187	0.19756083654695425
188	0.19331768883379533
189	0.18914468628598735
190	0.1850414241387261
191	0.1810074679868736
192	0.17704235534940518
193	0.17314559719221895
194	0.1693166794095226
195	0.1655550642641223
196	0.16186019178674904
197	0.15823148113491645
198	0.15466833191160964
199	0.15117012544416875
200	0.14773622602392583
201	0.14436598210698823
202	0.14105872747661852
203	0.13781378236791492
204	0.1346304545550856
205	0.1315080404021381
206	0.1284458258774057
207	0.12544308753259006
208	0.12249909344683706
209	0.11961310413669142
210	0.11678437343231912
211	0.11401214932086172
212	0.11129567475742025
213	0.10863418844445286
214	0.10602692558026128
215	0.10347311857711859
216	0.10097199774985408
217	0.09852279197557529
218	0.09612472932509593
219	0.09377703766684693
220	0.09147894524397406
221	0.08922968122524383
222	0.08702847623040796
223	0.0848745628308307
224	0.08276717602590143
225	0.08070555369601709
226	0.0786889370326642
227	0.07671657094640497
228	0.07478770445328356
229	0.07290159104036921
230	0.07105748901100756
231	0.06925466181048108
232	0.06749237833256429
233	0.06576991320773891
234	0.06408654707355384
235	0.062441566827696145
236	0.06083426586442686
237	0.05926394429492112
238	0.057729909152051194
239	0.0562314745801207
240	0.05476796201018435
241	0.05333870032136917
242	0.0519430259887723
243	0.050580283218418585
244	0.04924982406973903
245	0.047951008566104465
246	0.046683204793865216
247	0.04544578899027092
248	0.04423814562088508
249	0.043059667446713204
250	0.041909755581699855
251	0.040787819540814944
252	0.0396932772791976
253	0.03862555522284919
254	0.03758408829103393
255	0.03656831991099557
256	0.035577702025200816
257	0.03461169509147894
258	0.03366976807647018
259	0.0327513984425971
260	0.03185607212896923
261	0.03098328352656452
262	0.03013253544778319
263	0.02930333909090054
264	0.028495213999680132
265	0.027707688018121304
266	0.02694029724106133
267	0.02619258596050932
268	0.02546410660814681
269	0.024754419694229007
270	0.02406309374294503
271	0.0233897052247374
272	0.022733838485575492
273	0.022095085673427592
274	0.021473046662179078
275	0.020867328973235327
276	0.020277547694777038
277	0.01970332539915374
278	0.019144292058273553
279	0.01860008495741909
280	0.01807034860745043
281	0.01755473465564193
282	0.017052901795305928
283	0.016564515674208777
284	0.016089248802211617
285	0.01562678045778703
286	0.015176796594064242
287	0.014738989744119503
288	0.014313058925772755
289	0.013898709546055902
290	0.01349565330530066
291	0.013103608101077838
292	0.012722297931988098
293	0.012351452801470016
294	0.011990808621608872
295	0.011640107117155737
296	0.011299095729664518
297	0.010967527521938032
298	0.010645161082887739
299	0.010331760432667895
300	0.01002709492840776
301	0.009730939170342718
302	0.009443072908622185
303	0.009163280950659759
304	0.008891353069182636
305	0.008627083911001907
306	0.00837027290653216
307	0.008120724180026627
308	0.007878246460792293
309	0.0076426529950623994
310	0.007413761458921505
311	0.007191393872009511
312	0.006975376512307232
313	0.006765539831760723
314	0.006561718372899226
315	0.006363750686580898
316	0.006171479250554589
317	0.005984750389228686
318	0.005803414194429235
319	0.005627324447161958
320	0.005456338540561321
321	0.005290317403800594
322	0.00512912542723716
323	0.004972630388448646
324	0.004820703379506259
325	0.0046732187354329114
326	0.004530053963531534
327	0.004391089674065117
328	0.004256209511816008
329	0.0041253000889765945
330	0.003998250918983881
331	0.0038749543515738233
332	0.00375530550879949
333	0.0036392022222601753
334	0.003526544971461099
335	0.003417236823080394
336	0.003311183371481586
337	0.003208292680279378
338	0.003108475224833066
339	0.0030116438360458194
340	0.0029177136449603466
341	0.0028266020285972224
342	0.00273822855662506
343	0.0026525149393489262
344	0.002569384976330285
345	0.0024887645063941736
346	0.0024105813583057602
347	0.002334765302617179
348	0.002261248004506025
349	0.002189962977400863
350	0.002120845537671622
351	0.0020538327602971705
352	0.001988863435310184
353	0.0019258780253104597
354	0.0018648186237075577
355	0.0018056289141056053
356	0.0017482541301523371
357	0.0016926410167254428
358	0.001638737791530572
359	0.0015864941079687454
360	0.001535861018287281
361	0.0014867909380829186
362	0.0014392376112644819
363	0.0013931560757924576
364	0.0013485026305079346
365	0.0013052348022485239
366	0.0012633113141211991
367	0.0012226920541867502
368	0.0011833380451400563
369	0.0011452114144732983
370	0.0011082753654839165
371	0.0010724941487677705
372	0.0010378330346702794
373	0.0010042582861035827
374	0.0009717371321692121
375	0.00094023774239454
376	0.0009097292015401239
377	0.0008801814849602013
378	0.0008515654347570424
379	0.0008238527363200866
380	0.0007970158954831839
381	0.0007710282162895272
382	0.0007458637792776557
383	0.0007214974202711771
384	0.0006979047097716116
385	0.0006750619327563068
386	0.000652946069080413
387	0.00063153477429496
388	0.0006108063610334367
389	0.0005907397807275197
390	0.000571314605968097
391	0.000552511013146945
392	0.0005343097656782519
393	0.0005166921975513804
394	0.0004996401973602611
395	0.0004831361926312074
396	0.0004671631349052847
397	0.0004517044846158571
398	0.0004367441969615192
399	0.00042226670779610734
400	0.00040825691993936185
401	0.00039470018998878805
402	0.0003815823152503912
403	0.0003688895212611228
404	0.0003566084494538602
405	0.0003447261452783905
406	0.000333230046450436
407	0.0003221079719201297
408	0.0003113481105304839
409	0.0003009390105405916
410	0.0002908695691602276
411	0.00028112902239211125
412	0.0002717069351871486
413	0.0002625931918507461
414	0.0002537779867195529
415	0.000245251815043954
416	0.00023700546427907315
417	0.00022903000536602015
418	0.00022131678448988835
419	0.000213857414910955
420	0.00020664376913779133
421	0.0001996679712031431
422	0.0001929223891407752
423	0.00018639962797133006
424	0.00018009252242041682
425	0.0001739941301542331
426	0.0001680977251692104
427	0.00016239679134721005
428	0.00015688501599433303
429	0.00015155628398788354
430	0.0001464046716145485
431	0.00014142444102296063
432	0.00013661003447389632
433	0.00013195606890817107
434	0.00012745733073803007
435	0.00012310877067497127
436	0.00011890549878096593
437	0.00011484277957238349
438	0.00011091602738289679
439	0.00010712080170446199
440	0.00010345280289476708
441	0.00009990786776851483
442	0.00009648196546089354
443	0.00009317119335196391
444	0.00008997177311294921
445	0.0000868800470296886
446	0.00008389247405391551
447	0.00008100562636529535
448	0.00007821618589622299
449	0.00007552094080307247
450	0.00007291678231994815
451	0.00007040070145741521
452	0.00006796978598244403
453	0.00006562121740283209
454	0.00006335226793984509
455	0.00006116029785536742
456	0.00005904275262490858
457	0.000056997160283171043
458	0.00005502112885151981
459	0.000053112343773797565
460	0.000051268565615440956
461	0.00004948762756566055
462	0.00004776743322926021
463	0.00004610595444151091
464	0.00004450122897081747
465	0.00004295135860143619
466	0.00004145450709166651
467	0.000040008898026510725
468	0.000038612813180380545
469	0.000037264590504631345
470	0.00003596262235349756
471	0.00003470535385429432
472	0.00003349128116483395
473	0.000032318949758205436
474	0.00003118695301946923
475	0.00003009393059434024
476	0.00002903856695333686
477	0.00002801958993226429
478	0.000027035769372121413
479	0.00002608591577944131
480	0.000025168878946875067
481	0.000024283546760515502
482	0.00002342884397142901
483	0.000022603730931614554
484	0.000021807202564052778
485	0.00002103828711470326
486	0.0000202960452041214
487	0.00001957956868356079
488	0.000018887979669654072
489	0.000018220429551637998
490	0.000017576097971303676
491	0.000016954192092181626
492	0.000016353945444779294
493	0.00001577461731599267
494	0.00001521549169416913
495	0.00001467587665711116
496	0.000014155103464008141
497	0.000013652525753299179
498	0.000013167519020287292
499	0.000012699479627306067
500	0.000012247824308642083
501	0.000011811989487783607
502	0.000011391430490891076
503	0.000010985621132449511
504	0.000010594052853306154
505	0.000010216234450219437
506	9.851691227375562e-6
507	9.499964545997596e-6
508	9.160611339943267e-6
509	8.833203575059635e-6
510	8.51732776187804e-6
511	8.21258434611904e-6
512	7.918587462252886e-6
513	7.63496434627185e-6
514	7.361354891659567e-6
515	7.097411261905474e-6
516	6.842797471369705e-6
517	6.597189068439087e-6
518	6.3602725641009256e-6
519	6.1317452537141596e-6
520	5.911314807792948e-6
521	5.6986988315665395e-6
522	5.493624641650074e-6
523	5.295828878182059e-6
524	5.105057222509787e-6
525	4.921064108417779e-6
526	4.7436123586135745e-6
527	4.5724729966672965e-6
528	4.40742487105858e-6
529	4.248254501350417e-6
530	4.0947556904711665e-6
531	3.946729406145915e-6
532	3.803983474276217e-6
533	3.666332312764021e-6
534	3.5335967990101215e-6
535	3.4056039716101858e-6
536	3.282186866077096e-6
537	3.1631843003168258e-6
538	3.04844067922483e-6
539	2.9378057953914635e-6
540	2.8311346025564954e-6
541	2.7282871959730207e-6
542	2.6291284387781315e-6
543	2.533527912209754e-6
544	2.441359769629985e-6
545	2.3525024931912503e-6
546	2.266838859495195e-6
547	2.184255666712167e-6
548	2.1046437187331232e-6
549	2.0278975702518186e-6
550	1.953915482465678e-6
551	1.8825992818432944e-6
552	1.8138542164318376e-6
553	1.7475889054974776e-6
554	1.6837150718958642e-6
555	1.622147607156119e-6
556	1.5628042995144054e-6
557	1.505605944039846e-6
558	1.450476018533398e-6
559	1.3973407181827048e-6
560	1.346128844529981e-6
561	1.2967716926646738e-6
562	1.249202960960674e-6
563	1.2033587079875873e-6
564	1.1591772596518495e-6
565	1.1165990172140638e-6
566	1.0755666541685014e-6
567	1.036024677700524e-6
568	9.97919696832167e-7
569	9.612001521390779e-7
570	9.25816313121316e-7
571	8.917201765440956e-7
572	8.588655361572581e-7
573	8.272077066361362e-7
574	7.967036653943108e-7
575	7.673118730593289e-7
576	7.389922657446727e-7
577	7.117062469045849e-7
578	6.854165294093714e-7
579	6.60087200296415e-7
580	6.356835860462841e-7
581	6.121722914098989e-7
582	5.895210880650176e-7
583	5.676988772674715e-7
584	5.466756770343187e-7
585	5.264225838286571e-7
586	5.069117336835377e-7
587	4.881162627725818e-7
588	4.7001024219338433e-7
589	4.525686625615226e-7
590	4.3576746889543666e-7
591	4.1958339284195136e-7
592	4.03994037136546e-7
593	3.8897778269356453e-7
594	3.7451384743987015e-7
595	3.6058211617667166e-7
596	3.471632495333992e-7
597	3.3423858930223446e-7
598	3.2179011404363756e-7
599	3.098005222253561e-7
600	2.9825305951897163e-7
601	2.871316013248252e-7
602	2.764206330035127e-7
603	2.6610517838776504e-7
604	2.5617075341800316e-7
605	2.4660347406106266e-7
606	2.3738990671928986e-7
607	2.285171501027915e-7
608	2.199726846861747e-7
609	2.1174453190751395e-7
610	2.0382110314295866e-7
611	1.9619125528096478e-7
612	1.888441646318312e-7
613	1.8176953821691824e-7
614	1.7495735745375366e-7
615	1.683979851928014e-7
616	1.620821428512184e-7
617	1.5600086119159035e-7
618	1.501455877081144e-7
619	1.4450792794172177e-7
620	1.3907993571236485e-7
621	1.3385388018427542e-7
622	1.2882230043020874e-7
623	1.2397808659014122e-7
624	1.1931432452445796e-7
625	1.1482432394990917e-7
626	1.1050169946793117e-7
627	1.0634029359307408e-7
628	1.0233412570984262e-7
629	9.847744652462034e-8
630	9.476481928318712e-8
631	9.11908302893325e-8
632	8.775040801090538e-8
633	8.443855967709639e-8
634	8.1250584856198e-8
635	7.818186446948726e-8
636	7.522796819067889e-8
637	7.238470909850896e-8
638	6.964787843142617e-8
639	6.70136464852503e-8
640	6.447811035362348e-8
641	6.203766851354548e-8
642	5.968878156462643e-8
643	5.7428026457520265e-8
644	5.525212416629141e-8
645	5.3157940639178135e-8
646	5.1142460867858824e-8
647	4.920268214981898e-8
648	4.7335856608097276e-8
649	4.553922322446113e-8
650	4.381019671469738e-8
651	4.2146260606928504e-8
652	4.0544940772415066e-8
653	3.900396791727838e-8
654	3.7521035298136854e-8
655	3.609401523895892e-8
656	3.472079757418815e-8
657	3.339937120360655e-8
658	3.2127824657008145e-8
659	3.0904265244007334e-8
660	2.9726900764484564e-8
661	2.859404004321381e-8
662	2.7503957492780964e-8
663	2.6455083629003974e-8
664	2.5445896848193176e-8
665	2.4474869239951444e-8
666	2.3540603037388598e-8
667	2.2641694767615403e-8
668	2.1776817267416373e-8
669	2.0944720057642134e-8
670	2.014414769798178e-8
671	1.9373949301416184e-8
672	1.8632914746038444e-8
673	1.7920021088230592e-8
674	1.723418659750118e-8
675	1.6574380356173085e-8
676	1.5939622505588187e-8
677	1.5328984486304286e-8
678	1.4741561803268731e-8
679	1.4176446691252395e-8
680	1.3632838185055533e-8
681	1.3109932432756297e-8
682	1.260689522731045e-8
683	1.2122999720043981e-8
684	1.1657544097764254e-8
685	1.1209824136575001e-8
686	1.0779133255722699e-8
687	1.0364872981372941e-8
688	9.966442811867015e-9
689	9.583185003594578e-9
690	9.214550342866234e-9
691	8.859987833907984e-9
692	8.518972410364315e-9
693	8.190977358733028e-9
694	7.875502053344129e-9
695	7.572099766086535e-9
696	7.2802669468634705e-9
697	6.999609528916662e-9
698	6.729704484329592e-9
699	6.470127550979477e-9
700	6.220481031305224e-9
701	5.980393880396825e-9
702	5.7494940016361204e-9
703	5.527463875135341e-9
704	5.313929448052612e-9
705	5.108599161213032e-9
706	4.911124971807188e-9
707	4.7212136420574994e-9
708	4.538626864084169e-9
709	4.363014208573586e-9
710	4.1941916643313434e-9
711	4.031807376804813e-9
712	3.875703954319817e-9
713	3.72555612352939e-9
714	3.581205368352025e-9
715	3.4424368819530294e-9
716	3.3089794946498394e-9
717	3.1806452710632327e-9
718	3.0572737682624333e-9
719	2.9386482429331626e-9
720	2.824579455315915e-9
721	2.7149057219183953e-9
722	2.6094929653441697e-9
723	2.5080948717663687e-9
724	2.4106605957375373e-9
725	2.316971122489745e-9
726	2.2268630607516047e-9
727	2.1402847295543152e-9
728	2.0570161886389634e-9
729	1.976949227377669e-9
730	1.9000314507444515e-9
731	1.8260421222231823e-9
732	1.754928401753736e-9
733	1.6865531734792494e-9
734	1.6208351901672822e-9
735	1.5576369393450403e-9
736	1.4969329176961083e-9
737	1.4385572171573155e-9
738	1.382427909916899e-9
739	1.328462925020744e-9
740	1.2766361921614253e-9
741	1.2267811752308826e-9
742	1.1788715489910838e-9
743	1.1328247364684517e-9
744	1.0885580449603308e-9
745	1.0460167572904947e-9
746	1.0050898862107686e-9
747	9.658067889233826e-10
748	9.280282078557374e-10
749	8.917271579412947e-10
750	8.568203910846798e-10
751	8.232526778552803e-10
752	7.910249224529919e-10
753	7.600255659603008e-10
754	7.302553912550637e-10
755	7.016589229183242e-10
756	6.741244179287996e-10
757	6.477087151872514e-10
758	6.222999731280049e-10
759	5.978987307786923e-10
760	5.744211642936946e-10
761	5.51867733940801e-10
762	5.301826485682662e-10
763	5.093662987219429e-10
764	4.893628274343358e-10
765	4.701444559351754e-10
766	4.516552721057981e-10
767	4.338955507704182e-10
768	4.168374355651891e-10
769	4.004530477520679e-10
770	3.846863877264697e-10
771	3.6953764124291893e-10
772	3.550069705811752e-10
773	3.41010230770697e-10
774	3.2757564993545084e-10
775	3.146752464614967e-10
776	3.022810279707303e-10
777	2.9036499310829304e-10
778	2.7889913332380406e-10
779	2.6791159164178695e-10
780	2.5734625548888883e-10
781	2.4717509393374205e-10
782	2.3742621110607e-10
783	2.2807155267569084e-10
784	2.1905500427212598e-10
785	2.1040463869593124e-10
786	2.0209239527940325e-10
787	1.9409021784518034e-10
788	1.8642614188614428e-10
789	1.7904405854285983e-10
790	1.7200001819493118e-10
791	1.6518185317583223e-10
792	1.58645603319069e-10
793	1.5236320551369106e-10
794	1.4633462036530077e-10
795	1.4055979931475424e-10
796	1.3498268580447849e-10
797	1.2963124326731192e-10
798	1.2450541578637976e-10
799	1.195491784823071e-10
800	1.1481844684816655e-10
801	1.1025720788457238e-10
802	1.058933764236914e-10
803	1.0169892702596487e-10
804	9.764585653045983e-11
805	9.376206178994415e-11
806	9.004747371919301e-11
807	8.647409468916055e-11
808	8.304186764011942e-11
809	7.97507305784302e-11
810	7.657271835415167e-11
811	7.353567427713615e-11
812	7.061164093439302e-11
813	6.780056352006555e-11
814	6.510238332656359e-11
815	6.251703775694787e-11
816	6.001661515306563e-11
817	5.762890915621339e-11
818	5.5353846050121244e-11
819	5.3135715237926075e-11
820	5.1030107852693274e-11
821	4.8981346382698345e-11
822	4.7044976744977726e-11
823	4.516535580254818e-11
824	4.334245180768091e-11
825	4.163174105117506e-11
826	3.997763482638341e-11
827	3.838009475378528e-11
828	3.6839080566101736e-11
829	3.538226096812269e-11
830	3.395415881610456e-11
831	3.261013820787726e-11
832	3.1294763918323113e-11
833	3.0063350072180594e-11
834	2.8832852328059428e-11
835	2.7713850373146312e-11
836	2.6595704452866382e-11
837	2.5533662602056063e-11
838	2.45000637753221e-11
839	2.3522476051720047e-11
840	2.257326088402392e-11
841	2.1679958096101958e-11
842	2.081495225282709e-11
843	1.9978216951098688e-11
844	1.9169724883348482e-11
845	1.838944784068814e-11
846	1.766485317286788e-11
847	1.6968386543727924e-11
848	1.6272548191191567e-11
849	1.5632256998032505e-11
850	1.4992557513534062e-11
851	1.4408309945984588e-11
852	1.3824614572552278e-11
853	1.3268875930163358e-11
854	1.2741057849743528e-11
855	1.2213757459578021e-11
856	1.171433314585772e-11
857	1.127008181545508e-11
858	1.0826278278280297e-11
859	1.038292900363212e-11
860	9.940040448575486e-12
861	9.552163821512773e-12
862	9.164696537346247e-12
863	8.804884302680253e-12
864	8.445459899389869e-12
865	8.113635785710054e-12
866	7.782176576558316e-12
867	7.451086996042574e-12
868	7.1746858762145096e-12
869	6.898595725083725e-12
870	6.622820427251984e-12
871	6.3473638599718904e-12
872	6.072229892724875e-12
873	5.851563618514795e-12
874	5.604103973703864e-12
875	5.356942577079828e-12
876	5.164117166844984e-12
877	4.9445254668916125e-12
878	4.752186457102228e-12
879	4.5600856179505294e-12
880	4.3682255744025374e-12
881	4.203534357349071e-12
882	4.039051693731551e-12
883	3.874779804443653e-12
884	3.710720905934025e-12
885	3.5468772099515037e-12
886	3.4100813610717583e-12
887	3.273466367322085e-12
888	3.163825600239563e-12
889	3.000786206400765e-12
890	2.8914768281838625e-12
891	2.782315782987426e-12
892	2.673304496252385e-12
893	2.5644443906884768e-12
894	2.4557368860949893e-12
895	2.3471833991880383e-12
896	2.2654163579530574e-12
897	2.183764910547983e-12
898	2.0756404522626985e-12
899	1.994244179140499e-12
900	1.912966736429669e-12
901	1.8318091580718857e-12
902	1.7507724757418914e-12
903	1.6963418209842012e-12
904	1.6419911819772354e-12
905	1.561280179355935e-12
906	1.480693937701267e-12
907	1.426630995281389e-12
908	1.372650968828705e-12
909	1.318754521040634e-12
910	1.2649423133225576e-12
911	1.2112150056951507e-12
912	1.1575732567051545e-12
913	1.104017723339485e-12
914	1.0767905574771806e-12
915	1.0233866705816435e-12
916	9.962667311614217e-13
917	9.430166443027895e-13
918	8.898558063937134e-13
919	8.89038102939876e-13
920	8.360110763454898e-13
921	7.830750105833369e-13
922	7.823432428469862e-13
923	7.295437304863892e-13
924	7.028458242754449e-13
925	6.761934830024911e-13
926	6.49587012778672e-13
927	6.230267191160751e-13
928	5.965129068797951e-13
929	5.700458802418036e-13
930	5.694900779552925e-13
931	5.172533967184277e-13
932	5.167435508510959e-13
933	4.904419697791907e-13
934	4.641885780494073e-13
935	4.637241970964819e-13
936	4.118275600720123e-13
937	4.114108732342594e-13
938	4.1099307900011863e-13
939	3.849344131973169e-13
940	3.5892551433316573e-13
941	3.5855542594337937e-13
942	3.326212891886133e-13
943	3.067376975867654e-13
944	3.0641642904251726e-13
945	3.060943768243214e-13
946	2.803120535743332e-13
947	2.5458123436774573e-13
948	2.543092773502651e-13
949	2.540366959392851e-13
950	2.537634812886068e-13
951	2.2816189847940323e-13
952	2.0261295106503055e-13
953	2.0239126610203273e-13
954	2.021691091496268e-13
955	2.01946472782989e-13
956	2.0172334999641975e-13
957	1.7633329783798982e-13
958	1.7613639624533076e-13
959	1.5082716721677702e-13
960	1.5065683667964807e-13
961	1.5048617567064957e-13
962	1.503151784559487e-13
963	1.5014383962204386e-13
964	1.4997215406363971e-13
965	1.248539813884985e-13
966	1.2470953701232906e-13
967	9.967467394058426e-14
968	9.95578121111209e-14
969	9.944076005478464e-14
970	9.93235133585717e-14
971	9.92060678450976e-14
972	9.908841956366765e-14
973	9.897056478168108e-14
974	9.885249997635737e-14
975	9.873422182677143e-14
976	9.861572720618777e-14
977	7.389208937906981e-14
978	7.380214929224653e-14
979	7.371206872383486e-14
980	7.362184479233386e-14
981	4.904303926421201e-14
982	4.898185105909574e-14
983	4.8920594220910685e-14
984	4.88592660144252e-14
985	4.8797863841976435e-14
986	4.8736385238246176e-14
987	4.867482786523308e-14
988	4.8613189507412614e-14
989	4.855146806707995e-14
990	4.848966155986583e-14
991	4.842776811042244e-14
992	4.8365785948269526e-14
993	4.830371340379773e-14
994	4.824154890442113e-14
995	4.817929097087417e-14
996	4.811693821364823e-14
997	4.805448932956109e-14
998	4.799194309845562e-14
999	4.792929838002285e-14
1000	2.3949050575420737e-14