1	0.0022568147118721235
2	0.00881038543210916
3	0.019343523848736333
4	0.03354997592172765
5	0.051134513073330584
6	0.07181297871395807
7	0.09531229417024532
8	0.12137042781838162
9	0.14973633097623665
10	0.18016984387151175
11	0.2124415747795618
12	0.24633275521310455
13	0.2816350738461954
14	0.31815049166609327
15	0.3556910406684384
16	0.3940786082430596
17	0.43314470923919307
18	0.4727302475495454
19	0.5126852689119639
20	0.5528687064951114
21	0.5931481207100724
22	0.6333994345728124
23	0.6735066658325798
24	0.7133616569782109
25	0.7528638041376747
26	0.7919197857955724
27	0.8304432921685503
28	0.8683547559992443
29	0.9055810854552667
30	0.94205539975052
31	0.977716768041577
32	1.0125099520916871
33	1.0463851531389823
34	1.0792977633533725
35	1.1112081222182466
36	1.1420812781282401
37	1.1718867554527657
38	1.2005983272765341
39	1.2281937939927792
40	1.2546547678921336
41	1.279966463859935
42	1.3041174962670057
43	1.3270996821134928
44	1.3489078504621124
45	1.3695396581758166
46	1.3889954119555519
47	1.4072778966561794
48	1.4243922098426334
49	1.440345602534034
50	1.455147326070513
51	1.468808485025857
52	1.4813418960788232
53	1.4927619527467089
54	1.5030844958767413
55	1.512326689783788
56	1.5205069039167365
57	1.5276445999306347
58	1.533760224037312
59	1.5388751045033922
60	1.5430113541617072
61	1.546191777799707
62	1.5484397842866253
63	1.549779303300033
64	1.550234706511507
65	1.5498307330909722
66	1.5485924193892473
67	1.546545032658913
68	1.5437140086743593
69	1.5401248931129994
70	1.5358032865610962
71	1.5307747930091584
72	1.5250649717038876
73	1.5186992922255778
74	1.5117030926621868
75	1.5041015407536351
76	1.4959195978824567
77	1.4871819857894883
78	1.477913155896077
79	1.4681372611170471
80	1.4578781300515715
81	1.4471592434420162
82	1.4360037127937535
83	1.424434261052042
84	1.4124732052349431
85	1.4001424409244083
86	1.3874634285205918
87	1.3744571811675474
88	1.361144254261402
89	1.3475447364551207
90	1.3336782420769568
91	1.3195639048825107
92	1.305220373063347
93	1.2906658054378195
94	1.2759178687526895
95	1.260993736026741
96	1.2459100858704142
97	1.2306831027180467
98	1.2153284779119344
99	1.1998614115799464
100	1.1842966152508998
101	1.168648315154323
102	1.1529302561535555
103	1.1371557062634594
104	1.1213374617062069
105	1.10548785246078
106	1.0896187482639426
107	1.0737415650224127
108	1.0578672715980113
109	1.0420063969293876
110	1.026169037455897
111	1.010364864810802
112	0.9946031337528446
113	0.9788926903068874
114	0.963241980085796
115	0.9476590567674454
116	0.9321515907020963
117	0.9167268776269012
118	0.901391847465595
119	0.8861530731928289
120	0.8710167797438033
121	0.8559888529511455
122	0.8410748484920466
123	0.8262800008298691
124	0.81160923213553
125	0.7970671611748341
126	0.7826581121491166
127	0.768386123477314
128	0.7542549565085832
129	0.7402681041553846
130	0.7264287994377542
131	0.7127400239303026
132	0.6992045161041669
133	0.6858247795568315
134	0.6726030911234707
135	0.6595415088639948
136	0.6466418799206408
137	0.6339058482414908
138	0.6213348621658398
139	0.6089301818678258
140	0.5966928866552549
141	0.5846238821209044
142	0.5727239071441584
143	0.5609935407410651
144	0.5494332087614201
145	0.5380431904317545
146	0.5268236247433994
147	0.5157745166852651
148	0.5048957433210328
149	0.49418705971097704
150	0.48364810467862196
151	0.4732784064229348
152	0.46307738797673276
153	0.4530443725124081
154	0.443178588496019
155	0.4334791746912064
156	0.42394518501435907
157	0.4145755932427261
158	0.4053692975772044
159	0.39632512506177436
160	0.38744183586145986
161	0.37871812740107164
162	0.37015263836679657
163	0.3617439525729734
164	0.35349060269635124
165	0.3453910738802569
166	0.33744380721109124
167	0.32964720306968587
168	0.3219996243600156
169	0.3144993996178375
170	0.3071448260018768
171	0.29993417217010515
172	0.2928656810438001
173	0.28593757246196577
174	0.2791480457287397
175	0.27249528205645274
176	0.26597744690697595
177	0.2595926922338837
178	0.2533391586281336
179	0.24721497736981768
180	0.24121827238849117
181	0.2353471621347538
182	0.2295997613654423
183	0.22397418284507387
184	0.21846853896590027
185	0.21308094328906088
186	0.20780951200921335
187	0.20265236534498363
188	0.1976076288576393
189	0.19267343470014642
190	0.1878479227990138
191	0.1831292419710074
192	0.17851555097698885
193	0.17400501951495145
194	0.1695958291543596
195	0.16528617421390532
196	0.16107426258453028
197	0.1569583164998292
198	0.15293657325567636
199	0.14900728588090187
200	0.14516872376096476
201	0.14141917321632513
202	0.13775693803721153
203	0.1341803399766549
204	0.1306877192031955
205	0.12727743471511976
206	0.12394786471763436
207	0.1206974069645772
208	0.11752447906604958
209	0.11442751876362012
210	0.11140498417425479
211	0.10845535400453689
212	0.1055771277363425
213	0.10276882578536224
214	0.10002898963371297
215	0.09735618193772658
216	0.0947489866122085
217	0.0922060088922963
218	0.08972587537390093
219	0.08730723403388098
220	0.08494875423099177
221	0.08264912668854477
222	0.08040706345970985
223	0.07822129787650531
224	0.07609058448323185
225	0.07401369895532273
226	0.07198943800432281
227	0.07001661926993698
228	0.06809408119980141
229	0.06622068291779366
230	0.06439530408154337
231	0.06261684472990545
232	0.06088422512094234
233	0.0591963855611983
234	0.05755228622677908
235	0.055950906976807706
236	0.05439124715989232
237	0.05287232541412382
238	0.05139317946110881
239	0.049952865894503075
240	0.04855045996361247
241	0.04718505535242225
242	0.045855763954547206
243	0.04456171564450494
244	0.04330205804568445
245	0.04207595629544108
246	0.04088259280766434
247	0.03972116703309375
248	0.03859089521786033
249	0.03749101016037875
250	0.03642076096709202
251	0.03537941280718429
252	0.034366246666589974
253	0.03338055910164223
254	0.03242166199241109
255	0.03148888229616763
256	0.03058156180106311
257	0.029699056880246242
258	0.028840738246676344
259	0.028005990708716334
260	0.027194212926757336
261	0.02640481717106538
262	0.025637229080828827
263	0.024890887424751467
264	0.024165243863307703
265	0.02345976271253199
266	0.02277392070984848
267	0.022107206781728846
268	0.0214591218134407
269	0.020829178420976903
270	0.020216900725109337
271	0.019621824127882104
272	0.019043495091433885
273	0.018481470919250148
274	0.017935319539948542
275	0.017404619293693288
276	0.016888958721108967
277	0.0163879363549975
278	0.015901160514638944
279	0.015428249102934628
280	0.014968829406260962
281	0.014522537897141856
282	0.014089020039770256
283	0.013667930098288178
284	0.013258930948089694
285	0.012861693889765807
286	0.012475898466139614
287	0.012101232282067916
288	0.011737390827136844
289	0.01138407730130052
290	0.011041002443334958
291	0.010707884362213937
292	0.010384448371324764
293	0.010070426825578883
294	0.009765558961325093
295	0.009469590739158576
296	0.00918227468947472
297	0.008903369760849014
298	0.00863264117125503
299	0.008369860261935968
300	0.008114804354122769
301	0.007867256608368825
302	0.007627005886659616
303	0.007393846617122917
304	0.007167578661402743
305	0.006948007184651959
306	0.006734942528105527
307	0.006528200084147581
308	0.00632760017402721
309	0.006132967927906554
310	0.005944133167503611
311	0.005760930291055987
312	0.005583198160795694
313	0.005410779992688791
314	0.005243523248514391
315	0.005081279530341156
316	0.004923904477104637
317	0.004771257663551892
318	0.00462320250133404
319	0.004479606142214818
320	0.004340339383498519
321	0.004205276575455485
322	0.004074295530923285
323	0.003947277436770156
324	0.0038241067674582288
325	0.003704671200627299
326	0.003588861534413459
327	0.003476571606849747
328	0.0033676982169399804
329	0.003262141047731052
330	0.003159802591044527
331	0.003060588074054799
332	0.0029644053874811316
333	0.0028711650155595595
334	0.00278077996770246
335	0.0026931657116419736
336	0.0026082401082974105
337	0.0025259233481888196
338	0.0024461378892726123
339	0.0023688083964727514
340	0.0022938616824824476
341	0.0022212266501648818
342	0.0021508342362073687
343	0.0020826173563899216
344	0.002016510851907484
345	0.0019524514373195402
346	0.0018903776495435506
347	0.0018302297982666987
348	0.0017719499176172256
349	0.001715481718917167
350	0.001660770544717321
351	0.001607763324028934
352	0.0015564085285794478
353	0.0015066561303049076
354	0.0014584575597983848
355	0.0014117656660230812
356	0.0013665346767455634
357	0.0013227201603586928
358	0.0012802789883569967
359	0.0012391692991226336
360	0.0011993504622390028
361	0.0011607830441554853
362	0.0011234287744942262
363	0.0010872505132361317
364	0.0010522122190193012
365	0.001018278917913132
366	0.00098541667333747
367	0.0009535925565353807
368	0.0009227746180463564
369	0.0008929318597707893
370	0.000864034207899502
371	0.0008360524864195888
372	0.0008089583915573635
373	0.000782724466689053
374	0.0007573240780546268
375	0.0007327313911180825
376	0.0007089213475339262
377	0.0006858696426994085
378	0.000663552704073801
379	0.0006419476699396836
380	0.0006210323687822509
381	0.0006007852992728294
382	0.0005811856107836355
383	0.0005622130844149894
384	0.0005438481146074218
385	0.000526071691179428
386	0.0005088653819413203
387	0.0004922113157341545
388	0.00047609216600822844
389	0.0004604911347503978
390	0.00044539193700269836
391	0.00043077878568414685
392	0.000416636376945327
393	0.0004029498758583679
394	0.00038970490255230383
395	0.00037688751865152707
396	0.0003644842143701263
397	0.00035248189551051603
398	0.00034086787130001
399	0.0003296298422991921
400	0.0003187558886943169
401	0.00030823445903416826
402	0.0002980543591103771
403	0.0002882047413481479
404	0.00027867509435432707
405	0.0002694552328655573
406	0.00026053528783813126
407	0.0002519056971400026
408	0.0002435571960380813
409	0.00023548080839765263
410	0.00022766783792492077
411	0.0002201098596826487
412	0.00021279871188153846
413	0.00020572648789739508
414	0.00019888552852779628
415	0.00019226841443619296
416	0.00018586795894110923
417	0.00017967720082125887
418	0.00017368939751683733
419	0.0001678980184094043
420	0.000162296738390072
421	0.00015687943152725478
422	0.0001516401649099647
423	0.00014657319290799377
424	0.0001416729512374962
425	0.0001369340514483009
426	0.00013235127554657493
427	0.00012791957076107238
428	0.00012363404430876628
429	0.00011948995865123695
430	0.00011548272651872953
431	0.00011160790642880444
432	0.00010786119805506726
433	0.00010423843785540479
434	0.00010073559488513648
435	0.00009734876664679962
436	0.0000940741751237405
437	0.00009090816286211194
438	0.00008784718926401561
439	0.00008488782686905698
440	0.00008202675793151725
441	0.00007926077091047669
442	0.00007658675718017189
443	0.0000740017077928652
444	0.00007150271034221682
445	0.00006908694605039206
446	0.00006675168664193322
447	0.00006449429162641626
448	0.00006231220555429756
449	0.00006020295523224598
450	0.0000581641472451477
451	0.00005619346535639901
452	0.00005428866813395353
453	0.00005244758658137757
454	0.00005066812176043486
455	0.00004894824269792434
456	0.00004728598417014382
457	0.00004567944462587286
458	0.00004412678417537351
459	0.000042626222586260745
460	0.00004117603749070635
461	0.000039774562434616786
462	0.000038420185159103356
463	0.00003711134590041567
464	0.00003584653559909594
465	0.00003462429441449527
466	0.00003344321013873401
467	0.00003230191652460326
468	0.000031199092024188004
469	0.000030133458224090187
470	0.000029103778472031306
471	0.000028108856619346003
472	0.00002714753567132442
473	0.000026218696458365306
474	0.000025321256558918804
475	0.00002445416902028575
476	0.000023616421252941047
477	0.000022807033904462046
478	0.0000220250598130414
479	0.000021269582976427636
480	0.000020539717487054803
481	0.00001983460661802704
482	0.00001915342187871288
483	0.000018495362039767548
484	0.000017859652348144893
485	0.000017245543562368735
486	0.000016652311231651297
487	0.000016079254813501164
488	0.00001552569693624579
489	0.00001499098263768714
490	0.000014474478579749144
491	0.000013975572499818735
492	0.000013493672311572663
493	0.000013028205652674523
494	0.000012578619064731029
495	0.000012144377537401062
496	0.00001172496380667658
497	0.00001131987773897916
498	0.00001092863594587301
499	0.00001055077100991768
500	0.000010185831119327448
501	9.83337954591404e-6
502	9.492994035057353e-6
503	9.164266504171718e-6
504	8.846802366981961e-6
505	8.540220349774678e-6
506	8.244151824094239e-6
507	7.958240470259698e-6
508	7.682141911578863e-6
509	7.41552330031076e-6
510	7.158062947078956e-6
511	6.909449846269459e-6
512	6.669383505399918e-6
513	6.437573487055397e-6
514	6.2137390698101155e-6
515	5.997608955743737e-6
516	5.788920950226058e-6
517	5.587421727185128e-6
518	5.392866377785125e-6
519	5.205018290824013e-6
520	5.023648836801085e-6
521	4.848537024069534e-6
522	4.679469338409872e-6
523	4.516239441889589e-6
524	4.358647960503846e-6
525	4.206502265510128e-6
526	4.059616189910939e-6
527	3.917809893964335e-6
528	3.7809095691203934e-6
529	3.6487473312872024e-6
530	3.5211609127060294e-6
531	3.3979935839622693e-6
532	3.279093913801161e-6
533	3.1643155626195574e-6
534	3.053517190486385e-6
535	2.9465622214520945e-6
536	2.8433187227106953e-6
537	2.7436592396990984e-6
538	2.6474606469919474e-6
539	2.5546039950919936e-6
540	2.464974332712597e-6
541	2.3784607085242117e-6
542	2.2949558641622526e-6
543	2.214356208371126e-6
544	2.136561707063438e-6
545	2.0614756875007164e-6
546	1.989004824697392e-6
547	1.9190589183571127e-6
548	1.8515508945417686e-6
549	1.7863965969473453e-6
550	1.7235147626335837e-6
551	1.6628269121597756e-6
552	1.604257236904027e-6
553	1.5477325683959165e-6
554	1.493182154868133e-6
555	1.4405377317790162e-6
556	1.389733293277459e-6
557	1.3407052023625044e-6
558	1.2933919147917957e-6
559	1.2477340213555325e-6
560	1.203674160354275e-6
561	1.161156927924454e-6
562	1.120128807995745e-6
563	1.0805381441877812e-6
564	1.0423350668466316e-6
565	1.0054713303122853e-6
566	9.699004997284098e-7
567	9.355775655450272e-7
568	9.024591941705288e-7
569	8.705034930898248e-7
570	8.396700169109655e-7
571	8.099196835928323e-7
572	7.812148459923985e-7
573	7.535190490426909e-7
574	7.267971662488735e-7
575	7.010152437927867e-7
576	6.761405005944085e-7
577	6.521413280762951e-7
578	6.289871525072606e-7
579	6.066485009213482e-7
580	5.850968840312425e-7
581	5.643048382024106e-7
582	5.442458291845931e-7
583	5.248942234788455e-7
584	5.062252822323007e-7
585	4.882151314810705e-7
586	4.708407316579396e-7
587	4.540798463609404e-7
588	4.3791098685188413e-7
589	4.223134025905449e-7
590	4.0726711874990235e-7
591	3.92752784354491e-7
592	3.7875175561013434e-7
593	3.6524601344456356e-7
594	3.522182230791414e-7
595	3.3965157843779465e-7
596	3.275299085305733e-7
597	3.158375923999549e-7
598	3.0455952088850064e-7
599	2.9368117901898075e-7
600	2.8318848618173404e-7
601	2.730678776359211e-7
602	2.6330628934853275e-7
603	2.5389109334967553e-7
604	2.448100565044481e-7
605	2.3605144664794664e-7
606	2.276038927912487e-7
607	2.1945646635310657e-7
608	2.1159853955647988e-7
609	2.0401994100964262e-7
610	1.9671081332727577e-7
611	1.8966166916035259e-7
612	1.8286327182063373e-7
613	1.7630684210192305e-7
614	1.6998381269824886e-7
615	1.6388593392717114e-7
616	1.580052538479525e-7
617	1.5233407244761587e-7
618	1.4686504862482092e-7
619	1.4159094944826965e-7
620	1.365049358426674e-7
621	1.3160033664244555e-7
622	1.2687070359735858e-7
623	1.2230989320307668e-7
624	1.1791191556626895e-7
625	1.1367096342936529e-7
626	1.0958149397983895e-7
627	1.0563815449977494e-7
628	1.0183573306101001e-7
629	9.816921392071682e-8
630	9.463386024718955e-8
631	9.122492673236764e-8
632	8.793797932071948e-8
633	8.476863329901199e-8
634	8.171276850837039e-8
635	7.876631893574534e-8
636	7.592538153865377e-8
637	7.318627288700485e-8
638	7.054526226139814e-8
639	6.799897811008073e-8
640	6.554395126603446e-8
641	6.31769956185205e-8
642	6.089496639816875e-8
643	5.8694815930833e-8
644	5.6573622799992793e-8
645	5.452859390969019e-8
646	5.255703893735405e-8
647	5.065626127937493e-8
648	4.8823808191194883e-8
649	4.7057195960217356e-8
650	4.535410518834303e-8
651	4.371227132212746e-8
652	4.212945760163103e-8
653	4.060362450717268e-8
654	3.9132678754743864e-8
655	3.7714699095117456e-8
656	3.6347768686563496e-8
657	3.5030060677076696e-8
658	3.375983961235973e-8
659	3.253537711196816e-8
660	3.1355038131532223e-8
661	3.021728238487897e-8
662	2.912052175638599e-8
663	2.8063322009086554e-8
664	2.704428915692768e-8
665	2.6062012100823515e-8
666	2.5115208086916354e-8
667	2.420257863935998e-8
668	2.3322897268887674e-8
669	2.247501055188055e-8
670	2.1657751000707648e-8
671	2.0870054937198706e-8
672	2.0110786626558637e-8
673	1.9379004159341203e-8
674	1.8673694697596388e-8
675	1.799389281028012e-8
676	1.7338681194207666e-8
677	1.6707191397824148e-8
678	1.6098574536260633e-8
679	1.551197155128058e-8
680	1.4946633835478396e-8
681	1.4401803766494704e-8
682	1.3876684360551245e-8
683	1.337059083022017e-8
684	1.2882860677600436e-8
685	1.2412823504729676e-8
686	1.195980098827681e-8
687	1.152322966128695e-8
688	1.1102539315372318e-8
689	1.0697091266837984e-8
690	1.0306363162765153e-8
691	9.929826462566967e-9
692	9.566977506804682e-9
693	9.21730671956486e-9
694	8.880329833560086e-9
695	8.55561958206476e-9
696	8.242680862159728e-9
697	7.941138803858115e-9
698	7.650582536191393e-9
699	7.370596416072173e-9
700	7.100791725372889e-9
701	6.840807047801663e-9
702	6.5902767783705856e-9
703	6.348895005037743e-9
704	6.116288178108294e-9
705	5.892174835299988e-9
706	5.676205853413574e-9
707	5.468092698696452e-9
708	5.267608204765997e-9
709	5.074392830252827e-9
710	4.888278063672593e-9
711	4.708897842056551e-9
712	4.5361107217186376e-9
713	4.369577056048426e-9
714	4.209150411433985e-9
715	4.054616769609914e-9
716	3.905693724778923e-9
717	3.7621949605801654e-9
718	3.6239651666897932e-9
719	3.490780783072831e-9
720	3.3624490830561434e-9
721	3.2388085668771785e-9
722	3.1197293566024338e-9
723	3.0049459056997637e-9
724	2.8944251810833232e-9
725	2.7879313955077677e-9
726	2.6852938184217146e-9
727	2.586475295329274e-9
728	2.4912344533863993e-9
729	2.3994634866093233e-9
730	2.3111215636692807e-9
731	2.225962166959902e-9
732	2.143941831716272e-9
733	2.0649134631211768e-9
734	1.988797250666882e-9
735	1.915443443008754e-9
736	1.8448390716437456e-9
737	1.7767975315479213e-9
738	1.7112345664630832e-9
739	1.6480649842008384e-9
740	1.5872724885837902e-9
741	1.528665501272234e-9
742	1.4722259229697548e-9
743	1.4178650371519254e-9
744	1.365493178234572e-9
745	1.3150550570029293e-9
746	1.2664239383024312e-9
747	1.219649265713139e-9
748	1.1745673903822745e-9
749	1.1311556749938221e-9
750	1.089319697879365e-9
751	1.0489998955305545e-9
752	1.0102078817191425e-9
753	9.728113358117383e-10
754	9.368209255775718e-10
755	9.021750295879238e-10
756	8.68738904054852e-10
757	8.365944321082187e-10
758	8.056057454231007e-10
759	7.757816206501795e-10
760	7.470211321131766e-10
761	7.193323411910591e-10
762	6.926498439834435e-10
763	6.669812335333888e-10
764	6.422603006227244e-10
765	6.184571732146368e-10
766	5.955045802659516e-10
767	5.734089153164014e-10
768	5.521393393980303e-10
769	5.316646895335311e-10
770	5.119160625512815e-10
771	4.92898890839303e-10
772	4.746186184215024e-10
773	4.5696769268739077e-10
774	4.399885712483692e-10
775	4.236483830782718e-10
776	4.0791392746420537e-10
777	3.927516731280444e-10
778	3.781277573498325e-10
779	3.6408434506481107e-10
780	3.505491550370347e-10
781	3.374875819357036e-10
782	3.249415588679803e-10
783	3.1287632470855514e-10
784	3.0121817538803633e-10
785	2.900088084669066e-10
786	2.792127123025575e-10
787	2.6879403804159196e-10
788	2.5879450198057834e-10
789	2.4913905745694005e-10
790	2.39908470121245e-10
791	2.3094893936596402e-10
792	2.2234106870581688e-10
793	2.1404800801594578e-10
794	2.0607203583414629e-10
795	1.9841543533454664e-10
796	1.9100120780568978e-10
797	1.8387085475342603e-10
798	1.770264119491672e-10
799	1.70390111246653e-10
800	1.6404345628125174e-10
801	1.5790833807234603e-10
802	1.5202645023421694e-10
803	1.463593330963889e-10
804	1.4086818088045633e-10
805	1.3559469637828765e-10
806	1.3054041991868668e-10
807	1.256662918668802e-10
808	1.2097359538301785e-10
809	1.1646361615837694e-10
810	1.120967759217449e-10
811	1.0791505591146154e-10
812	1.0387870657629975e-10
813	9.998875895910425e-11
814	9.624624611493515e-11
815	9.265220310626104e-11
816	8.916627132897287e-11
817	8.583070855107531e-11
818	8.264655558476687e-11
819	7.953153251447148e-11
820	7.656965194094166e-11
821	7.367828236547793e-11
822	7.094179427281385e-11
823	6.8277203920095e-11
824	6.568502873069498e-11
825	6.325017695520391e-11
826	6.088913500927032e-11
827	5.860242378224693e-11
828	5.639056515290265e-11
829	5.429663420802944e-11
830	5.2236139880874605e-11
831	5.029480112970192e-11
832	4.838777074552646e-11
833	4.660112806131341e-11
834	4.4806668439684204e-11
835	4.317674357273235e-11
836	4.15397006738957e-11
837	3.998207145622011e-11
838	3.846102651678304e-11
839	3.702027853726899e-11
840	3.561681925212278e-11
841	3.429454325809797e-11
842	3.3010263106262866e-11
843	3.176424286333117e-11
844	3.055674707914929e-11
845	2.938804078532114e-11
846	2.8302474344828386e-11
847	2.725641060763314e-11
848	2.6205849635021946e-11
849	2.523950086891741e-11
850	2.42690075206301e-11
851	2.3383444013720902e-11
852	2.2494090163565276e-11
853	2.164566353633494e-11
854	2.0838433435444634e-11
855	2.0027764330618416e-11
856	1.9258648676956275e-11
857	1.8576445409121823e-11
858	1.789134023863788e-11
859	1.72033294891064e-11
860	1.6512409493876916e-11
861	1.5909487955841937e-11
862	1.5304017837285396e-11
863	1.4741635687505566e-11
864	1.4176882869032717e-11
865	1.365558052807691e-11
866	1.3132086206710032e-11
867	1.260639719348472e-11
868	1.2170713156899896e-11
869	1.173319907196733e-11
870	1.1293852690695249e-11
871	1.085267177144143e-11
872	1.0409654078942594e-11
873	1.0057926331860807e-11
874	9.658071516185758e-12
875	9.2565593036946e-12
876	8.947074344350902e-12
877	8.589363969989622e-12
878	8.277206296950501e-12
879	7.963756460960986e-12
880	7.64901292351596e-12
881	7.380283661373162e-12
882	7.1104445405312215e-12
883	6.839494250259765e-12
884	6.567431483820959e-12
885	6.294254938486713e-12
886	6.067740802187192e-12
887	5.8402979090438145e-12
888	5.659890352242507e-12
889	5.3826215384486865e-12
890	5.200539051957697e-12
891	5.017711688643623e-12
892	4.834138592064015e-12
893	4.64981890851793e-12
894	4.464751787057201e-12
895	4.27893637949764e-12
896	4.141090552816316e-12
897	4.002683760413177e-12
898	3.814807579028324e-12
899	3.675182314534643e-12
900	3.5349941209327166e-12
901	3.3942423709251104e-12
902	3.252926439334244e-12
903	3.160427380937836e-12
904	3.067552859386095e-12
905	2.9247307505301446e-12
906	2.781342115216797e-12
907	2.687148345014822e-12
908	2.592577320428633e-12
909	2.4976286310395463e-12
910	2.402301867875119e-12
911	2.306596623414573e-12
912	2.210512491594206e-12
913	2.1140490678127865e-12
914	2.0676360976603593e-12
915	1.970508594709295e-12
916	1.9236222996698555e-12
917	1.8258293779828458e-12
918	1.727655293465028e-12
919	1.730918378150328e-12
920	1.6321728566031792e-12
921	1.5330451173216403e-12
922	1.5359301089394715e-12
923	1.4362292206985495e-12
924	1.3875352661490813e-12
925	1.3386503784035634e-12
926	1.289574361629316e-12
927	1.2403070207531038e-12
928	1.190848161463751e-12
929	1.141197590214729e-12
930	1.1433244053804055e-12
931	1.0413205414903457e-12
932	1.0432565060720404e-12
933	9.929340272432908e-13
934	9.424189421969754e-13
935	9.44164653703423e-13
936	8.408101978254126e-13
937	8.423639068211479e-13
938	8.439185937612023e-13
939	7.92632114487189e-13
940	7.411520276090181e-13
941	7.425149289965794e-13
942	6.907444838076211e-13
943	6.387799392062599e-13
944	6.399503046695663e-13
945	6.411213867054582e-13
946	5.887687509716064e-13
947	5.362214089548965e-13
948	5.371990898843718e-13
949	5.381773598091037e-13
950	5.391562166798466e-13
951	4.861220925982864e-13
952	4.328925464306611e-13
953	4.3367703072284955e-13
954	4.344619779758672e-13
955	4.352473865311794e-13
956	4.360332547264582e-13
957	3.8221713328364597e-13
958	3.829055679476246e-13
959	3.287952003541327e-13
960	3.293859678964536e-13
961	3.2997707389266133e-13
962	3.3056851707912826e-13
963	3.3116029618944387e-13
964	3.3175240995442387e-13
965	2.769540475850993e-13
966	2.7744803029818736e-13
967	2.2235383096272626e-13
968	2.2274945738714888e-13
969	2.2314530265653878e-13
970	2.23541365913804e-13
971	2.239376463000452e-13
972	2.2433414295456253e-13
973	2.247308550148606e-13
974	2.2512778161665546e-13
975	2.2552492189388008e-13
976	2.2592227497869155e-13
977	1.6973988000110672e-13
978	1.7003821206814044e-13
979	1.703367017802677e-13
980	1.7063534848132175e-13
981	1.1395610100921803e-13
982	1.1415540681266867e-13
983	1.14354815957846e-13
984	1.1455432800383268e-13
985	1.1475394250885078e-13
986	1.1495365903026523e-13
987	1.1515347712458658e-13
988	1.1535339634747417e-13
989	1.1555341625373974e-13
990	1.1575353639734965e-13
991	1.1595375633142933e-13
992	1.1615407560826517e-13
993	1.1635449377930844e-13
994	1.1655501039517836e-13
995	1.1675562500566483e-13
996	1.1695633715973235e-13
997	1.1715714640552274e-13
998	1.1735805229035838e-13
999	1.1755905436074532e-13
1000	5.88800760811884e-14