1	2.9991125014382557e10
2	2.920894860968553e10
3	2.8441707836677124e10
4	2.768941750776964e10
5	2.695207028151943e10
6	2.622963823951424e10
7	2.5522074381713818e10
8	2.48293140437864e10
9	2.4151276239852524e10
10	2.3487864933920017e10
11	2.2838970243171055e10
12	2.2204469576141758e10
13	2.1584228708719208e10
14	2.097810280076785e10
15	2.038593735608852e10
16	1.980756912830742e10
17	1.924282697519062e10
18	1.869153266378066e10
19	1.8153501628656067e10
20	1.762854368552249e10
21	1.7116463702254686e10
22	1.661706222942241e10
23	1.6130136092249842e10
24	1.565547894587793e10
25	1.5192881795721258e10
26	1.4742133484636219e10
27	1.4303021148545101e10
28	1.3875330642091173e10
29	1.3458846935832361e10
30	1.3053354486417032e10
31	1.2658637581122583e10
32	1.2274480658077938e10
33	1.1900668603433193e10
34	1.1536987026684088e10
35	1.1183222515305433e10
36	1.0839162869796576e10
37	1.0504597320192114e10
38	1.0179316725043848e10
39	9.86311375383416e9
40	9.555783053737272e9
41	9.257121401602524e9
42	8.966927841993572e9
43	8.685003812078339e9
44	8.411153254127505e9
45	8.145182716343413e9
46	7.886901442706987e9
47	7.636121452497521e9
48	7.392657610108443e9
49	7.156327685752147e9
50	6.926952407617845e9
51	6.704355506018901e9
52	6.488363750039374e9
53	6.278806977163978e9
54	6.0755181163517475e9
55	5.878333204989938e9
56	5.687091400142707e9
57	5.501634984487736e9
58	5.32180936731365e9
59	5.147463080931482e9
60	4.978447772835061e9
61	4.814618193927215e9
62	4.655832183111855e9
63	4.5019506485358e9
64	4.352837545748597e9
65	4.2083598530341773e9
66	4.0683875441535916e9
67	3.932793558725278e9
68	3.8014537704559813e9
69	3.674246953423541e9
70	3.5510547466011863e9
71	3.431761616801632e9
72	3.316254820209097e9
73	3.2044243626570926e9
74	3.096162958800347e9
75	2.9913659903202333e9
76	2.889931463294372e9
77	2.7917599648529186e9
78	2.696754619236165e9
79	2.604821043360886e9
80	2.515867301995542e9
81	2.4298038626381464e9
82	2.3465435501838665e9
83	2.2660015014638414e9
84	2.1880951197306547e9
85	2.1127440291607864e9
86	2.0398700294390762e9
87	1.9693970504855301e9
88	1.90125110738011e9
89	1.8353602555369513e9
90	1.7716545461752799e9
91	1.7100659821304083e9
92	1.6505284740446925e9
93	1.592977796974685e9
94	1.5373515474476895e9
95	1.4835891009976544e9
96	1.4316315702076015e9
97	1.3814217632830498e9
98	1.3329041431782575e9
99	1.2860247872948327e9
100	1.2407313477698655e9
101	1.1969730123687718e9
102	1.1547004659958813e9
103	1.1138658528340957e9
104	1.0744227391231134e9
105	1.0363260765840807e9
106	9.995321664970813e8
107	9.639986244363412e8
108	9.296843456668139e8
109	8.965494712044721e8
110	8.645553545416014e8
111	8.33664529037176e8
112	8.038406759715248e8
113	7.750485932635685e8
114	7.472541648479663e8
115	7.204243307088579e8
116	6.945270575660547e8
117	6.695313102089777e8
118	6.454070234729139e8
119	6.221250748517247e8
120	5.996572577405584e8
121	5.77976255301704e8
122	5.570556149462621e8
123	5.3686972342398256e8
124	5.173937825132865e8
125	4.9860378530310863e8
126	4.8047649305805975e8
127	4.629894126580561e8
128	4.461207746034493e8
129	4.2984951157645917e8
130	4.1415523754958534e8
131	3.99018227431561e8
132	3.8441939724129283e8
133	3.7034028480014336e8
134	3.567630309329033e8
135	3.4367036116769665e8
136	3.31045567925085e8
137	3.188724931866055e8
138	3.071355116330029e8
139	2.958195142424211e8
140	2.8490989233888e8
141	2.7439252208136296e8
142	2.6425374938396752e8
143	2.544803752575641e8
144	2.4505964156354648e8
145	2.3597921717031404e8
146	2.2722718450319445e8
147	2.1879202647869086e8
148	2.106626138139435e8
149	2.0282819270251238e8
150	1.9527837284759367e8
151	1.8800311584401807e8
152	1.8099272390039793e8
153	1.742378288930182e8
154	1.677293817430974e8
155	1.6145864210927683e8
156	1.5541716838725317e8
157	1.495968080086671e8
158	1.4398968803145492e8
159	1.3858820601406103e8
160	1.3338502116597725e8
161	1.2837304576732229e8
162	1.2354543685021056e8
163	1.188955881348826e8
164	1.14417122213667e8
165	1.1010388297601159e8
166	1.0594992826794808e8
167	1.0194952277951476e8
168	9.809713115378013e7
169	9.438741131126583e7
170	9.081520798371278e7
171	8.737554645124507e7
172	8.406362647715895e7
173	8.08748164346688e7
174	7.78046476200835e7
175	7.484880874703494e7
176	7.200314061649854e7
177	6.926363095745014e7
178	6.662640943318156e7
179	6.4087742808382325e7
180	6.1644030272216015e7
181	5.929179891278497e7
182	5.7027699338423505e7
183	5.4848501441455334e7
184	5.275109030009948e7
185	5.073246221436476e7
186	4.878972087186154e7
187	4.69200736395692e7
188	4.512082797772701e7
189	4.338938797206993e7
190	4.172325098080157e7
191	4.012000439272819e7
192	3.857732249312609e7
193	3.709296343397791e7
194	3.5664766305323236e7
195	3.429064830457198e7
196	3.2968602000669837e7
197	3.1696692690158408e7
198	3.047305584221085e7
199	2.929589462981108e7
200	2.816347754436143e7
201	2.7074136091040444e7
202	2.6026262562319912e7
203	2.5018307887166407e7
204	2.40487795534457e7
205	2.311623960121562e7
206	2.2219302684583515e7
207	2.1356634199918915e7
208	2.0526948478246424e7
209	1.9729007039762888e7
210	1.8961616908406038e7
211	1.8223628984541632e7
212	1.75139364738352e7
213	1.6831473370476134e7
214	1.6175212992961416e7
215	1.5544166570681239e7
216	1.4937381879643066e7
217	1.4353941925701259e7
218	1.3792963673693066e7
219	1.32535968209635e7
220	1.2735022613797296e7
221	1.2236452705311662e7
222	1.1757128053414261e7
223	1.1296317857495777e7
224	1.085331853253137e7
225	1.042745271934284e7
226	1.0018068329781078e7
227	9.624537625663726e6
228	9.246256330304636e6
229	8.882642771535346e6
230	8.533137055137305e6
231	8.197200267655104e6
232	7.874313707569759e6
233	7.563978143878531e6
234	7.26571310112656e6
235	6.979056169978074e6
236	6.703562342455776e6
237	6.438803370993231e6
238	6.1843671504749525e6
239	5.939857122463791e6
240	5.704891700856299e6
241	5.479103718209844e6
242	5.262139892028335e6
243	5.053660310308631e6
244	4.853337935671944e6
245	4.660858127435674e6
246	4.475918180995154e6
247	4.2982268839000845e6
248	4.1275040880549788e6
249	3.963480297455717e6
250	3.805896270936232e6
251	3.6545026393775544e6
252	3.5090595368742417e6
253	3.3693362453728444e6
254	3.235110852285261e6
255	3.10616992063715e6
256	2.982308171292902e6
257	2.86332817682897e6
258	2.749040066646559e6
259	2.639261242912855e6
260	2.5338161069514076e6
261	2.4325357957101488e6
262	2.3352579279298936e6
263	2.241826359683867e6
264	2.152090948949743e6
265	2.065907328866731e6
266	1.9831366893994715e6
267	1.9036455670772588e6
268	1.827305642531153e6
269	1.7539935455467077e6
270	1.6835906673482289e6
271	1.6159829798722963e6
272	1.5510608617615716e6
273	1.4887189308377162e6
274	1.428855882821264e6
275	1.3713743360741267e6
276	1.3161806821310783e6
277	1.2631849418293093e6
278	1.2123006268113884e6
279	1.16344460622235e6
280	1.1165369783983526e6
281	1.0715009473701653e6
282	1.028262704005384e6
283	986751.3116110789
284	946898.5958509074
285	908639.0387897666
286	871909.6769452848
287	836650.0031750818
288	802801.8722671006
289	770309.4100995223
290	739118.9262297169
291	709178.8297929291
292	680439.5485830558
293	652853.45120178
294	626374.7721569098
295	600959.5398072514
296	576565.5070394854
297	553152.084581652
298	530680.276856834
299	509112.62027219764
300	488413.12386565446
301	468547.21220948116
302	449481.67049749783
303	431184.59172517934
304	413625.3258896274
305	396774.4311325873
306	380603.62675302324
307	365085.74801581074
308	350194.7026993518
309	335905.42930077564
310	322193.8568525262
311	309036.86627634754
312	296412.2532286708
313	284298.69236965966
314	272675.7030078781
315	261523.61607325118
316	250823.54235445333
317	240557.3419682407
318	230707.5950045453
319	221257.5733028874
320	212191.21332395708
321	203493.09006551004
322	195148.39199318187
323	187142.89693417202
324	179462.94891011404
325	172095.43587107238
326	165027.76828460334
327	158247.85856486732
328	151744.10129249687
329	145505.3542112595
330	139520.91995802193
331	133780.5285077593
332	128274.32029742164
333	122992.83001128546
334	117926.9709997395
335	113068.0202999224
336	108407.60424657147
337	103937.68464418536
338	99650.5454751272
339	95538.78013543955
340	91595.27916202722
341	87813.21844667727
342	84186.04790557131
343	80707.48060200909
344	77371.48228414671
345	74172.26134492905
346	71104.25916663597
347	68162.14085041572
348	65340.78631087536
349	62635.28171602772
350	60040.91126756384
351	57553.149306005325
352	55167.65272287398
353	52880.253676407614
354	50686.95258999752
355	48583.91143393942
356	46567.44726152404
357	44634.02601326129
358	42780.25655455656
359	41002.884960590425
360	39298.78901350227
361	37664.97293141563
362	36098.56229775234
363	34596.79919146443
364	33157.037518327525
365	31776.738515962308
366	30453.46644740584
367	29184.88445805746
368	27968.75060392951
369	26802.914032578094
370	25685.311319550387
371	24613.962946170588
372	23586.969924268076
373	22602.510548830443
374	21658.837283804678
375	20754.27377173494
376	19887.211961694684
377	19056.109350753275
378	18259.486339946823
379	17495.92369167486
380	16764.060089785977
381	16062.589798289617
382	15390.260413213819
383	14745.870703813005
384	14128.268541845506
385	13536.348911636906
386	12969.052001955202
387	12425.361372911759
388	11904.302198127669
389	11404.939574712045
390	10926.37690467494
391	10467.754338125389
392	10028.247281685832
393	9607.064965019654
394	9203.44906606329
395	8816.672389519477
396	8446.037604960165
397	8090.8760249783945
398	7750.546443525029
399	7424.4340147101975
400	7111.949177793851
401	6812.526628036268
402	6525.624325119489
403	6250.7225458881185
404	5987.32297212695
405	5734.947817399362
406	5493.138986051627
407	5261.457272957788
408	5039.481585668275
409	4826.808207262473
410	4623.050084607954
411	4427.836145887578
412	4240.810646401365
413	4061.632540640898
414	3889.974879985259
415	3725.524234101471
416	3567.980138262232
417	3417.0545593349425
418	3272.471387060463
419	3133.965943696314
420	3001.2845153241196
421	2874.1839005495103
422	2752.4309774107346
423	2635.802292200359
424	2524.083658408072
425	2417.069776502555
426	2314.5638686797056
427	2216.377328209078
428	2122.3293803984598
429	2032.2467632045887
430	1945.9634144452648
431	1863.3201777051293
432	1784.1645154450134
433	1708.3502359120662
434	1635.7372320952534
435	1566.1912298920467
436	1499.583547551801
437	1435.7908638336307
438	1374.694997152852
439	1316.1826918339889
440	1260.1454159970963
441	1206.47916476167
442	1155.0842733021307
443	1105.8652368521525
444	1058.7305381459098
445	1013.5924838425684
446	970.3670432122749
447	928.973698092791
448	889.3352973720773
449	851.3779156914906
450	815.0307211379613
451	780.2258455716583
452	746.8982623579466
453	714.9856681763952
454	684.4283686095627
455	655.1691713291076
456	627.1532811381783
457	600.328200306598
458	574.6436330425362
459	550.0513931922546
460	526.5053176901735
461	503.96118082316855
462	482.37661425993747
463	461.71102992087293
464	441.925544255576
465	422.9829087692385
466	404.84744157756734
467	387.4849601803723
468	370.8627213628331
469	354.9493594408886
470	339.7148288010259
471	325.13034966290303
472	311.16835454388405
473	297.8024367277731
474	285.0073032742349
475	272.7587272796342
476	261.0335036437273
477	249.8094060533192
478	239.0651462431862
479	228.78033475111658
480	218.9354425957781
481	209.51176581601501
482	200.49139083917044
483	191.85716066576995
484	183.5926441271998
485	175.68210429621868
486	168.1104704157461
487	160.86330910650585
488	153.92679796954053
489	147.28769980870226
490	140.9333374636106
491	134.8515717605632
492	129.03077679995098
493	123.45982032934883
494	118.12804126220739
495	113.02523135544999
496	108.14161518572719
497	103.4678315834799
498	98.99491776883589
499	94.71429048053153
500	90.61773140105527
501	86.69737164536001
502	82.94567598906806
503	79.35543030390963
504	75.91972615961923
505	72.6319501505861
506	69.4857694476245
507	66.47512062554611
508	63.59419859790118
509	60.8374455095255
510	58.199540347985504
511	55.67538805375339
512	53.260111430765086
513	50.94904101462836
514	48.737706222928715
515	46.62182715697568
516	44.59730645203683
517	42.66022204695157
518	40.80681853947959
519	39.033501335982265
520	37.33682950683531
521	35.71350867531468
522	34.16038548916481
523	32.674441239483926
524	31.25278633192483
525	29.892654888919424
526	28.591399068814923
527	27.34648461878975
528	26.15548544269844
529	25.0160796561275
530	23.92604438756245
531	22.883252314306258
532	21.885667212812898
533	20.93133988430574
534	20.01840496772888
535	19.145076911661153
536	18.309646826182224
537	17.51047915053292
538	16.746008530259644
539	16.014736769973684
540	15.315229733909904
541	14.646115457164946
542	14.006080416415436
543	13.393867644589903
544	12.808274390046758
545	12.248149339914258
546	11.712391016197122
547	11.199944989100239
548	10.709802494367098
549	10.240997876296264
550	9.792607174328312
551	9.363746264584242
552	8.953569047519318
553	8.561266150278245
554	8.18606260738694
555	7.82721722953966
556	7.484020364891267
557	7.1557935571581135
558	6.84188715060177
559	6.541679663799895
560	6.254576496690874
561	5.98000867020626
562	5.717431709217949
563	5.466324774269116
564	5.226189592728426
565	4.996548979616001
566	4.776947138608078
567	4.5669471345215324
568	4.366131558876654
569	4.174100815121567
570	3.9904726225736287
571	3.8148811078166593
572	3.646976654064939
573	3.4864242893133772
574	3.332903885151679
575	3.186109003035212
576	3.0457464911499152
577	2.911536089181706
578	2.7832094341279885
579	2.660510000258107
580	2.543192236182259
581	2.4310214224461757
582	2.323772936621445
583	2.221231833988283
584	2.123192535986702
585	2.0294584282581507
586	1.9398414686359253
587	1.8541618049246518
588	1.7722473070959144
589	1.693933301685193
590	1.6190625001779357
591	1.547484178325178
592	1.4790543109315404
593	1.413635051937558
594	1.3510947809615361
595	1.291307323778006
596	1.234152195816297
597	1.1795141128894369
598	1.127282696120384
599	1.0773526303749423
600	1.0296229292622707
601	0.9839971042631874
602	0.9403829757613344
603	0.898692314896135
604	0.8588405827412722
605	0.8207471922179697
606	0.784334905239875
607	0.7495300132640076
608	0.7162617509107471
609	0.6844627346567035
610	0.6540683847820694
611	0.6250170288687122
612	0.597249424368377
613	0.5707093599064205
614	0.5453427709279314
615	0.5210980167220911
616	0.49792574495614983
617	0.4757786802277218
618	0.45461189479723024
619	0.43438196552494274
620	0.41504780467411195
621	0.3965699032850264
622	0.3789104518302254
623	0.3620335324396155
624	0.34590461587532634
625	0.33049060741471503
626	0.31576004116053474
627	0.30168281670076114
628	0.28823001920261637
629	0.2753740415818769
630	0.26308877506448464
631	0.25134876857435384
632	0.24013008950862122
633	0.22940956386384354
634	0.21916533525841295
635	0.20937626201354306
636	0.20002218624369106
637	0.19108405169547757
638	0.18254317714559132
639	0.1743822944883322
640	0.16658433697316585
641	0.159133400368361
642	0.15201409886693212
643	0.1452116902912461
644	0.1387121289550514
645	0.132502049252834
646	0.12656868298024404
647	0.12089958114136959
648	0.11548319974355813
649	0.1103082233137544
650	0.10536401594210232
651	0.10064034631885514
652	0.09612731491957133
653	0.09181572908274527
654	0.08769651541401778
655	0.08376122199413642
656	0.08000162761353645
657	0.07640992370404413
658	0.0729787043478736
659	0.06970077276056577
660	0.06656931996841903
661	0.06357791519792774
662	0.06072019611953734
663	0.05799028686035189
664	0.05538254773007156
665	0.05289145210527179
666	0.05051187765582876
667	0.04823880473817207
668	0.04606748843690497
669	0.04399345169182999
670	0.042012307411954844
671	0.04011998401678979
672	0.038312379151695504
673	0.03658586575835586
674	0.034936778120577
675	0.033361635420563064
676	0.031857137207443126
677	0.03042015893455218
678	0.02904769341298402
679	0.027736794444177676
680	0.02648478983841266
681	0.025289061273775084
682	0.02414699085236841
683	0.023056224196779117
684	0.0220145067031221
685	0.021019629499226814
686	0.020069428858165563
687	0.019161989833246667
688	0.01829543611259764
689	0.017467828751097897
690	0.01667746932337095
691	0.015922693913817367
692	0.015201922072421983
693	0.014513605674356994
694	0.013856277253663273
695	0.013228596410892761
696	0.01262915378665987
697	0.012056760637980142
698	0.011510204754828493
699	0.010988298884270522
700	0.010489927254755763
701	0.010014043701146114
702	0.009559623591464854
703	0.009125755388250452
704	0.008711454856468749
705	0.008315894417313
706	0.007938173300647096
707	0.007577499164834376
708	0.007233184859585929
709	0.006904380568012742
710	0.006590517706618906
711	0.006290777591976749
712	0.0060046620680508775
713	0.005731424872562685
714	0.005470592004937451
715	0.005221613974758148
716	0.004983868537843263
717	0.004756872365591802
718	0.0045401936047596335
719	0.004333326644046325
720	0.004135817654508443
721	0.003947263059527911
722	0.003767308030089466
723	0.0035954443664412876
724	0.0034314542633031315
725	0.003274886076987396
726	0.003125376882463805
727	0.002982727752900869
728	0.0028465105220989956
729	0.0027164608456718307
730	0.002592396298227635
731	0.0024739097563728756
732	0.002360829936045411
733	0.0022528762517042946
734	0.0021498487111141244
735	0.0020514774375112042
736	0.001957645391167132
737	0.0018680551596976487
738	0.0017825248284925974
739	0.0017008762842928861
740	0.0016230065717722675
741	0.0015486371791798448
742	0.0014776722647881566
743	0.0014099476951457985
744	0.001345302900099143
745	0.0012836153083676772
746	0.0012246963700056862
747	0.0011685319451553266
748	0.0011149048659458642
749	0.0010637373425326
750	0.001014886413000218
751	0.0009682454517603889
752	0.0009237758024617034
753	0.0008813088178338343
754	0.0008408094387751129
755	0.0008021786974454864
756	0.0007652559737094864
757	0.0007300747977543684
758	0.0006964783951360681
759	0.0006644388998388024
760	0.000633835659162626
761	0.0006046433993900233
762	0.0005767759387052769
763	0.000550209865164814
764	0.0005248617030404909
765	0.0005006798981088485
766	0.00047758425415911164
767	0.00045555554850348456
768	0.0004345454601455269
769	0.0004145067180944359
770	0.00039536419042197077
771	0.00037710197336496997
772	0.00035970434180137466
773	0.00034307090622621056
774	0.0003272161982805118
775	0.00031209834330057646
776	0.000297676426896609
777	0.0002839104815721882
778	0.0002707614734768441
779	0.00025824545150786044
780	0.00024629715024048415
781	0.00023487968209972914
782	0.00022401004352215037
783	0.00021365195911765555
784	0.00020374391691605428
785	0.00019430380298094774
786	0.0001852973681048276
787	0.00017669121051830652
788	0.0001685034871877614
789	0.00016067616649913144
790	0.00015325274739033884
791	0.0001461264827956054
792	0.00013934138705110175
793	0.00013286674768397944
794	0.00012669690986992035
795	0.00012082628358968372
796	0.00011520152177931073
797	0.00010984195522528771
798	0.00010474270463736233
799	0.0000998521777901814
800	0.0000952130693889685
801	0.00009077458256980244
802	0.00008655594845495966
803	0.00008253036356095066
804	0.00007867174802508695
805	0.00007499945717034813
806	0.00007151001887524761
807	0.00006817797295466668
808	0.00006500042219932745
809	0.00006197450295182597
810	0.00005907584787426911
811	0.00005632352010490145
812	0.00005369353757068275
813	0.000051183644381927884
814	0.00004879161085211614
815	0.00004651523327517201
816	0.000044331752574945775
817	0.000042259909167504204
818	0.000040297573046177436
819	0.00003840240632140656
820	0.00003661317379605762
821	0.00003488819128651314
822	0.00003326564957102064
823	0.00003170450983811543
824	0.00003020367318707749
825	0.0000288004796514456
826	0.00002745484025136331
827	0.00002616569936531301
828	0.000024932013689037992
829	0.000023771381739892633
830	0.000022645381730735652
831	0.000021590124133849553
832	0.000020567785391750538
833	0.000019613928947794847
834	0.000018673401084320208
835	0.00001781720557050322
836	0.00001697298827019717
837	0.000016175650889897634
838	0.000015406895324088937
839	0.000014683445175593535
840	0.00001398729236832146
841	0.000013334906327013927
842	0.000012708565236550618
843	0.000012107787109650283
844	0.000011532095646991945
845	0.000010981020188258917
846	0.000010470404705118548
847	9.983223073560223e-6
848	9.502971432127347e-6
849	9.06143542045157e-6
850	8.626195151858003e-6
851	8.228538500855083e-6
852	7.836561437438499e-6
853	7.465635565901408e-6
854	7.115338811821454e-6
855	6.770074728874955e-6
856	6.444854012013249e-6
857	6.154204974721462e-6
858	5.867728914769612e-6
859	5.58538649057935e-6
860	5.307138640071049e-6
861	5.061871559360398e-6
862	4.820154592192243e-6
863	4.596183765592145e-6
864	4.375465471432771e-6
865	4.171968708545924e-6
866	3.971435391737652e-6
867	3.773837309709103e-6
868	3.606468181407156e-6
869	3.4415323717855017e-6
870	3.279006688167958e-6
871	3.1188681037969914e-6
872	2.961093756854116e-6
873	2.8318820798543096e-6
874	2.6915551931083522e-6
875	2.553312037425922e-6
876	2.442710652478665e-6
877	2.3210466799927484e-6
878	2.2137762252133633e-6
879	2.1080947765867265e-6
880	2.0039869947954773e-6
881	1.9137049907759644e-6
882	1.8247617837567583e-6
883	1.7371444206299567e-6
884	1.6508400418036604e-6
885	1.5658358806465534e-6
886	1.4938821142285097e-6
887	1.4230055664103094e-6
888	1.3647615221485075e-6
889	1.2844422399846537e-6
890	1.2281060601154175e-6
891	1.1726131384480485e-6
892	1.1179552422494918e-6
893	1.0641241985652846e-6
894	1.011111893863187e-6
895	9.5891027367867e-7
896	9.183150487177308e-7
897	8.78329841284244e-7
898	8.283290608970733e-7
899	7.896370796839917e-7
900	7.515366614645716e-7
901	7.140219526747278e-7
902	6.770871425809518e-7
903	6.508967243415888e-7
904	6.250986611011866e-7
905	5.896942705096841e-7
906	5.54848165134303e-7
907	5.303765253243884e-7
908	5.06280759659086e-7
909	4.825571225625802e-7
910	4.5920189599353833e-7
911	4.362113892796726e-7
912	4.1358193895315545e-7
913	3.913099085868932e-7
914	3.786264808474542e-7
915	3.569769514186809e-7
916	3.4474695157416194e-7
917	3.237079717181841e-7
918	3.030097569637563e-7
919	3.003143748271452e-7
920	2.801298271278809e-7
921	2.6027677870540704e-7
922	2.579483750519531e-7
923	2.385939810409624e-7
924	2.2800670656097436e-7
925	2.1758655765589627e-7
926	2.0733183228941074e-7
927	1.9724084109939153e-7
928	1.8731190732112746e-7
929	1.7754336671094815e-7
930	1.7593040401645644e-7
931	1.5848087016993755e-7
932	1.5703541860548706e-7
933	1.4782030090809983e-7
934	1.387579548565006e-7
935	1.3748483308934627e-7
936	1.210852151263403e-7
937	1.1996978146386238e-7
938	1.1886239310537159e-7
939	1.1040281610768354e-7
940	1.0208762175241251e-7
941	1.0113953409262008e-7
942	9.304130230078658e-8
943	8.50833912873104e-8
944	8.428833213670215e-8
945	8.349906795501958e-8
946	7.582260149592895e-8
947	6.828149230654353e-8
948	6.763809275805137e-8
949	6.69994115946019e-8
950	6.636542146865056e-8
951	5.916248565119974e-8
952	5.2089124492158195e-8
953	5.159306069355304e-8
954	5.110066329078489e-8
955	5.061191094242257e-8
956	5.012678241293175e-8
957	4.3439599500678136e-8
958	4.302139834570122e-8
959	3.6519696720692525e-8
960	3.6166564089808934e-8
961	3.581607086886323e-8
962	3.546820160038103e-8
963	3.512294090387141e-8
964	3.478027347548413e-8
965	2.8700153406389896e-8
966	2.84188813240257e-8
967	2.2511785935334687e-8
968	2.2290155352995968e-8
969	2.207020336171155e-8
970	2.1851920060730456e-8
971	2.163529559882245e-8
972	2.1420320174056276e-8
973	2.1206984033579858e-8
974	2.099527747340085e-8
975	2.078519083816828e-8
976	2.057671452095495e-8
977	1.5277379222280917e-8
978	1.5123415990274314e-8
979	1.4970639097482712e-8
980	1.4819041482364946e-8
981	9.779077412594754e-9
982	9.679570677592417e-9
983	9.58083614624905e-9
984	9.482869204935465e-9
985	9.385665263275693e-9
986	9.28921975404261e-9
987	9.193528133054119e-9
988	9.098585879069513e-9
989	9.004388493686649e-9
990	8.910931501239048e-9
991	8.818210448693941e-9
992	8.726220905550277e-9
993	8.634958463737465e-9
994	8.544418737514467e-9
995	8.454597363369163e-9
996	8.365489999918329e-9
997	8.277092327807863e-9
998	8.189400049613482e-9
999	8.102408889742009e-9
1000	4.008057297166391e-9