1	72.67056142901872
2	141.17399893122092
3	205.6494732631513
4	266.2350362283
5	323.0673679212481
6	376.28154086544197
7	426.0108092350214
8	472.38642145048607
9	515.5374545326878
10	555.5906686898794
11	592.6703806985214
12	626.8983547203823
13	658.3937092763687
14	687.272839171613
15	713.6493512368135
16	737.6340128177966
17	759.3347120088994
18	778.8564286862123
19	796.3012154540784
20	811.7681876726963
21	825.3535217862898
22	837.1504612202726
23	847.2493291622147
24	855.7375475853465
25	862.6996619149604
26	868.2173707774083
27	872.3695603086469
28	875.2323425344894
29	876.8790973679821
30	877.3805178007519
31	876.8046578948372
32	875.2169832095001
33	872.6804233239216
34	869.2554261415537
35	865.0000136853473
36	859.9698391151296
37	854.2182447191932
38	847.7963206516521
39	840.752964205499
40	833.1349394285157
41	824.9869369053782
42	816.351633544461
43	807.2697522220732
44	797.7801211501811
45	787.9197328461311
46	777.7238025945587
47	767.2258263025508
48	756.4576376593055
49	745.4494645210252
50	734.2299844506044
51	722.826379349929
52	711.2643891302374
53	699.5683643731054
54	687.7613179412383
55	675.8649755043433
56	663.8998249510302
57	651.8851646629089
58	639.8391506319094
59	627.7788424062503
60	615.7202478546286
61	603.6783667419323
62	591.6672331132139
63	579.6999564858512
64	567.7887618526426
65	555.9450285012614
66	544.1793276577912
67	532.5014589642929
68	520.9204858022156
69	509.4447694752454
70	498.08200226673335
71	486.839239388191
72	475.7229298366114
73	464.73894617941113
74	453.89261328672825
75	443.18873603161984
76	432.6316259793974
77	422.22512708789134
78	411.9726404409242
79	401.87714803766045
80	391.9412356607605
81	382.16711484652797
82	372.5566439803211
83	363.11134854063454
84	353.832440515202
85	344.72083701248744
86	335.7771780917842
87	327.0018438350375
88	318.3949706832882
89	309.95646706043885
90	301.68602830677526
91	293.5831509443727
92	285.6471462962388
93	277.87715348066496
94	270.2721518019288
95	262.83097255809247
96	255.55231028625315
97	248.43473346520062
98	241.4766946950017
99	234.67654037261758
100	228.03251988220944
101	221.54279431835675
102	215.20544475995297
103	209.01848011210197
104	202.9798445328841
105	197.0874244614
106	191.33905526306526
107	185.73252750765397
108	180.2655928951676
109	174.93596984413375
110	169.741348756531
111	164.67939697306116
112	159.7477634320904
113	154.94408304514937
114	150.26598080144765
115	145.71107561346895
116	141.27698391529208
117	136.96132302489747
118	132.7617142813175
119	128.67578596712013
120	124.70117602633293
121	120.83553458755743
122	117.07652630165622
123	113.42183250305922
124	109.869153203396
125	106.41620892581223
126	103.06074238803699
127	99.80052004192399
128	96.63333347690882
129	93.55700069451366
130	90.56936726074909
131	87.66830734298526
132	84.85172463759213
133	82.11755319438201
134	79.46375814364559
135	76.88833633131266
136	74.38931686754196
137	71.96476159380545
138	69.61276547331897
139	67.33145690944644
140	65.11899799650881
141	62.97358470721314
142	60.89344702074276
143	58.87684899534411
144	56.922088789081876
145	55.02749863225283
146	53.191444754778026
147	51.41232727174878
148	49.6885800301256
149	48.01867041946424
150	46.4010991493754
151	44.834399996313074
152	43.317139522132386
153	41.84791676675164
154	40.425362917110576
155	39.048140954523205
156	37.714945282392755
157	36.42450133616359
158	35.17556517727193
159	33.96692307277115
160	32.79739106219559
161	31.66581451316214
162	30.571067667098202
163	29.512053176420327
164	28.48770163440003
165	27.496971098883517
166	26.538846610957155
167	25.612339709587154
168	24.716487943190888
169	23.85035437903981
170	23.013027111336473
171	22.203618768744498
172	21.421266022107684
173	20.66512909303439
174	19.93439126397789
175	19.22825839040171
176	18.54595841557216
177	17.886740888472854
178	17.249876485310075
179	16.634656535030533
180	16.04039254923722
181	15.466415756867564
182	14.912076643947467
183	14.376744498725738
184	13.859806962447827
185	13.360669586012657
186	12.878755392725404
187	12.41350444733574
188	11.96437343153494
189	11.530835226050918
190	11.112378499478636
191	10.708507303946853
192	10.318740677718013
193	9.942612254793422
194	9.579669881584417
195	9.229475240699626
196	8.891603481871396
197	8.565642860050175
198	8.251194380670965
199	7.9478714520863045
200	7.655299545159731
201	7.373115859992723
202	7.10096899975221
203	6.838518651568605
204	6.585435274445207
205	6.341399794138741
206	6.106103304942988
207	5.879246778314391
208	5.66054077826431
209	5.449705183452925
210	5.246468915893354
211	5.050569676192335
212	4.861753685233411
213	4.679775432217606
214	4.5043974289689865
215	4.33538997040441
216	4.172530901076044
217	4.015605387687303
218	3.8644056974765917
219	3.7187309823709653
220	3.578387068807301
221	3.4431862531147264
222	3.312947102352811
223	3.187494260505652
224	3.0666582599209304
225	2.950275337893293
226	2.838187258282091
227	2.7302411380641805
228	2.626289278712445
229	2.526189002298849
230	2.4298024922165085
231	2.33699663842078
232	2.2476428870830896
233	2.161617094562035
234	2.078799385587916
235	1.999074015561233
236	1.9223292368700169
237	1.8484571691283809
238	1.7773536732405097
239	1.708918229194909
240	1.6430538174993465
241	1.5796668041618442
242	1.5186668291297678
243	1.4599666980980346
244	1.4034822775985665
245	1.3491323932872157
246	1.2968387313435543
247	1.2465257428988616
248	1.1981205514160882
249	1.1515528629364449
250	1.1067548791212052
251	1.0636612130071408
252	1.022208807402804
253	0.9823368558550427
254	0.9439867261083924
255	0.9071018859934354
256	0.8716278316717617
257	0.8375120181710454
258	0.8047037921465675
259	0.7731543268023335
260	0.7428165589115476
261	0.7136451278760727
262	0.68559631676055
263	0.6586279952485603
264	0.632699564463478
265	0.6077719035919658
266	0.5838073182664778
267	0.560769490645635
268	0.5386234311454543
269	0.5173354317713109
270	0.4968730209983695
271	0.47720492015899113
272	0.4583010012863035
273	0.4401322463699034
274	0.4226707079809974
275	0.4058894712253187
276	0.3897626169782
277	0.37426518636763856
278	0.3593731464601201
279	0.34506335711632924
280	0.33131353897598864
281	0.31810224253775005
282	0.30540881829934025
283	0.2932133879216387
284	0.2814968163891362
285	0.2702406851262581
286	0.25942726604795885
287	0.24903949650731524
288	0.2390609551135516
289	0.22947583839305663
290	0.22026893826322771
291	0.2114256202946999
292	0.20293180273448477
293	0.19477393626613834
294	0.18693898448095883
295	0.1794144050386355
296	0.17218813149177847
297	0.1652485557540155
298	0.15858451119063108
299	0.1521852563077978
300	0.1460404590241702
301	0.1401401815013957
302	0.13447486551790558
303	0.12903531836486762
304	0.12381269924812424
305	0.1187985061785191
306	0.11398456333373451
307	0.10936300887450513
308	0.10492628320268306
309	0.10066711764115972
310	0.09657852352594148
311	0.09265378169213534
312	0.08888643234378005
313	0.08527026529074201
314	0.0817993105416175
315	0.07846782924161483
316	0.07527030493926368
317	0.07220143517504993
318	0.06925612337781367
319	0.06642947105812409
320	0.06371677029019794
321	0.061113496469383743
322	0.05861530133855179
323	0.05621800626981151
324	0.05391759579638372
325	0.05171021138503319
326	0.04959214543696176
327	0.0475598355142948
328	0.045609858778904555
329	0.043738926640844444
330	0.04194387960471424
331	0.040221682309782236
332	0.03856941875422923
333	0.03698428769946568
334	0.035463598247198344
335	0.034004765580798006
336	0.032605306868458146
337	0.03126283732038939
338	0.029975066393302243
339	0.028739794140535856
340	0.02755490769768878
341	0.026418377903130848
342	0.02532825604466791
343	0.02428267073233396
344	0.023279824886442695
345	0.022317992843646554
346	0.021395517570249982
347	0.02051080798341229
348	0.01966233637473491
349	0.018848635930769426
350	0.01806829834936905
351	0.017319971547647334
352	0.016602357456556218
353	0.015914209901403464
354	0.015254332562386133
355	0.014621577015641039
356	0.014014840846396363
357	0.013433065838661669
358	0.012875236231287533
359	0.012340377044785843
360	0.011827552468644798
361	0.011335864315241933
362	0.010864450531068342
363	0.01041248376565013
364	0.009979169998395177
365	0.00956374721531211
366	0.009165484140224946
367	0.008783679013059327
368	0.008417658417729875
369	0.008066776154157709
370	0.00773041215539736
371	0.007407971445723977
372	0.0070988831414774715
373	0.006802599489043619
374	0.006518594941640663
375	0.006246365272199563
376	0.005985426720754539
377	0.005735315174990517
378	0.005495585384313352
379	0.005265810203575834
380	0.005045579866904261
381	0.004834501290463096
382	0.004632197402564748
383	0.004438306500034413
384	0.00425248163049381
385	0.004074389998417124
386	0.0039037123953105627
387	0.0037401426520127824
388	0.003583387113225208
389	0.003433164132063176
390	0.00328920358575041
391	0.0031512464095819754
392	0.0030190441502162668
393	0.0028923585361835223
394	0.0027709610658127417
395	0.002654632610960482
396	0.002543163038473537
397	0.002436350843515241
398	0.0023340028008357813
399	0.0022359336280653465
400	0.002141965662768813
401	0.0020519285531770746
402	0.001965658960111722
403	0.0018830002721475427
404	0.0018038023312282963
405	0.0017279211699579612
406	0.0016552187584999863
407	0.00158556276367677
408	0.0015188263147525875
409	0.0014548877814214113
410	0.0013936305593973018
411	0.0013349428647769686
412	0.0012787175368810843
413	0.0012248518489762661
414	0.0011732473266863937
415	0.0011238095735197184
416	0.0010764481041834878
417	0.0010310761835043997
418	0.0009876106729547513
419	0.0009459718826985307
420	0.0009060834301560038
421	0.0008678721038004316
422	0.000831267732435485
423	0.0007962030610747205
424	0.0007626136298644869
425	0.0007304376592884246
426	0.0006996159398824318
427	0.0006700917263503675
428	0.0006418106351808596
429	0.000614720548193736
430	0.0005887715180737719
431	0.000563915679549245
432	0.0005401071627415821
433	0.0005173020106821999
434	0.0004954581004671722
435	0.0004745350671926314
436	0.0004544942312969759
437	0.00043529852853468236
438	0.00041691244327151533
439	0.0003993019439253244
440	0.0003824344219256418
441	0.0003662786322775924
442	0.00035080463710561536
443	0.0003359837512971951
444	0.0003217884903950835
445	0.00030819252120890226
446	0.0002951706131037999
447	0.00028269859270446684
448	0.0002707532999659513
449	0.00025931254551741465
450	0.0002483550707307456
451	0.00023786050858082766
452	0.00022780934674976387
453	0.00021818289196244814
454	0.00020896323546231482
455	0.00020013322079278902
456	0.00019167641213360274
457	0.00018357706424053445
458	0.00017582009363647892
459	0.00016839105077635593
460	0.00016127609395814993
461	0.00015446196347020848
462	0.00014793595749016102
463	0.0001416859088414714
464	0.00013570016216760635
465	0.00012996755300946495
466	0.0001244773871859357
467	0.00011921942053402497
468	0.00011418384082603043
469	0.00010936124916461034
470	0.00010474264268459816
471	0.00010031939823419071
472	0.00009608325625902067
473	0.00009202630528959123
474	0.00008814096781667825
475	0.00008441998592231889
476	0.00008085640798009273
477	0.00007744357571836477
478	0.00007417511197491046
479	0.00007104490890118255
480	0.00006804711643884009
481	0.00006517613167078724
482	0.00006242658841692804
483	0.000059793347069946094
484	0.00005727148537432236
485	0.00005485628892852554
486	0.0000525432427708325
487	0.00005032802272769909
488	0.00004820648749692138
489	0.000046174670912345755
490	0.00004422877438656456
491	0.000042365160318773554
492	0.00004058034465492742
493	0.00003887099103185763
494	0.000037233904013080324
495	0.000035666023620718825
496	0.0000341644193208164
497	0.0000327262844553663
498	0.00003134893151709704
499	0.00003002978646263784
500	0.000028766384372897774
501	0.000027556364807654915
502	0.000026397467065569694
503	0.00002528752645247865
504	0.000024224469638350487
505	0.0000232063115082796
506	0.000022231150800897605
507	0.00002129716678055324
508	0.000020402615935411533
509	0.000019545828652753213
510	0.000018725206115118335
511	0.000017939217025362856
512	0.000017186395223290108
513	0.000016465336637132005
514	0.000015774696638076125
515	0.000015113187596753172
516	0.000014479576447276812
517	0.00001387268254132901
518	0.000013291375034653647
519	0.0000127345711729446
520	0.000012201234150544862
521	0.000011690370970998434
522	0.000011201030816709817
523	0.000010732303133185469
524	0.000010283315984813147
525	9.853234447113062e-6
526	9.441258898593382e-6
527	9.046623712157106e-6
528	8.668595615210565e-6
529	8.306472534581815e-6
530	7.959582020166897e-6
531	7.627280237383294e-6
532	7.308950627077627e-6
533	7.0040026833135876e-6
534	6.711871021849482e-6
535	6.4320141622750705e-6
536	6.163913598730253e-6
537	5.907072803915583e-6
538	5.661016298144749e-6
539	5.425288738660402e-6
540	5.199453985755188e-6
541	4.983094574654271e-6
542	4.775810558622829e-6
543	4.5772189724361785e-6
544	4.386953137919471e-6
545	4.204661815574408e-6
546	4.030008753014052e-6
547	3.862671823934156e-6
548	3.7023426449258284e-6
549	3.548725784291204e-6
550	3.401538360951959e-6
551	3.2605094866066626e-6
552	3.1253797197085447e-6
553	2.995900695204442e-6
554	2.871834393915653e-6
555	2.752952998026774e-6
556	2.639038180844513e-6
557	2.529881059357252e-6
558	2.425281421362314e-6
559	2.325047571987992e-6
560	2.2289959429815863e-6
561	2.1369507100716435e-6
562	2.0487434580602552e-6
563	1.9642129322992547e-6
564	1.8832047161750681e-6
565	1.8055707572199813e-6
566	1.7311695325012856e-6
567	1.6598651910094836e-6
568	1.591527847107567e-6
569	1.5260330108842638e-6
570	1.4632614572062522e-6
571	1.4030989425119382e-6
572	1.3454361978540504e-6
573	1.2901683827980353e-6
574	1.2371952029647472e-6
575	1.1864205276743092e-6
576	1.137752282268077e-6
577	1.0911023427698202e-6
578	1.0463862047259979e-6
579	1.003522999282912e-6
580	9.624352070063034e-7
581	9.230486408329535e-7
582	8.852922041266005e-7
583	8.490977656144078e-7
584	8.144000741779392e-7
585	7.811366381226415e-7
586	7.492476067763214e-7
587	7.186756543524873e-7
588	6.893658289784726e-7
589	6.612654783005628e-7
590	6.343242503167197e-7
591	6.084938004947264e-7
592	5.837278703154794e-7
593	5.599821089355822e-7
594	5.372141168047048e-7
595	5.153831612526007e-7
596	4.944502961122392e-7
597	4.74378189995058e-7
598	4.5513102959762134e-7
599	4.366746051244453e-7
600	4.1897603471525963e-7
601	4.020038522195972e-7
602	3.8572795067627267e-7
603	3.7011945523862656e-7
604	3.5515063370621464e-7
605	3.4079502233324465e-7
606	3.2702719461073645e-7
607	3.138228526822032e-7
608	3.011585989772724e-7
609	2.8901213523722315e-7
610	2.7736203582477733e-7
611	2.661878057879426e-7
612	2.554696922583492e-7
613	2.4518895464484444e-7
614	2.35327501171707e-7
615	2.2586801941064018e-7
616	2.1679393097187918e-7
617	2.0808931199254703e-7
618	1.9973902354467547e-7
619	1.9172835425556826e-7
620	1.8404339547650284e-7
621	1.7667071993295702e-7
622	1.6959744421017617e-7
623	1.628113253721996e-7
624	1.5630054637183398e-7
625	1.5005374468438862e-7
626	1.4406010964000812e-7
627	1.3830927294263166e-7
628	1.3279123456326404e-7
629	1.2749642643153894e-7
630	1.2241580998076404e-7
631	1.1754049454696881e-7
632	1.1286214399017218e-7
633	1.08372630231434e-7
634	1.0406430250624837e-7
635	9.992971048294551e-8
636	9.596173721206473e-8
637	9.21536633876691e-8
638	8.849882434115116e-8
639	8.49911162893057e-8
640	8.16244164688784e-8
641	7.839305509878694e-8
642	7.529150764968718e-8
643	7.231446024194946e-8
644	6.94568410291876e-8
645	6.671381780387959e-8
646	6.408076203198865e-8
647	6.15531121963902e-8
648	5.912667492993661e-8
649	5.679728648967216e-8
650	5.4561046572432796e-8
651	5.241418211106786e-8
652	5.035301228356445e-8
653	4.8374148315876494e-8
654	4.647419016990033e-8
655	4.464999349178498e-8
656	4.289846724465657e-8
657	4.121667306035499e-8
658	3.960182404572683e-8
659	3.805118338188159e-8
660	3.6562163678844394e-8
661	3.513232594743755e-8
662	3.375921167989683e-8
663	3.244057585114299e-8
664	3.117425245655576e-8
665	2.9958087045662045e-8
666	2.8790102889841997e-8
667	2.7668333440600076e-8
668	2.6590921803815117e-8
669	2.555612011514884e-8
670	2.4562188920192783e-8
671	2.3607530045425624e-8
672	2.269048600540329e-8
673	2.180963965098921e-8
674	2.096351360281305e-8
675	2.015070321438313e-8
676	1.9369876176319478e-8
677	1.8619772152045075e-8
678	1.7899169076538094e-8
679	1.7206849443891105e-8
680	1.6541733479616956e-8
681	1.5902745391893592e-8
682	1.528877964988192e-8
683	1.4698867677928014e-8
684	1.4132077492334655e-8
685	1.3587480041329047e-8
686	1.3064148929267145e-8
687	1.2561294011698333e-8
688	1.2078127506626587e-8
689	1.1613796759604084e-8
690	1.1167584941201533e-8
691	1.0738777023849158e-8
692	1.032669312656504e-8
693	9.930654829375508e-9
694	9.550018571687841e-9
695	9.184209188271726e-9
696	8.832585370128571e-9
697	8.494641274380933e-9
698	8.169838363807557e-9
699	7.857638846542994e-9
700	7.557539267955626e-9
701	7.269070494713885e-9
702	6.991763903551867e-9
703	6.725218923742297e-9
704	6.468967723980607e-9
705	6.2226442929637946e-9
706	5.9858151103209885e-9
707	5.758114585489443e-9
708	5.539245285005154e-9
709	5.328773914780549e-9
710	5.126471312896033e-9
711	4.9319040152067915e-9
712	4.74487709824613e-9
713	4.564990844305787e-9
714	4.392050357832737e-9
715	4.2257924346564234e-9
716	4.065885068413318e-9
717	3.912098795849478e-9
718	3.7642384413808894e-9
719	3.622039883882957e-9
720	3.485273062445853e-9
721	3.353742139505694e-9
722	3.2272856787322664e-9
723	3.1056035339113015e-9
724	2.988637606587851e-9
725	2.8761216511689322e-9
726	2.7678581983013712e-9
727	2.6637887624274664e-9
728	2.5636456170121974e-9
729	2.467299921335054e-9
730	2.3746927050155387e-9
731	2.285554621490207e-9
732	2.1998260473560324e-9
733	2.117341846640196e-9
734	2.03800682988564e-9
735	1.961654961298496e-9
736	1.888261124783756e-9
737	1.8176231401746148e-9
738	1.7496443953274351e-9
739	1.6842279792777609e-9
740	1.6213479867641862e-9
741	1.5608000245571064e-9
742	1.5025575159283703e-9
743	1.4465222740489495e-9
744	1.392595672188558e-9
745	1.340714631699459e-9
746	1.2907436862608882e-9
747	1.2427273741014381e-9
748	1.1964934383005691e-9
749	1.1520137130394154e-9
750	1.1091872580047241e-9
751	1.0679489810252623e-9
752	1.0283065543165995e-9
753	9.901214134645159e-10
754	9.53400827684406e-10
755	9.180787404824028e-10
756	8.840149382533974e-10
757	8.512898778780794e-10
758	8.197626462720046e-10
759	7.894397204254619e-10
760	7.602161329774858e-10
761	7.320979974642525e-10
762	7.050168302545557e-10
763	6.789785988444097e-10
764	6.539142987304753e-10
765	6.297920445558927e-10
766	6.065419871564333e-10
767	5.841694094640721e-10
768	5.626417965067462e-10
769	5.419264045640205e-10
770	5.21952102360951e-10
771	5.027236103667985e-10
772	4.842457824508297e-10
773	4.664082632930457e-10
774	4.492538086539961e-10
775	4.327483966986563e-10
776	4.168577126308211e-10
777	4.015471385309965e-10
778	3.8678174316429933e-10
779	3.726044186574714e-10
780	3.589410428746759e-10
781	3.4575601658954256e-10
782	3.330921936172998e-10
783	3.209139351790408e-10
784	3.0914562257786195e-10
785	2.978300291440715e-10
786	2.869307567043394e-10
787	2.7641102625371784e-10
788	2.6631383422197646e-10
789	2.565621128763729e-10
790	2.4723919863720455e-10
791	2.38186812604552e-10
792	2.2948817884352562e-10
793	2.211055005511302e-10
794	2.1304135684918336e-10
795	2.052983834507565e-10
796	1.9779716525096904e-10
797	1.9058087459142202e-10
798	1.8365192968358405e-10
799	1.7692992830949644e-10
800	1.704997436750161e-10
801	1.6428054895176046e-10
802	1.5831599701810803e-10
803	1.5256638997407445e-10
804	1.4699153944471498e-10
805	1.4163521317061904e-10
806	1.364993902156147e-10
807	1.315435863391521e-10
808	1.2676944322743208e-10
809	1.221786348028655e-10
810	1.1772994719061803e-10
811	1.1346775599924747e-10
812	1.0935062463337883e-10
813	1.0537992206463801e-10
814	1.0155704328578311e-10
815	9.788340939973568e-11
816	9.431668094949764e-11
817	9.090182151235491e-11
818	8.764032765768524e-11
819	8.444525175253116e-11
820	8.140600684742428e-11
821	7.843508216699505e-11
822	7.562253762332521e-11
823	7.288029044392203e-11
824	7.020904524027106e-11
825	6.769984646250051e-11
826	6.526373319514723e-11
827	6.2901456614668e-11
828	6.061378121795645e-11
829	5.844728995640015e-11
830	5.631132728368515e-11
831	5.4298473799730953e-11
832	5.231744756550262e-11
833	5.046151432362823e-11
834	4.8592123067932364e-11
835	4.6896332078386165e-11
836	4.518814051012107e-11
837	4.356169842888325e-11
838	4.197058521517816e-11
839	4.046268111640145e-11
840	3.899124060283975e-11
841	3.7604512522213104e-11
842	3.625542182583641e-11
843	3.494439172683523e-11
844	3.3671852315864e-11
845	3.243824058672189e-11
846	3.1292743052523807e-11
847	3.0187435121304906e-11
848	2.9073667366214852e-11
849	2.8049944162367947e-11
850	2.701833079323932e-11
851	2.607808970109443e-11
852	2.5130551487620324e-11
853	2.422569344216975e-11
854	2.3364015870933567e-11
855	2.2495587708570275e-11
856	2.167097300338833e-11
857	2.0941518856073522e-11
858	2.0206289870533033e-11
859	1.9465227551003795e-11
860	1.8718273226727055e-11
861	1.8068617293240686e-11
862	1.7413759666328902e-11
863	1.6805678638737286e-11
864	1.619270153182688e-11
865	1.562722048158869e-11
866	1.5057160963529966e-11
867	1.448247828522799e-11
868	1.4009258366488645e-11
869	1.3532169037349469e-11
870	1.3051172848729694e-11
871	1.2566232240359874e-11
872	1.207730954063443e-11
873	1.1692632078309794e-11
874	1.1250416132360155e-11
875	1.0804544123045503e-11
876	1.0464558336649394e-11
877	1.0066723097915651e-11
878	9.720808125017285e-12
879	9.37199840820918e-12
880	9.020267122820931e-12
881	8.721494380924818e-12
882	8.420201508424482e-12
883	8.11636537573959e-12
884	7.80996278589188e-12
885	7.500970474479993e-12
886	7.246423562911127e-12
887	6.9897086803328275e-12
888	6.7883345921483554e-12
889	6.46969697050243e-12
890	6.264364360543712e-12
891	6.0572645765715444e-12
892	5.848381906391655e-12
893	5.637700592812057e-12
894	5.425204833653387e-12
895	5.210878781762902e-12
896	5.054167337234872e-12
897	4.896088991078436e-12
898	4.676674453545756e-12
899	4.515576177965437e-12
900	4.353073766863895e-12
901	4.189155191437242e-12
902	4.023808389247213e-12
903	3.918243823999833e-12
904	3.8117410763877396e-12
905	3.642553897111462e-12
906	3.4718926548085216e-12
907	3.3620044668743267e-12
908	3.251143011332053e-12
909	3.1393001455281924e-12
910	3.026467704514943e-12
911	2.912637501080258e-12
912	2.797801325779564e-12
913	2.6819509469691287e-12
914	2.6292050636121353e-12
915	2.5115738714986242e-12
916	2.457578159735434e-12
917	2.3381385763689083e-12
918	2.217646114811046e-12
919	2.227098192490068e-12
920	2.1050337075085297e-12
921	1.9818940343370395e-12
922	1.990361522293262e-12
923	1.8656135360002353e-12
924	1.8066820369435305e-12
925	1.7472174393713233e-12
926	1.6872155307015148e-12
927	1.6266720874709907e-12
928	1.5655828753620902e-12
929	1.5039436492298345e-12
930	1.5104049223265776e-12
931	1.3789981203474524e-12
932	1.3849297615015838e-12
933	1.3213458422114294e-12
934	1.2571919722824027e-12
935	1.2626087768974363e-12
936	1.12715714241746e-12
937	1.1320187060405413e-12
938	1.136903645370812e-12
939	1.0704487518702156e-12
940	1.0034008402077772e-12
941	1.0077367412644364e-12
942	9.398008666301342e-13
943	8.712603217157942e-13
944	8.750298687101872e-13
945	8.788171638904237e-13
946	8.090703846428627e-13
947	7.387042673769586e-13
948	7.419048695061546e-13
949	7.451203630769137e-13
950	7.483507731993074e-13
951	6.764365124069097e-13
952	6.038851544832028e-13
953	6.065054021343422e-13
954	6.091376626756624e-13
955	6.11781955839242e-13
956	6.144383012834076e-13
957	5.399683787679014e-13
958	5.423138238638594e-13
959	4.668598850690413e-13
960	4.688884473030476e-13
961	4.709261216145423e-13
962	4.729729224022737e-13
963	4.750288640053516e-13
964	4.770939607026396e-13
965	3.993068555934687e-13
966	4.010430634920909e-13
967	3.2222954882149994e-13
968	3.236307879128961e-13
969	3.250381773803766e-13
970	3.264517264939493e-13
971	3.2787144448072796e-13
972	3.292973405245598e-13
973	3.307294237656442e-13
974	3.32167703300162e-13
975	3.336121881799058e-13
976	3.3506288741191035e-13
977	2.523898574685661e-13
978	2.5348722355114906e-13
979	2.545892704596218e-13
980	2.5569600481226965e-13
981	1.712049554616426e-13
982	1.719490414322637e-13
983	1.726962654618764e-13
984	1.734466318685127e-13
985	1.742001449462333e-13
986	1.7495680896495608e-13
987	1.757166281702872e-13
988	1.7647960678335466e-13
989	1.7724574900064036e-13
990	1.7801505899381704e-13
991	1.7878754090958384e-13
992	1.7956319886950345e-13
993	1.8034203696984284e-13
994	1.8112405928141233e-13
995	1.819092698494076e-13
996	1.8269767269325448e-13
997	1.8348927180645114e-13
998	1.8428407115641628e-13
999	1.850820746843334e-13
1000	9.294164315250077e-14