1	0.00008756364634801367
2	0.00026005636053831003
3	0.0005976998162690753
4	0.0011721715479508289
5	0.0020470108973538034
6	0.0032780252539655152
7	0.004913694635844694
8	0.006995572876162207
9	0.009558683882511354
10	0.012631911622443637
11	0.016238382660486335
12	0.020395840230024692
13	0.025117008968736212
14	0.030409949579558723
15	0.03627840280122429
16	0.04272212218392781
17	0.04973719526740877
18	0.05731635285126431
19	0.06544926613129441
20	0.07412283155169332
21	0.08332144329149413
22	0.09302725336536748
23	0.10322041937416435
24	0.11387933998992937
25	0.1249808783039524
26	0.136500573205155
27	0.1484128389901375
28	0.16069115343588478
29	0.17330823459180053
30	0.18623620656972076
31	0.19944675462914935
32	0.21291126987045103
33	0.2266009838613824
34	0.24048709353239256
35	0.2545408766838099
36	0.2687337984535692
37	0.2830376090977171
38	0.2974244334377537
39	0.3118668523291115
40	0.32633797650386537
41	0.340811513138314
42	0.35526182549245927
43	0.3696639859637923
44	0.3839938228923114
45	0.39822796144739925
46	0.4123438589202527
47	0.4263198347380202
48	0.440135095507769
49	0.45376975538998426
50	0.4672048520925045
51	0.48042235876674966
52	0.49340519207884853
53	0.5061372167188137
54	0.5186032466014241
55	0.5307890430028547
56	0.5426813098675037
57	0.554267686509859
58	0.5655367379267354
59	0.5764779429257264
60	0.5870816802663921
61	0.5973392130014851
62	0.607242671196443
63	0.6167850331965122
64	0.6259601056021344
65	0.6347625021047718
66	0.643187621327002
67	0.6512316238027112
68	0.658891408225333
69	0.6661645870844977
70	0.6730494618041262
71	0.6795449974878346
72	0.685650797370716
73	0.691367077069913
74	0.6966946387200279
75	0.701634845073324
76	0.7061895936387855
77	0.7103612909284699
78	0.714152826874223
79	0.7175675494726711
80	0.7206092397114858
81	0.7232820868252569
82	0.7255906639248294
83	0.7275399040397635
84	0.7291350766095053
85	0.7303817644550987
86	0.7312858412596389
87	0.731853449582255
88	0.7320909794272178
89	0.7320050473867118
90	0.7316024763730088
91	0.7308902759530203
92	0.7298756232958197
93	0.7285658447412502
94	0.7269683979956562
95	0.7250908549586409
96	0.722940885182928
97	0.7205262399675892
98	0.7178547370833066
99	0.7149342461267988
100	0.7117726745001878
101	0.7083779540097815
102	0.704758028077604
103	0.7009208395579277
104	0.6968743191501212
105	0.6926263743982298
106	0.688184879266957
107	0.683557664282983
108	0.6787525072299668
109	0.6737771243850071
110	0.6686391622839172
111	0.6633461900021723
112	0.6579056919381139
113	0.6523250610847197
114	0.6466115927759201
115	0.6407724788933736
116	0.6348148025194009
117	0.6287455330217373
118	0.622571521555659
119	0.6162994969690975
120	0.6099360620963179
121	0.60348769042585
122	0.596960723128389
123	0.5903613664305426
124	0.5836956893204672
125	0.5769696215714835
126	0.5701889520701126
127	0.5633593274350205
128	0.5564862509137007
129	0.5495750815438815
130	0.5426310335669244
131	0.5356591760807619
132	0.5286644329201481
133	0.5216515827523074
134	0.5146252593763699
135	0.5075899522152323
136	0.5005500069888246
137	0.4935096265580436
138	0.4864728719289396
139	0.4794436634070312
140	0.47242578189197587
141	0.46542287030305884
142	0.4584384351263848
143	0.4514758480748478
144	0.4445383478523715
145	0.43762904201415675
146	0.430750908914951
147	0.42390679973778056
148	0.4170994405957048
149	0.4103314346996412
150	0.4036052645853896
151	0.39692329439348045
152	0.3902877721955624
153	0.38370083236148594
154	0.37716449796133733
155	0.37068068319711095
156	0.36425119585882015
157	0.3578777398002074
158	0.3515619174293636
159	0.3453052322099206
160	0.33910909116853477
161	0.33297480740484237
162	0.32690360260005913
163	0.32089660952075544
164	0.31495487451447673
165	0.3090793599941091
166	0.3032709469080517
167	0.29753043719349825
168	0.29185855621023504
169	0.28625595515258684
170	0.28072321343733114
171	0.2752608410654667
172	0.2698692809560104
173	0.2645489112500292
174	0.2593000475832946
175	0.25412294532613355
176	0.24901780178914193
177	0.2439847583934798
178	0.2390239028047452
179	0.23413527102942608
180	0.22931884947301437
181	0.2245745769591388
182	0.21990234670891726
183	0.2153020082800936
184	0.21077336946539815
185	0.20631619814979363
186	0.20193022412628486
187	0.1976151408700423
188	0.1933706072707591
189	0.18919624932302986
190	0.18509166177487893
191	0.1810564097343533
192	0.1770900302343578
193	0.17319203375583428
194	0.1693619057094981
195	0.16559910787645826
196	0.16190307980785712
197	0.15827324018402417
198	0.15470898813344372
199	0.1512097045119012
200	0.14777475314236724
201	0.14440348201601277
202	0.1410952244548065
203	0.13784930023639796
204	0.13466501668158185
205	0.13154166970516362
206	0.12847854483064997
207	0.12547491816944314
208	0.1225300573650566
209	0.11964322250319893
210	0.11681366698811438
211	0.11404063838604449
212	0.11132337923631076
213	0.10866112783079994
214	0.10605311896253028
215	0.10349858464384971
216	0.1009967547950832
217	0.09854685790430905
218	0.09614812165883338
219	0.09379977354914099
220	0.09150104144602521
221	0.08925115415151995
222	0.08704934192428368
223	0.08489483698024049
224	0.08278687396900065
225	0.08072469042684567
226	0.07870752720680758
227	0.07673462888664787
228	0.0748052441552515
229	0.07291862617815383
230	0.07107403294277129
231	0.06927072758403759
232	0.0675079786909308
233	0.06578506059465705
234	0.0641012536389759
235	0.06245584443323337
236	0.06084812608875743
237	0.05927739843915468
238	0.057742968245047856
239	0.056244149383761856
240	0.0547802630245935
241	0.05335063779008045
242	0.05195460990384524
243	0.05059152332549713
244	0.04926072987305329
245	0.0479615893334141
246	0.04669346956134271
247	0.04545574656732406
248	0.04424780459491709
249	0.04306903618782021
250	0.041918842247304314
251	0.04079663208023457
252	0.03970182343814924
253	0.03863384254788694
254	0.037592124133921136
255	0.036576111433010414
256	0.0355852562013751
257	0.03461901871476999
258	0.03367686776186564
259	0.03275828063115261
260	0.03186274309177903
261	0.030989749368664953
262	0.030138802111989337
263	0.029309412361576078
264	0.028501099506440787
265	0.027713391239471946
266	0.026945823507967304
267	0.0261979404599022
268	0.025469294386365113
269	0.024759445660394164
270	0.02406796267227328
271	0.02339442176178801
272	0.022738407147435843
273	0.022099510852835836
274	0.021477332630584777
275	0.020871479883798894
276	0.020281567585308483
277	0.01970721819499152
278	0.01914806157510407
279	0.018603734904037713
280	0.0180738825884646
281	0.01755815617411722
282	0.017056214255355757
283	0.01656772238352846
284	0.01609235297455769
285	0.015629785215402474
286	0.01517970497005047
287	0.014741804684755909
288	0.014315783292784563
289	0.013901346118831202
290	0.013498204783057348
291	0.013106077104981339
292	0.012724687007220634
293	0.01235376441925224
294	0.011993045181174706
295	0.011642270947681171
296	0.011301189092151224
297	0.010969552611052544
298	0.01064712002875704
299	0.010333655302632201
300	0.010028927728731278
301	0.009732711847883163
302	0.009444787352459856
303	0.009164938993686946
304	0.008892956489654089
305	0.008628634434047195
306	0.00837177220563063
307	0.0081221738784457
308	0.007879648132989912
309	0.007644008168054251
310	0.007415071613613837
311	0.007192660444498211
312	0.006976600895143887
313	0.006766723375186374
314	0.0065628623860464605
315	0.0063648564386450356
316	0.0061725479719345515
317	0.0059857832726382745
318	0.0058044123959794325
319	0.0056282890874149215
320	0.005457270705556674
321	0.005291218146054662
322	0.005129995766715763
323	0.00497347131351403
324	0.004821515847838773
325	0.004674003674928039
326	0.004530812273172801
327	0.0043918222247734924
328	0.00425691714727631
329	0.004125983626441477
330	0.0039989111500559225
331	0.0038755920429662345
332	0.003755921403075975
333	0.0036397970385544324
334	0.003527119406176479
335	0.0034177915505701813
336	0.003311719044710377
337	0.003208809931466064
338	0.0031089746660758182
339	0.0030121260599295816
340	0.0029181792251472384
341	0.0028270515204003033
342	0.0027386624975658555
343	0.0026529338496991714
344	0.002569789359638228
345	0.0024891548499958983
346	0.0024109581338218663
347	0.0023351289664352223
348	0.0022615989982490993
349	0.002190301728382653
350	0.0021211724593383045
351	0.0020541482526565164
352	0.001989167885348175
353	0.0019261718073957808
354	0.0018651020999842552
355	0.0018059024348742753
356	0.0017485180342400822
357	0.0016928956318449794
358	0.0016389834346287086
359	0.001586731085564595
360	0.001536089626800398
361	0.0014870114641517226
362	0.0014394503320551838
363	0.0013933612592987484
364	0.001348700535841737
365	0.0013054256799219914
366	0.001263495406320262
367	0.0012228695950363953
368	0.0011835092609616207
369	0.0011453765240339606
370	0.001108434580238632
371	0.0010726476730938356
372	0.0010379810660947732
373	0.0010044010155238479
374	0.0009718747440666007
375	0.0009403704150416069
376	0.0009098571072014572
377	0.0008803047900870568
378	0.000851684300175997
379	0.0008239673174158492
380	0.0007971263423757442
381	0.0007711346740058121
382	0.0007459663879178479
383	0.0007215963151698513
384	0.0006980000216538462
385	0.000675153787888909
386	0.0006530345894184091
387	0.0006316200776234845
388	0.0006108885611051665
389	0.0005908189873957653
390	0.0005713909253157074
391	0.0005525845476111248
392	0.0005343806141714331
393	0.0005167604555782531
394	0.0004997059571310867
395	0.0004831995431715083
396	0.00046722416216206944
397	0.00045176327156040425
398	0.00043680082368890543
399	0.00042232125162153136
400	0.0004083094554913681
401	0.0003947507892995037
402	0.00038163104784283755
403	0.00036893645423372257
404	0.0003566536475622017
405	0.00034476967101435045
406	0.0003332719601187182
407	0.0003221483317123489
408	0.0003113869725967965
409	0.00030097642905901824
410	0.0002909055964037057
411	0.00028116370879335107
412	0.0002717403294013658
413	0.000262625340816335
414	0.0002538089357167664
415	0.00024528160775164645
416	0.0002370341428295854
417	0.0002290576103982366
418	0.00022134335520055087
419	0.00021388298910427083
420	0.0002066683832734026
421	0.0001996916604424965
422	0.00019294518739194032
423	0.00018642156793235198
424	0.0001801136356211942
425	0.0001740144469970063
426	0.0001681172749676995
427	0.00016241560236444395
428	0.00015690311547918777
429	0.00015157369821042175
430	0.00014642142590014316
431	0.00014144055978529304
432	0.00013662554124682324
433	0.00013197098637651516
434	0.00012747168076733683
435	0.0001231225743402524
436	0.00011891877639447124
437	0.00011485555071042267
438	0.00011092831091175516
439	0.00010713261580542265
440	0.00010346416508829443
441	0.00009991879493760005
442	0.00009649247387360592
443	0.00009318129868322719
444	0.00008998149046556907
445	0.0000868893909546735
446	0.00008390145857007301
447	0.00008101426497817061
448	0.00007822449161638646
449	0.0000755289261637615
450	0.00007292445939411389
451	0.00007040808187416804
452	0.00006797688094293735
453	0.00006562803769559379
454	0.000063358823955565
455	0.00006116659960118632
456	0.00005904880973820129
457	0.000057002982044849555
458	0.00005502672419887305
459	0.000053117721312876324
460	0.00005127373363302232
461	0.00004949259404077892
462	0.00004777220584434143
463	0.0000461105405931185
464	0.00004450563578000606
465	0.00004295559292375705
466	0.00004145857552681816
467	0.00004001280692763054
468	0.000038616568663033625
469	0.00003726819845546477
470	0.00003596608843858913
471	0.000034708683527215054
472	0.00003349447967441809
473	0.000032322022156035734
474	0.00003118990416711237
475	0.00003009676517031269
476	0.000029041289459826553
477	0.00002802220470160993
478	0.00002703828057306303
479	0.000026088327423147804
480	0.000025171194892748997
481	0.000024285770721796234
482	0.00002343097952059452
483	0.000022605781505581933
484	0.000021809171469202627
485	0.00002104017753171092
486	0.000020297860192625746
487	0.00001958131118665572
488	0.000018889652518221847
489	0.000018222035468524723
490	0.0000175776395753374
491	0.000016955671902061393
492	0.000016355365882799927
493	0.000015775980711656213
494	0.000015216800287645912
495	0.00001467713260259181
496	0.000014156308832922848
497	0.000013653682537415553
498	0.00001316862913471333
499	0.000012700544913359573
500	0.000012248846536631393
501	0.000011812970359685102
502	0.000011392371642916623
503	0.000010986524137537157
504	0.00001059491922349791
505	0.000010217065638977598
506	9.85248863179053e-6
507	9.500729508922277e-6
508	9.161345152052454e-6
509	8.833907476831129e-6
510	8.51800294550131e-6
511	8.21323195732287e-6
512	7.919208602082764e-6
513	7.635560072790595e-6
514	7.361926221584149e-6
515	7.097959172185634e-6
516	6.843322900707003e-6
517	6.597692918755418e-6
518	6.360755701937631e-6
519	6.132208511593604e-6
520	5.911758985525326e-6
521	5.699124697500573e-6
522	5.494032933885297e-6
523	5.296220305730858e-6
524	5.105432466418126e-6
525	4.921423822844923e-6
526	4.7439571718659705e-6
527	4.572803512200574e-6
528	4.4077416684343425e-6
529	4.248558137165073e-6
530	4.095046699240151e-6
531	3.947008301163851e-6
532	3.804250748439757e-6
533	3.6665884393610574e-6
534	3.5338422324856182e-6
535	3.4058391482971944e-6
536	3.282412204903199e-6
537	3.1634002034829092e-6
538	3.0486475328580642e-6
539	2.938003970172743e-6
540	2.831324454320938e-6
541	2.7284690662983687e-6
542	2.6293026555368926e-6
543	2.5336947901080335e-6
544	2.441519610726671e-6
545	2.3526555873913566e-6
546	2.26698548503196e-6
547	2.1843960906021407e-6
548	2.1047781972219215e-6
549	2.0280263492348764e-6
550	1.954038797898404e-6
551	1.882717360134453e-6
552	1.8139672748203472e-6
553	1.7476971524189944e-6
554	1.683818707325389e-6
555	1.6222468229484219e-6
556	1.56289927972084e-6
557	1.5056968652262103e-6
558	1.4505630500714808e-6
559	1.3974240225385622e-6
560	1.3462085775398846e-6
561	1.2968480037989011e-6
562	1.2492759935767861e-6
563	1.2034285995762745e-6
564	1.1592441420724705e-6
565	1.116663016914154e-6
566	1.0756278924108602e-6
567	1.0360832707598527e-6
568	9.979757562038122e-7
569	9.612537847278311e-7
570	9.258676214264329e-7
571	8.917692588348344e-7
572	8.589124866490119e-7
573	8.272526156473068e-7
574	7.967466195082136e-7
575	7.673529552727474e-7
576	7.390315556130728e-7
577	7.117438206839979e-7
578	6.854524601867032e-7
579	6.601215581207544e-7
580	6.357164380502058e-7
581	6.122037019304658e-7
582	5.89551118756326e-7
583	5.677275872089441e-7
584	5.46703122836141e-7
585	5.264488197330477e-7
586	5.069368116619143e-7
587	4.881402326186864e-7
588	4.7003315161112477e-7
589	4.525905572502383e-7
590	4.357883926351953e-7
591	4.1960338756853664e-7
592	4.040131430191984e-7
593	3.88996038206435e-7
594	3.7453128943492455e-7
595	3.6059877994663677e-7
596	3.4717916887878246e-7
597	3.342537965922919e-7
598	3.2180464027392165e-7
599	3.098143970780589e-7
600	2.982663114137107e-7
601	2.8714425747230573e-7
602	2.764327194570974e-7
603	2.661167200905873e-7
604	2.5618177424693524e-7
605	2.4661399687473145e-7
606	2.3739995339817651e-7
607	2.2852674159220523e-7
608	2.1998184103148988e-7
609	2.1175327229580514e-7
610	2.0382944593697114e-7
611	1.961992180548149e-7
612	1.8885176420039626e-7
613	1.8177679067379463e-7
614	1.7496427819725283e-7
615	1.6840458895600622e-7
616	1.6208844373038807e-7
617	1.56006872671855e-7
618	1.5015132269309472e-7
619	1.4451339877170626e-7
620	1.3908515419410862e-7
621	1.338588576105293e-7
622	1.2882704760106218e-7
623	1.2398261383714532e-7
624	1.1931864172795674e-7
625	1.1482844055712657e-7
626	1.1050562451383926e-7
627	1.0634403571774497e-7
628	1.0233769317343228e-7
629	9.848084722412094e-8
630	9.476806077186506e-8
631	9.119391978474085e-8
632	8.775335241474605e-8
633	8.44413655847603e-8
634	8.125325857399929e-8
635	7.8184412023728e-8
636	7.523039534043989e-8
637	7.238702135008236e-8
638	6.965008104292199e-8
639	6.701574448533701e-8
640	6.448010854386583e-8
641	6.20395714838049e-8
642	5.969059369976594e-8
643	5.742975194583902e-8
644	5.525376700869705e-8
645	5.31595046581549e-8
646	5.1143949715339624e-8
647	4.920409931134999e-8
648	4.733720541487079e-8
649	4.5540506856297495e-8
650	4.381141820907606e-8
651	4.214742286435237e-8
652	4.054604656082434e-8
653	3.900501988145242e-8
654	3.752203596130099e-8
655	3.609496701105656e-8
656	3.472170275498246e-8
657	3.3400231988193237e-8
658	3.212864314119123e-8
659	3.0905043427135457e-8
660	2.9727640554635563e-8
661	2.859474326224224e-8
662	2.750462587732781e-8
663	2.6455718836954322e-8
664	2.5446500461862465e-8
665	2.4475442767684043e-8
666	2.3541147918920785e-8
667	2.2642212375536987e-8
668	2.1777308910850133e-8
669	2.094518698582108e-8
670	2.014459110154632e-8
671	1.9374370316587892e-8
672	1.863331445438205e-8
673	1.792040052283664e-8
674	1.7234546742638786e-8
675	1.6574722149779352e-8
676	1.5939946841689806e-8
677	1.5329292217371797e-8
678	1.4741853741830067e-8
679	1.4176723610805096e-8
680	1.3633100823618865e-8
681	1.3110181493675858e-8
682	1.2607131379413214e-8
683	1.2123223601029577e-8
684	1.1657756315561561e-8
685	1.1210025270036352e-8
686	1.077932385531593e-8
687	1.0365053572335534e-8
688	9.966613894793275e-9
689	9.583347053813525e-9
690	9.214703813464245e-9
691	8.860133156260065e-9
692	8.519109995248599e-9
693	8.191107596833374e-9
694	7.87562531632366e-9
695	7.572216408195812e-9
696	7.280377304241801e-9
697	6.9997139222823444e-9
698	6.729803218802521e-9
699	6.4702209164749375e-9
700	6.220569303463105e-9
701	5.9804773214794415e-9
702	5.749572860868953e-9
703	5.5275383900863355e-9
704	5.313999843893958e-9
705	5.108665652582584e-9
706	4.911187762066501e-9
707	4.721272924595064e-9
708	4.538682823560725e-9
709	4.363067019190585e-9
710	4.194241493019527e-9
711	4.031854380537918e-9
712	3.8757482837041675e-9
713	3.7255979201578636e-9
714	3.5812447678333984e-9
715	3.4424740131447635e-9
716	3.3090144789425174e-9
717	3.180678223935456e-9
718	3.0573047998783317e-9
719	2.938677457411713e-9
720	2.8246069513360577e-9
721	2.71493159329718e-9
722	2.6095173015884993e-9
723	2.508117756529655e-9
724	2.41068210987179e-9
725	2.316991341671943e-9
726	2.2268820564488894e-9
727	2.1403025707286798e-9
728	2.0570329394570628e-9
729	1.976964948913198e-9
730	1.900046201824581e-9
731	1.8260559572192444e-9
732	1.7549413729671137e-9
733	1.6865653300858e-9
734	1.6208465790419434e-9
735	1.557647604407391e-9
736	1.4969429014236201e-9
737	1.4385665588622339e-9
738	1.3824366468945857e-9
739	1.3284710926087e-9
740	1.276643824472718e-9
741	1.22678830351154e-9
742	1.1788782033729423e-9
743	1.1328309453418112e-9
744	1.088563835029024e-9
745	1.0460221539439737e-9
746	1.0050949129336968e-9
747	9.658114689154882e-10
748	9.280325621831174e-10
749	8.917312068295261e-10
750	8.568241533403903e-10
751	8.232561712113215e-10
752	7.910281641882278e-10
753	7.600285717479318e-10
754	7.30258176367321e-10
755	7.016615016664751e-10
756	6.741268031353564e-10
757	6.47710919902356e-10
758	6.223020089681436e-10
759	5.979006090635937e-10
760	5.744228952483093e-10
761	5.518693275299653e-10
762	5.301841139773955e-10
763	5.093676449028298e-10
764	4.893640625966167e-10
765	4.701455878263883e-10
766	4.5165630777474386e-10
767	4.338964970896154e-10
768	4.1683829898836763e-10
769	4.0045383432794374e-10
770	3.8468710287019306e-10
771	3.6953829023738484e-10
772	3.5500755858057563e-10
773	3.4101076209788375e-10
774	3.275761290440266e-10
775	3.146756774680303e-10
776	3.0228141466594457e-10
777	2.903653389677735e-10
778	2.7889944151821725e-10
779	2.679118654953895e-10
780	2.573464978075222e-10
781	2.4717530724174103e-10
782	2.374263980944309e-10
783	2.2807171576214417e-10
784	2.1905514539234924e-10
785	2.1040475996384567e-10
786	2.0209249855517137e-10
787	1.940903047422287e-10
788	1.8642621420273206e-10
789	1.7904411762544543e-10
790	1.7200006579076425e-10
791	1.651818901686858e-10
792	1.5864563099903955e-10
793	1.5236322494743389e-10
794	1.46334632608507e-10
795	1.4055980541398458e-10
796	1.3498268638487806e-10
797	1.2963123915766954e-10
798	1.2450540781278047e-10
799	1.1954916705722216e-10
800	1.1481843279806127e-10
801	1.1025719162586711e-10
802	1.058933585831459e-10
803	1.0169890802955985e-10
804	9.764583660422972e-11
805	9.376204137394904e-11
806	9.004745326261899e-11
807	8.647407444398177e-11
808	8.304184786875554e-11
809	7.975071155483267e-11
810	7.657270015527493e-11
811	7.35356572019056e-11
812	7.061162508528229e-11
813	6.780054901287848e-11
814	6.510237029130549e-11
815	6.251702633874776e-11
816	6.001660529741547e-11
817	5.7628901038838305e-11
818	5.5353839864672484e-11
819	5.313571075725651e-11
820	5.1030105303414566e-11
821	4.898134556600558e-11
822	4.704497792349507e-11
823	4.51653588083218e-11
824	4.334245648541584e-11
825	4.163174771985085e-11
826	3.997764336534059e-11
827	3.838010505653502e-11
828	3.6839092540713676e-11
829	3.5382274777257076e-11
830	3.395417416107925e-11
831	3.2610155287784255e-11
832	3.1294782462023874e-11
833	3.006337031757143e-11
834	2.8832873780421433e-11
835	2.771387356170184e-11
836	2.659572890807955e-11
837	2.553368837912492e-11
838	2.4500090683948938e-11
839	2.3522504180461446e-11
840	2.2573290070310835e-11
841	2.1679988463666363e-11
842	2.081498366834404e-11
843	1.9978249292815034e-11
844	1.916975804127562e-11
845	1.8389481716810758e-11
846	1.7664887975656916e-11
847	1.696842220796273e-11
848	1.627258436209069e-11
849	1.563229393488793e-11
850	1.499259487960799e-11
851	1.4408348036302438e-11
852	1.382465306920969e-11
853	1.3268914840627622e-11
854	1.2741097195987296e-11
855	1.2213796943841721e-11
856	1.1714372810218225e-11
857	1.1270122061910657e-11
858	1.0826318840378459e-11
859	1.0382969615417508e-11
860	9.940080844375963e-12
861	9.552204467725059e-12
862	9.164737190634042e-12
863	8.804925097305455e-12
864	8.44550060405169e-12
865	8.113676558369752e-12
866	7.78221719828399e-12
867	7.451127248136658e-12
868	7.1747263547855944e-12
869	6.8986362367567185e-12
870	6.622860779062073e-12
871	6.347403859222757e-12
872	6.072269346851513e-12
873	5.85160321513886e-12
874	5.6041431006396434e-12
875	5.356981055546649e-12
876	5.164155740062583e-12
877	4.944563516427782e-12
878	4.752224294040067e-12
879	4.560123092626206e-12
880	4.3682625373278455e-12
881	4.203571157206102e-12
882	4.039088196581585e-12
883	3.874815876572111e-12
884	3.710756413763018e-12
885	3.5469120199552717e-12
886	3.410115877625856e-12
887	3.2735004733698233e-12
888	3.1638597335287294e-12
889	3.000819140805962e-12
890	2.8915095733679527e-12
891	2.7823482395943175e-12
892	2.673336565145179e-12
893	2.564475972887265e-12
894	2.4557678827167253e-12
895	2.3472137113884245e-12
896	2.265446512955961e-12
897	2.1837948283139173e-12
898	2.0756694078805402e-12
899	1.9942727283857125e-12
900	1.9129947996716067e-12
901	1.831836655760211e-12
902	1.7507993283619169e-12
903	1.696368643678754e-12
904	1.6420179157084962e-12
905	1.5613060500347178e-12
906	1.4807188657755204e-12
907	1.4266556374773258e-12
908	1.3726752667112323e-12
909	1.3187784162963842e-12
910	1.2649657477270688e-12
911	1.2112379210811634e-12
912	1.1575955949319804e-12
913	1.1040394262634185e-12
914	1.076812381086186e-12
915	1.0234077540642292e-12
916	9.96287853776682e-13
917	9.43036922113112e-13
918	8.898751810750435e-13
919	8.890582626401797e-13
920	8.360302401617046e-13
921	7.830931198884218e-13
922	7.823620593497808e-13
923	7.295613996598712e-13
924	7.028632225411717e-13
925	6.762105765859966e-13
926	6.496037679731154e-13
927	6.230431022649821e-13
928	5.965288843603984e-13
929	5.700614184489554e-13
930	5.695061576150123e-13
931	5.172679555565816e-13
932	5.167586111508012e-13
933	4.904564700824838e-13
934	4.642024847437036e-13
935	4.637385599530038e-13
936	4.1184017842730386e-13
937	4.1142390867865247e-13
938	4.110065265010458e-13
939	3.849471269471112e-13
940	3.589374603899765e-13
941	3.585677408415442e-13
942	3.3263278306770734e-13
943	3.067483361941899e-13
944	3.0642739389443187e-13
945	3.0610566406092497e-13
946	2.8032241274307063e-13
947	2.5459063075848153e-13
948	2.5431895423845697e-13
949	2.5404664998514634e-13
950	2.537737093297578e-13
951	2.2817107127347277e-13
952	2.026210332152291e-13
953	2.0239958092651178e-13
954	2.0217765386784324e-13
955	2.01955244760948e-13
956	2.0173234674126332e-13
957	1.7634109104508783e-13
958	1.7614439255476179e-13
959	1.5083390415040677e-13
960	1.5066375502044028e-13
961	1.5049327328872767e-13
962	1.5032245333357229e-13
963	1.5015128984945553e-13
964	1.4997977783506593e-13
965	1.2486021064200478e-13
966	1.2471591833740117e-13
967	9.967960287822775e-14
968	9.956287147665895e-14
969	9.944594823529365e-14
970	9.932882882358473e-14
971	9.921150914353837e-14
972	9.909398532089863e-14
973	9.897625369666121e-14
974	9.885831081890575e-14
975	9.874015343493259e-14
976	9.862177848369513e-14
977	7.389646604651809e-14
978	7.380662382421182e-14
979	7.371664006852654e-14
980	7.36265119541965e-14
981	4.904592802604088e-14
982	4.898481345320177e-14
983	4.892362926901315e-14
984	4.8862372786337625e-14
985	4.8801041453807053e-14
986	4.8739632850665935e-14
987	4.8678144681807975e-14
988	4.8616574772998645e-14
989	4.8554921066277925e-14
990	4.849318161553403e-14
991	4.843135458224486e-14
992	4.836943823137771e-14
993	4.830743092744414e-14
994	4.8245331130702183e-14
995	4.818313739350112e-14
996	4.812084835676395e-14
997	4.805846274660135e-14
998	4.799597937105277e-14
999	4.793339711695081e-14
1000	2.395092741009659e-14