1	7517.915124386099
2	7415.134218888295
3	7312.173272342807
4	7209.078091493439
5	7105.895588145237
6	7002.673486911876
7	6899.4600572487725
8	6796.303868314035
9	6693.25356527064
10	6590.3576657117155
11	6487.664374956606
12	6385.221419028318
13	6283.075894183441
14	6181.274131923346
15	6079.861578471076
16	5978.882687751145
17	5878.380826960368
18	5778.398193866316
19	5678.975745016319
20	5580.1531340843085
21	5481.968659625132
22	5384.459221546299
23	5287.660285645787
24	5191.605855601183
25	5096.328451830644
26	5001.859096679416
27	4908.227305417624
28	4815.461082565312
29	4723.586923089431
30	4632.629818045181
31	4542.6132642598905
32	4453.559277682658
33	4365.488410046446
34	4278.419768511657
35	4192.371037981486
36	4107.358505799514
37	4023.397088559057
38	3940.5003607718722
39	3858.680585161017
40	3777.9487443588314
41	3698.3145738064195
42	3619.786595665451
43	3542.3721535669383
44	3466.077448034473
45	3390.9075724317727
46	3316.8665492958576
47	3243.9573669280767
48	3172.1820161254914
49	3101.5415269447813
50	3032.0360053998425
51	2963.6646700029933
52	2896.425888067505
53	2830.3172116968794
54	2765.3354133933517
55	2701.476521224635
56	2638.735853494286
57	2577.108052866774
58	2516.5871199038133
59	2457.1664459736157
60	2398.838845499442
61	2341.596587518247
62	2285.431426524335
63	2230.3346325767748
64	2176.297020652844
65	2123.308979233137
66	2071.3604981069116
67	2020.4411953891918
68	1970.5403437436685
69	1921.6468958078535
70	1873.7495088191852
71	1826.8365684427622
72	1780.8962118032664
73	1735.9163497253248
74	1691.8846881880918
75	1648.788749001239
76	1606.6158897108296
77	1565.3533227446617
78	1524.9881338076914
79	1485.5072995391265
80	1446.89770444348
81	1409.146157108731
82	1372.239405725224
83	1336.1641529196204
84	1300.9070699185568
85	1266.4548100571812
86	1232.7940216479587
87	1199.9113602254888
88	1167.7935001832275
89	1136.4271458181975
90	1105.7990417998685
91	1075.8959830794304
92	1046.7048242557337
93	1018.2124884141235
94	990.4059754543696
95	963.2723699237732
96	936.7988483714248
97	910.9726862394974
98	885.7812643071861
99	861.2120747028376
100	837.2527264995
101	813.8909509089868
102	791.1146060892261
103	768.911681579482
104	747.270302377731
105	726.1787326741902
106	705.6253792547571
107	685.5987945877508
108	666.0876796071317
109	647.0808862049854
110	628.5674194458297
111	610.5364395149162
112	592.9772634124301
113	575.8793664051674
114	559.2323832469331
115	543.0261091786198
116	527.2505007185675
117	511.8956762535418
118	496.95191644031104
119	482.40966442751534
120	468.25952590721795
121	454.49226900521484
122	441.09882401887245
123	428.0702830110007
124	415.39789926793776
125	403.0730866297646
126	391.08741870027563
127	379.43262794405587
128	368.1006046777499
129	357.08339596233975
130	346.37320440298475
131	335.96238686273267
132	325.8434530961614
133	316.0090643087502
134	306.4520316475841
135	297.1653146287156
136	288.1420195063284
137	279.37539758859396
138	270.8588435049262
139	262.58589342912114
140	254.55022326266518
141	246.7456467823124
142	239.1661137558318
143	231.8057080296521
144	224.65864559194526
145	217.71927261452728
146	210.98206347678507
147	204.44161877467323
148	198.0926633176811
149	191.9300441165087
150	185.9487283640533
151	180.14380141216427
152	174.5104647464945
153	169.04403396164233
154	163.7399367386542
155	158.59371082683964
156	153.60100203173317
157	148.75756221093067
158	144.05924727940845
159	139.50201522584928
160	135.08192414138588
161	130.7951302620829
162	126.63788602639153
163	122.60653814871804
164	118.69752571016681
165	114.90737826743965
166	111.23271398079967
167	107.67023776192427
168	104.21673944241668
169	100.86909196367094
170	97.62424958872062
171	94.47924613664584
172	91.43119324005485
173	88.47727862609672
174	85.61476442141654
175	82.84098548141064
176	80.1533477440935
177	77.54932660884124
178	75.02646534024026
179	72.58237349722131
180	70.21472538762735
181	67.92125854832693
182	65.69977225094436
183	63.54812603325812
184	61.46423825627726
185	59.44608468698155
186	57.491697106687106
187	55.59916194496768
188	53.766618939047305
189	51.99225981854577
190	50.274327015450446
191	48.61111239915923
192	47.0009560364267
193	45.4422449760274
194	43.933412057931506
195	42.472934746781426
196	41.05933398943567
197	39.69117309634045
198	38.36705664647574
199	37.08562941561218
200	35.84557532760792
201	34.64561642846084
202	33.48451188283224
203	32.361056992742455
204	31.274082238138377
205	30.222452339026045
206	29.2050653388555
207	28.220851708841323
208	27.268773472901547
209	26.34782335288919
210	25.457023933794137
211	24.595426848585877
212	23.762111982371803
213	22.95618669553733
214	22.176785065543033
215	21.423067147043668
216	20.694218250002336
217	19.98944823546951
218	19.30799082869859
219	18.64910294926913
220	18.01206405789488
221	17.39617551959024
222	16.800759982873753
223	16.225160774689364
224	15.668741310728075
225	15.130884520834126
226	14.610992289186223
227	14.108484908943067
228	13.622800551048671
229	13.153394746895504
230	12.699739884545206
231	12.261324718214357
232	11.837653890730977
233	11.428247468676394
234	11.032640489927758
235	10.650382523320689
236	10.281037240158138
237	9.924181997291708
238	9.579407431509694
239	9.246317064966863
240	8.924526921397861
241	8.613665152859259
242	8.313371676748666
243	8.023297822855897
244	7.743105990202725
245	7.472469313434346
246	7.211071338529032
247	6.958605707595838
248	6.714775852536836
249	6.47929469735148
250	6.251884368868691
251	6.032275915692523
252	5.820209035154606
253	5.6154318080691334
254	5.417700441090611
255	5.2267790164788135
256	5.042439249079783
257	4.864460250334549
258	4.692628299132838
259	4.5267366193315315
260	4.366585163762816
261	4.211980404559849
262	4.062735129631396
263	3.9186682451219053
264	3.779604583696941
265	3.6453747184945304
266	3.5158147825923614
267	3.3907662938385807
268	3.270075984900869
269	3.1535956383911703
270	3.0411819269250366
271	2.9326962579817493
272	2.8280046234304503
273	2.7269774535927813
274	2.629489475716273
275	2.5354195767346623
276	2.4446506701938913
277	2.3570695672279185
278	2.2725668514680333
279	2.191036757775716
280	2.1123770546889102
281	2.036488930476203
282	1.963276882695808
283	1.8926486111573773
284	1.8245149141911516
285	1.7587895881248115
286	1.6953893298794553
287	1.6342336425906068
288	1.5752447441673807
289	1.5183474787042592
290	1.4634692306606285
291	1.410539841727686
292	1.359491530302833
293	1.3102588134950488
294	1.2627784315853083
295	1.2169892748703472
296	1.1728323128171292
297	1.1302505254601496
298	1.089188836974726
299	1.0495940513590845
300	1.011414790164179
301	0.9746014322072164
302	0.9391060552108369
303	0.9048823793079587
304	0.8718857123566405
305	0.840072897009609
306	0.8094022594847937
307	0.779833559984212
308	0.7513279447127486
309	0.7238478994444235
310	0.6973572045918991
311	0.6718208917300058
312	0.647205201531
313	0.6234775430652126
314	0.6006064544260774
315	0.5785615646393476
316	0.5573135568133979
317	0.5368341324953876
318	0.5170959771934187
319	0.4980727270280436
320	0.4797389364794322
321	0.4620700471933719
322	0.44504235781532775
323	0.42863299481669864
324	0.4128198842851383
325	0.3975817246479305
326	0.3828979602956165
327	0.36874875608196883
328	0.3551149726677184
329	0.34197814268559507
330	0.32932044769658364
331	0.31712469591483117
332	0.3053743006740083
333	0.29405325961381995
334	0.28314613456272775
335	0.2726380320922784
336	0.2625145847247593
337	0.25276193277123415
338	0.24336670677833258
339	0.23431601056793105
340	0.22559740484542476
341	0.21719889136266537
342	0.20910889761343046
343	0.20131626204909212
344	0.19381021979059437
345	0.18658038882828124
346	0.1796167566864118
347	0.1729096675422692
348	0.16644980978330007
349	0.1602282039858177
350	0.15423619130435165
351	0.14846542225733636
352	0.14290784589409566
353	0.13755569933361866
354	0.13240149765944315
355	0.1274380241632316
356	0.12265832091854838
357	0.1180556796830367
358	0.1136236331085916
359	0.10935594625830673
360	0.10524660840979451
361	0.10128982514657654
362	0.09748001071876655
363	0.09381178066739233
364	0.09027994470698014
365	0.08687949984941662
366	0.08360562377021896
367	0.08045366840137852
368	0.07741915374939441
369	0.0744977619256497
370	0.0716853313858787
371	0.0689778513679702
372	0.06637145652654922
373	0.06386242175151603
374	0.06144715716906384
375	0.059122203317088826
376	0.05688422648872349
377	0.0547300142381768
378	0.052656471046064426
379	0.05066061413455169
380	0.04873956942976403
381	0.04689056766645824
382	0.04511094062928169
383	0.04339811752585541
384	0.04174962148834545
385	0.04016306619710143
386	0.03863615262439879
387	0.037166665892263806
388	0.035752472242188756
389	0.03439151611040869
390	0.0330818173086105
391	0.03182146830261168
392	0.030608631588946795
393	0.02944153716339399
394	0.02831848007992114
395	0.027237818095073595
396	0.026197969399921358
397	0.025197410426178155
398	0.024234673737013494
399	0.02330834598914925
400	0.02241706596816109
401	0.021559522695437237
402	0.020734453600208615
403	0.01994064275960931
404	0.01917691919959542
405	0.0184421552580798
406	0.017735265004595366
407	0.0170552027210802
408	0.0164009614304493
409	0.015771571484156383
410	0.01516609919749923
411	0.014583645534241943
412	0.014023344838964868
413	0.013484363614858106
414	0.012965899345636306
415	0.012467179359370514
416	0.011987459735065263
417	0.011526024245936696
418	0.011082183343485649
419	0.010655273176576715
420	0.010244654647284699
421	0.009849712499641936
422	0.009469854441226814
423	0.009104510299928594
424	0.008753131206129482
425	0.008415188808049513
426	0.00809017451519209
427	0.007777598769057483
428	0.007476990338157305
429	0.00718789564342863
430	0.006909878102917258
431	0.006642517505237533
432	0.006385409401857354
433	0.006138164523259689
434	0.0059004082171826904
435	0.005671779906120607
436	0.0054519325654891595
437	0.005240532219872597
438	0.005037257459022885
439	0.0048417989698376716
440	0.00465385908807799
441	0.004473151363831809
442	0.00429940014452637
443	0.004132340172582013
444	0.003971716197875361
445	0.00381728260625881
446	0.003668803057486036
447	0.0035260501408752617
448	0.003388805042109797
449	0.003256857220563422
450	0.003130004101635125
451	0.0030080507776563286
452	0.002890809721887637
453	0.0027781005121257788
454	0.0026697495633817084
455	0.002565589873402119
456	0.002465460774988239
457	0.002369207698463993
458	0.002276681942967994
459	0.0021877404554471506
460	0.002102245619931258
461	0.0020200650516436097
462	0.0019410714011497512
463	0.0018651421652946174
464	0.0017921595031638819
465	0.0017220100623624147
466	0.0016545848097145848
467	0.0015897788663816299
468	0.001527491354097501
469	0.0014676252423794043
470	0.001410087203407669
471	0.0013547874733286632
472	0.0013016397169139141
473	0.0012505608969747412
474	0.0012014711515566602
475	0.001154293672468441
476	0.0011089545901906387
477	0.001065382862330598
478	0.0010235101668596808
479	0.0009832707991077538
480	0.0009446015717067019
481	0.0009074417198927082
482	0.000871732809548288
483	0.0008374186478682786
484	0.0008044451995549905
485	0.0007727605033674197
486	0.0007423145947154995
487	0.0007130594286524584
488	0.0006849488073550221
489	0.0006579383096896591
490	0.0006319852227766798
491	0.000607048479002567
492	0.0005830885904220196
493	0.0005600675912915625
494	0.0005379489776065812
495	0.0005166976534817911
496	0.000496279876045669
497	0.0004766632032712803
498	0.00045781644661301745
499	0.0004397096200472725
500	0.00042231389619155267
501	0.0004056015618264486
502	0.0003895459737024532
503	0.0003741215198792803
504	0.0003593035774097107
505	0.00034506847789175267
506	0.00033139346781491314
507	0.00031825667452328846
508	0.0003056370729363008
509	0.0002935144527374183
510	0.000281869387207773
511	0.0002706832017139994
512	0.00025993794720081714
513	0.0002496163708316503
514	0.00023970188911905934
515	0.00023017856254570578
516	0.0002210310706637564
517	0.00021224468912541883
518	0.00020380526465951576
519	0.00019569919514203244
520	0.00018791340781453667
521	0.00018043533783968855
522	0.0001732529099137261
523	0.00016635451868697308
524	0.00015972901095637543
525	0.00015336566836689032
526	0.00014725418984614053
527	0.00014138467651282144
528	0.00013574761502668542
529	0.00013033386388469167
530	0.00012513463761405257
531	0.00012014149438980703
532	0.00011534632201900782
533	0.00011074132479432706
534	0.0001063190122242072
535	0.00010207218632854105
536	0.00009799393078366506
537	0.00009407759987455057
538	0.00009031680800320984
539	0.00008670541948690844
540	0.00008323753837749581
541	0.00007990750085560748
542	0.00007670986403876213
543	0.00007363939862333132
544	0.00007069108074267205
545	0.0000678600830219602
546	0.00006514176817058414
547	0.00006253168020704743
548	0.00006002553872531169
549	0.00005761923077168807
550	0.000055308805235976
551	0.0000530904663887911
552	0.00005096056758995642
553	0.00004891560620303944
554	0.0000469522163260538
555	0.000045067165319799924
556	0.000043257346835493454
557	0.00004151977815908851
558	0.00003985159298988918
559	0.000038250038267712934
560	0.000036712469558739605
561	0.00003523634656004136
562	0.000033819228980900534
563	0.00003245877306134511
564	0.00003115272767240994
565	0.000029898929462163563
566	0.000028695302318864027
567	0.00002753985007126781
568	0.000026430656931223483
569	0.000025365882216540688
570	0.000024343758061376733
571	0.000023362586149146677
572	0.000022420736379363725
573	0.000021516641894327593
574	0.00002064879868744392
575	0.00001981576182926195
576	0.000019016143617617035
577	0.000018248611793158698
578	0.000017511886215924842
579	0.00001680473799855008
580	0.000016125986562156224
581	0.000015474498614125318
582	0.000014849185574808532
583	0.00001424900185405581
584	0.00001367294344349173
585	0.000013120046287206293
586	0.00001258938469609408
587	0.00001208006980401918
588	0.000011591247795153121
589	0.000011122098706810711
590	0.000010671835808721714
591	0.000010239702865231132
592	9.824974122107555e-6
593	9.426952442474787e-6
594	9.044969091328865e-6
595	8.678381122791042e-6
596	8.326571763775273e-6
597	7.988948667351322e-6
598	7.66494273141886e-6
599	7.354008295974244e-6
600	7.055620660191361e-6
601	6.769276328034081e-6
602	6.49449219561066e-6
603	6.230804217793683e-6
604	5.977766365554213e-6
605	5.7349512318781165e-6
606	5.5019479441746456e-6
607	5.278362537391343e-6
608	5.06381590060788e-6
609	4.857945001322203e-6
610	4.660400865223653e-6
611	4.470848746082426e-6
612	4.288966406037325e-6
613	4.114445949757097e-6
614	3.946990771647119e-6
615	3.7863163280269543e-6
616	3.6321495611264358e-6
617	3.4842280622539815e-6
618	3.342300883742722e-6
619	3.206125541996559e-6
620	3.0754707622375593e-6
621	2.9501137752993758e-6
622	2.829840626396317e-6
623	2.7144467681480093e-6
624	2.6037352033378807e-6
625	2.4975165486584768e-6
626	2.395609654818228e-6
627	2.2978405942565014e-6
628	2.2040419293150687e-6
629	2.1140530824484392e-6
630	2.027720988353353e-6
631	1.944896919648972e-6
632	1.8654396163312944e-6
633	1.7892123977421043e-6
634	1.7160852103414802e-6
635	1.6459322984369452e-6
636	1.5786331678883418e-6
637	1.5140730080011703e-6
638	1.4521398287877642e-6
639	1.3927284566748e-6
640	1.3357357619801526e-6
641	1.2810643904510585e-6
642	1.22862019269443e-6
643	1.1783126739675851e-6
644	1.1300551740179717e-6
645	1.083764776573632e-6
646	1.0393619481703027e-6
647	9.967693573385193e-7
648	9.559142639801753e-7
649	9.167256991155029e-7
650	8.791363120151343e-7
651	8.430812022489985e-7
652	8.084975777448152e-7
653	7.753263363233591e-7
654	7.435095341492228e-7
655	7.129925212125317e-7
656	6.83722237983109e-7
657	6.556479837821323e-7
658	6.287213642237624e-7
659	6.028954179247648e-7
660	5.781253912272234e-7
661	5.543686917885016e-7
662	5.31583473009606e-7
663	5.097305112240634e-7
664	4.887720678224899e-7
665	4.686713019980182e-7
666	4.4939360398181206e-7
667	4.3090518847474736e-7
668	4.131738825458751e-7
669	3.96169092394296e-7
670	3.7986094980241206e-7
671	3.642213775253991e-7
672	3.492224170147898e-7
673	3.348386649317536e-7
674	3.2104478203311624e-7
675	3.078165629294464e-7
676	2.9513091137917196e-7
677	2.829658165640349e-7
678	2.7130005691713873e-7
679	2.6011290527815855e-7
680	2.4938520157933834e-7
681	2.3909823928292275e-7
682	2.2923347367375708e-7
683	2.1977386946457028e-7
684	2.1070306336252202e-7
685	2.0200507445684605e-7
686	1.9366428856253273e-7
687	1.8566653385808468e-7
688	1.779979744753602e-7
689	1.706445517996828e-7
690	1.6359360646919045e-7
691	1.568327747665097e-7
692	1.5035024869795472e-7
693	1.441344918598145e-7
694	1.3817450032240199e-7
695	1.3246006334539073e-7
696	1.2698066520744765e-7
697	1.2172710630628487e-7
698	1.1669013407720593e-7
699	1.1186070602565113e-7
700	1.0723025246303373e-7
701	1.0279066774396831e-7
702	9.85340308169316e-8
703	9.445313950906067e-8
704	9.054041904665406e-8
705	8.678926961370703e-8
706	8.319270534844699e-8
707	7.9744430813647e-8
708	7.643883362558576e-8
709	7.32693568139496e-8
710	7.023119547206967e-8
711	6.731804969675063e-8
712	6.452562925305607e-8
713	6.184814014408923e-8
714	5.9281516584758253e-8
715	5.682125849881337e-8
716	5.4462428766063366e-8
717	5.2200995132111226e-8
718	5.003328652978531e-8
719	4.795518284880497e-8
720	4.596291817135482e-8
721	4.405307655347705e-8
722	4.2222587927574145e-8
723	4.046738462541589e-8
724	3.878534678584276e-8
725	3.717281528086574e-8
726	3.562673318619754e-8
727	3.4145175841747884e-8
728	3.2724674531541867e-8
729	3.136288787672503e-8
730	3.005806261697998e-8
731	2.8806897737309697e-8
732	2.760774338221997e-8
733	2.6458198342694186e-8
734	2.5356440491625046e-8
735	2.4300160157122068e-8
736	2.3288153423109285e-8
737	2.2317928586172156e-8
738	2.1387830475923432e-8
739	2.049624116394996e-8
740	1.9642107931214148e-8
741	1.882308813305317e-8
742	1.8038196134045805e-8
743	1.7285948095535536e-8
744	1.6564890594824584e-8
745	1.5873863132377687e-8
746	1.521120549466068e-8
747	1.457660166142728e-8
748	1.3968179836115638e-8
749	1.3385146247416043e-8
750	1.2826204174107841e-8
751	1.2290342398377908e-8
752	1.1777095400137336e-8
753	1.1284968611455907e-8
754	1.0813535848826967e-8
755	1.0361865087255822e-8
756	9.92851999667011e-9
757	9.513649778324342e-9
758	9.115852009564679e-9
759	8.734784578801532e-9
760	8.369338125538851e-9
761	8.01919950552811e-9
762	7.683548437041839e-9
763	7.362097765360826e-9
764	7.0540530921718375e-9
765	6.75889205369158e-9
766	6.475844895573469e-9
767	6.204671118600721e-9
768	5.94488145625083e-9
769	5.695996820337108e-9
770	5.457290040816431e-9
771	5.228559594469947e-9
772	5.009611990512737e-9
773	4.799490118234913e-9
774	4.59827465974526e-9
775	4.405539127306724e-9
776	4.220864786640776e-9
777	4.043840371452479e-9
778	3.874061810933357e-9
779	3.711643010837059e-9
780	3.5559366617981616e-9
781	3.406557948243029e-9
782	3.2636376937673345e-9
783	3.1268016631439886e-9
784	2.9954272326656405e-9
785	2.8696601308942895e-9
786	2.749142047958345e-9
787	2.6335198810013676e-9
788	2.5229516744610608e-9
789	2.4168397770294583e-9
790	2.3156023372182837e-9
791	2.218145416289389e-9
792	2.124894432772669e-9
793	2.0355207496822835e-9
794	1.949951217103847e-9
795	1.86811554598138e-9
796	1.7894446441880818e-9
797	1.7141257915630248e-9
798	1.6420974194854445e-9
799	1.572800571135447e-9
800	1.506679302387072e-9
801	1.443180306023357e-9
802	1.3825017277518114e-9
803	1.3243451217230326e-9
804	1.268415148273539e-9
805	1.2149156842862812e-9
806	1.1638033519695328e-9
807	1.1147889525458906e-9
808	1.0678332759701962e-9
809	1.0228986347218833e-9
810	9.797022343984072e-10
811	9.3845640984317e-10
812	8.988817046998989e-10
813	8.609468044515317e-10
814	8.246216096038823e-10
815	7.898771807772245e-10
816	7.56441003173405e-10
817	7.245316197541972e-10
818	6.94123269299455e-10
819	6.647036976614575e-10
820	6.367377661068942e-10
821	6.097163098437317e-10
822	5.841046377395632e-10
823	5.593965232003208e-10
824	5.355733319125168e-10
825	5.131007474459643e-10
826	4.914767001861205e-10
827	4.706846754334096e-10
828	4.507088041997413e-10
829	4.3177430650673947e-10
830	4.133852418077785e-10
831	3.96008119401714e-10
832	3.7914942334825567e-10
833	3.6327538086640113e-10
834	3.4765600744376657e-10
835	3.3323509172737504e-10
836	3.1904643876711073e-10
837	3.0555643174341916e-10
838	2.925168002592804e-10
839	2.8015524431316635e-10
840	2.682249354151418e-10
841	2.5695361950889105e-10
842	2.460958461474562e-10
843	2.3564360150621104e-10
844	2.2558918351311577e-10
845	2.1592518769341772e-10
846	2.0687919074770629e-10
847	1.9820894932361393e-10
848	1.8967387103797948e-10
849	1.817359584207602e-10
850	1.739214549242928e-10
851	1.6669142249990712e-10
852	1.5957394936039719e-10
853	1.527968700793719e-10
854	1.4635491718920826e-10
855	1.400114818932327e-10
856	1.3399390233580282e-10
857	1.2852826199209113e-10
858	1.2314800630520138e-10
859	1.1784979620380717e-10
860	1.1263044510703396e-10
861	1.079456637333265e-10
862	1.0333235213653176e-10
863	9.901638816841889e-11
864	9.47657464302492e-11
865	9.080582315182429e-11
866	8.690555140922836e-11
867	8.306262662494957e-11
868	7.972850550750744e-11
869	7.644596545660338e-11
870	7.321299977902323e-11
871	7.002769368466028e-11
872	6.688822013194226e-11
873	6.424280526239874e-11
874	6.14137191044521e-11
875	5.862472741680634e-11
876	5.632205393536893e-11
877	5.3831523285661955e-11
878	5.159911877265976e-11
879	4.939964972438327e-11
880	4.7231856048053823e-11
881	4.531653339703749e-11
882	4.342978403784874e-11
883	4.1570511789145836e-11
884	3.9737670861362245e-11
885	3.79302635688997e-11
886	3.636744699827102e-11
887	3.482744485538219e-11
888	3.352873785149725e-11
889	3.181245181717108e-11
890	3.055442905246362e-11
891	2.931521680555723e-11
892	2.8094094527401377e-11
893	2.6890374866546626e-11
894	2.5703402157636438e-11
895	2.4532550978058867e-11
896	2.3593508326027408e-11
897	2.266865003767548e-11
898	2.1541920301497527e-11
899	2.0644209524462435e-11
900	1.9759124612962728e-11
901	1.8886193109366194e-11
902	1.8024964390027406e-11
903	1.7388579943592184e-11
904	1.676227932463562e-11
905	1.5932878553777352e-11
906	1.5113576099218543e-11
907	1.4516026069764468e-11
908	1.3927096423261109e-11
909	1.3346462362035602e-11
910	1.2773814124596519e-11
911	1.2208856297074267e-11
912	1.1651307155881928e-11
913	1.1100898040189878e-11
914	1.076663043589731e-11
915	1.0229349654020965e-11
916	9.906942180857579e-12
917	9.381855581313917e-12
918	8.86274072613509e-12
919	8.763951960105976e-12
920	8.255389742317882e-12
921	7.752220367333926e-12
922	7.666439329262492e-12
923	7.1727418599995165e-12
924	6.889223442907297e-12
925	6.609646001750063e-12
926	6.333863818216773e-12
927	6.061737952668347e-12
928	5.7931359318644845e-12
929	5.527931450929308e-12
930	5.46889078901012e-12
931	5.0072390373223e-12
932	4.953610185723243e-12
933	4.700444293329797e-12
934	4.450127086587014e-12
935	4.403439454611803e-12
936	3.957663848908822e-12
937	3.915410218358122e-12
938	3.874844024239746e-12
939	3.6366250777984582e-12
940	3.400747725331958e-12
941	3.3655925377038296e-12
942	3.133783245135362e-12
943	2.9041117091858294e-12
944	2.8737519696234717e-12
945	2.8445978595784556e-12
946	2.6201691144720148e-12
947	2.3976480547508683e-12
948	2.3725941960635376e-12
949	2.348534846704696e-12
950	2.3254231174001317e-12
951	2.1088256844393214e-12
952	1.8939039983237643e-12
953	1.874191105399089e-12
954	1.8552596547069583e-12
955	1.837072733751812e-12
956	1.8195951585719504e-12
957	1.6108544658651393e-12
958	1.595105585562902e-12
959	1.3888496386225332e-12
960	1.3747083185841908e-12
961	1.3611240525037732e-12
962	1.3480704561338748e-12
963	1.335522384248254e-12
964	1.3234558729955024e-12
965	1.123186806728264e-12
966	1.1124264795858276e-12
967	9.14242415329527e-13
968	9.047058927024336e-13
969	8.955472917857591e-13
970	8.867486568940573e-13
971	8.782928782831869e-13
972	8.701636526704975e-13
973	8.623454455826226e-13
974	8.548234554468777e-13
975	8.47583579346174e-13
976	8.406123803609654e-13
977	6.501711723714154e-13
978	6.441116010079577e-13
979	6.382841860940628e-13
980	6.326778524397025e-13
981	4.4520503326533886e-13
982	4.404221468463568e-13
983	4.358302423577646e-13
984	4.3142019329463945e-13
985	4.2718330567481376e-13
986	4.2311129773988644e-13
987	4.1919628060089697e-13
988	4.154307397850279e-13
989	4.1180751764172487e-13
990	4.0831979656852984e-13
991	4.0496108301874155e-13
992	4.0172519225474094e-13
993	3.9860623381251734e-13
994	3.9559859764445397e-13
995	3.9269694090901273e-13
996	3.898961753773273e-13
997	3.8719145542816226e-13
998	3.8457816660395004e-13
999	3.8205191470190114e-13
1000	2.0537667729630735e-13