1	0.00008593438666049481
2	0.00025583907756339386
3	0.0005900020698311071
4	0.0011601654140887144
5	0.002029931102029844
6	0.0032551672583598303
7	0.004884412683113211
8	0.006959278008789041
9	0.009514841938679524
10	0.01258004121917985
11	0.01617805317070429
12	0.020326669759995582
13	0.025038662341953333
14	0.030322136332433625
15	0.036180875195553616
16	0.04261467324060132
17	0.04961965682538851
18	0.057188593655451946
19	0.0653111899525156
20	0.07397437534166529
21	0.08316257537530337
22	0.09285797167366605
23	0.10304074971699825
24	0.11368933437383541
25	0.12478061329370393
26	0.13629014833129738
27	0.14819237520323258
28	0.16046079160817903
29	0.17306813406684093
30	0.18598654376026802
31	0.19918772166357618
32	0.21264307328766496
33	0.226323843354177
34	0.24020124073900678
35	0.25424655402736146
36	0.26843125802892515
37	0.2827271116052718
38	0.2971062471635009
39	0.31154125217031936
40	0.32600524303959993
41	0.3404719317439926
42	0.35491568549756597
43	0.3693115798518388
44	0.38363544554208895
45	0.39786390941453204
46	0.4119744297580331
47	0.4259453263564859
48	0.43975580556996013
49	0.45338598074430286
50	0.46681688824009143
51	0.4800304993627845
52	0.49300972846667424
53	0.5057384374957872
54	0.5182014372153971
55	0.5303844853781944
56	0.5422742820595663
57	0.5538584623868448
58	0.5651255868778584
59	0.5760651295946526
60	0.5866674643089068
61	0.5969238488663736
62	0.6068264079285799
63	0.6163681142611802
64	0.6255427687296056
65	0.6343449791542112
66	0.6427701381687705
67	0.6508144002181695
68	0.658474657823269
69	0.6657485172333212
70	0.6726342735790038
71	0.6791308856319539
72	0.6852379502698963
73	0.6909556767398006
74	0.6962848608051447
75	0.701226858857249
76	0.7057835620647873
77	0.7099573706299199
78	0.713751168214149
79	0.7171682965918335
80	0.7202125305843785
81	0.7228880533234586
82	0.7251994318871586
83	0.7271515933487012
84	0.7287498012733845
85	0.7299996326955702
86	0.7309069556039455
87	0.7314779069598768
88	0.7317188712704523
89	0.731636459734791
90	0.7312374899793611
91	0.7305289663953107
92	0.7295180610884149
93	0.7282120954497779
94	0.7266185223533399
95	0.724744908984111
96	0.7225989202992243
97	0.7201883031220871
98	0.717520870868312
99	0.7146044889005749
100	0.7114470605081847
101	0.7080565135058603
102	0.7044407874450551
103	0.7006078214300986
104	0.6965655425304784
105	0.6923218547796907
106	0.6878846287503461
107	0.6832616916944668
108	0.6784608182373396
109	0.6734897216127076
110	0.6683560454266633
111	0.6630673559371147
112	0.6576311348354156
113	0.6520547725164745
114	0.646345561823334
115	0.6405106922521425
116	0.6345572446032198
117	0.628492186063885
118	0.6223223657086141
119	0.6160545104021375
120	0.6096952210910694
121	0.6032509694697565
122	0.5967280950060703
123	0.5901328023130264
124	0.5834711588522772
125	0.5767490929555676
126	0.569972392150611
127	0.5631467017778641
128	0.5562775238850413
129	0.5493702163863589
130	0.5424299924737767
131	0.5354619202677862
132	0.5284709226955275
133	0.5214617775843171
134	0.5144391179589813
135	0.5074074325316339
136	0.5003710663728823
137	0.4933342217537242
138	0.4863009591477226
139	0.4792751983833359
140	0.47226071993663377
141	0.4652611663548584
142	0.4582800438017237
143	0.4513207237155202
144	0.44438644457152776
145	0.4374803137404669
146	0.4306053094350069
147	0.4237642827367736
148	0.41695995969641203
149	0.4101949434997605
150	0.40347171669325615
151	0.39679264346220366
152	0.3901599719556207
153	0.38357583665181544
154	0.37704226075895275
155	0.3705611586452951
156	0.3641343382939204
157	0.3577635037770754
158	0.3514502577454752
159	0.345196103928214
160	0.33900244963900117
161	0.33287060828490833
162	0.3268018018737932
163	0.32079716351693793
164	0.3148577399235646
165	0.3089844938841336
166	0.30317830673948076
167	0.2974399808330983
168	0.2917702419439657
169	0.2861697416975615
170	0.28063905995287414
171	0.2751787071633004
172	0.26978912670960264
173	0.26447069720313116
174	0.2592237347577002
175	0.25404849522868805
176	0.24894517641802988
177	0.24391392024381944
178	0.2389548148735175
179	0.2340678968197649
180	0.2292531529978836
181	0.2245105227444228
182	0.21983989979594917
183	0.21524113422764574
184	0.21071403435115843
185	0.20625836857135113
186	0.20187386720164666
187	0.19756022423770386
188	0.19331709908934924
189	0.18914411827055075
190	0.1850408770475619
191	0.18100694104514886
192	0.1770418478110798
193	0.17314510833897548
194	0.16931620854973578
195	0.1655546107318667
196	0.16185975494084304
197	0.15823106035800236
198	0.15466792660926743
199	0.15116973504406242
200	0.14773584997498201
201	0.1443656198786048
202	0.1410583785579028
203	0.13781344626695008
204	0.13463013079822428
205	0.13150772853332224
206	0.12844552545751187
207	0.12544279813879888
208	0.12249881467202602
209	0.11961283558885061
210	0.1167841147339883
211	0.11401190010858864
212	0.11129543468123895
213	0.10863395716738153
214	0.10602670277781866
215	0.10347290393685851
216	0.10097179097091724
217	0.09852259276825788
218	0.09612453741043414
219	0.09377685277621714
220	0.09147876711870775
221	0.08922950961625702
222	0.08702831089784431
223	0.08487440354371804
224	0.08276702256182107
225	0.08070540584078535
226	0.07868879458002603
227	0.07671643369773885
228	0.07478757221731747
229	0.07290146363290712
230	0.07105736625466626
231	0.06925454353443672
232	0.06749226437230844
233	0.06576980340484366
234	0.06408644127544579
235	0.062441464887438645
236	0.06083416764051053
237	0.05926384965106216
238	0.05772981795699721
239	0.056231386707463714
240	0.05476787733818088
241	0.05333861873276696
242	0.0519429473706436
243	0.050580207461999545
244	0.04924975107027516
245	0.04795093822270184
246	0.046683137009347196
247	0.045445723671040314
248	0.044238082676791315
249	0.043059606790924604
250	0.04190969713058054
251	0.04078776321380641
252	0.03969322299870465
253	0.03862550291413021
254	0.03758403788209513
255	0.03656827133248928
256	0.035577655210327526
257	0.03461164997589296
258	0.03366972459818887
259	0.03275135654191346
260	0.03185603174836773
261	0.030983244610640073
262	0.030132497943163118
263	0.02930330294616953
264	0.028495179165307902
265	0.027707654446392945
266	0.026940264886010316
267	0.026192554777852955
268	0.02546407655522413
269	0.02475439072994088
270	0.024063065827696597
271	0.023389678320382634
272	0.02273381255536373
273	0.02209506068195218
274	0.021473022575327814
275	0.020867305758142815
276	0.020277525319778777
277	0.019703303833741928
278	0.01914427127305451
279	0.018600064924072308
280	0.018070329298689063
281	0.017554716045174838
282	0.01705288385780106
283	0.016564498385257947
284	0.01608923213829657
285	0.015626764396246752
286	0.015176781113063505
287	0.014738974822618569
288	0.014313044543498176
289	0.013898695683472434
290	0.013495639943584199
291	0.013103595222089353
292	0.01272228551824852
293	0.012351440836136086
294	0.011990797088449839
295	0.01164009600053095
296	0.011299085014501829
297	0.010967517193712995
298	0.010645151127603584
299	0.010331750836836233
300	0.01002708567903
301	0.00973093025489217
302	0.009443064315026827
303	0.009163272667285628
304	0.008891345084817842
305	0.008627076214841224
306	0.008370265488162191
307	0.008120717029411507
308	0.00787823956825994
309	0.007642646351291229
310	0.007413755054927676
311	0.007191387699134611
312	0.0069753705622064305
313	0.006765534096391349
314	0.00656171284450977
315	0.006363745357700421
316	0.006171474113982511
317	0.005984745438024948
318	0.005803409421904838
319	0.005627319846869827
320	0.005456334106287514
321	0.005290313129555839
322	0.005129121307248688
323	0.00497262641715233
324	0.0048206995515390405
325	0.004673215045625505
326	0.0045300504069013935
327	0.00439108624580966
328	0.0042562062073060935
329	0.004125296903750232
330	0.003998247848740172
331	0.0038749513921671214
332	0.0037553026562337807
333	0.0036391994726836492
334	0.003526542321160934
335	0.0034172342684777248
336	0.0033111809091266485
337	0.003208290306846842
338	0.003108472937117532
339	0.0030116416309574788
340	0.0029177115195208035
341	0.0028265999799354626
342	0.002738226581973569
343	0.0026525130360399523
344	0.0025693831417922274
345	0.0024887627381481136
346	0.00241057965396211
347	0.0023347636598724567
348	0.002261246421139747
349	0.002189961451272545
350	0.002120844066717892
351	0.0020538313425289834
352	0.001988862068810144
353	0.0019258767082302322
354	0.0018648173542653787
355	0.0018056276905838806
356	0.0017482529508953276
357	0.0016926398801370343
358	0.0016387366960721255
359	0.0015864930521570274
360	0.0015358600006924626
361	0.0014867899573266549
362	0.0014392366660180547
363	0.001393155164774987
364	0.0013485017524846575
365	0.0013052339560291322
366	0.0012633104985582393
367	0.0012226912681740786
368	0.0011833372876113527
369	0.001145210684400632
370	0.0011082746618763636
371	0.0010724934706700837
372	0.0010378323811616027
373	0.0010042576562962124
374	0.0009717365252074062
375	0.0009402371574533666
376	0.0009097286378243527
377	0.0008801809417032354
378	0.0008515649112198885
379	0.000823852231790361
380	0.000797015409274156
381	0.0007710277477391966
382	0.0007458633277478627
383	0.0007214969851467453
384	0.0006979042904595215
385	0.0006750615286848984
386	0.0006529456796986182
387	0.0006315343990715621
388	0.0006108059994563565
389	0.0005907394323031271
390	0.0005713142702205471
391	0.0005525106896175404
392	0.0005343094539248243
393	0.000516691897147697
394	0.0004996399078954519
395	0.00048313591370921185
396	0.000467162866144321
397	0.0004517042256479062
398	0.00043674394743183233
399	0.00042226646736272754
400	0.00040825668827266436
401	0.00039469996677103685
402	0.00038158210017531145
403	0.0003688893140334887
404	0.00035660824978909757
405	0.000344725952902194
406	0.00033322986109839906
407	0.00032210779333739006
408	0.0003113479384713785
409	0.0003009388447683266
410	0.0002908694094465592
411	0.00028112886851703825
412	0.00027170678693861586
413	0.00026259304902435823
414	0.0002537778491182992
415	0.00024525168247794236
416	0.0002370053365652741
417	0.00022902988232801963
418	0.00022131666595764975
419	0.00021385730072058973
420	0.0002066436591313373
421	0.00019966786522835174
422	0.0001929222870509048
423	0.00018639952962494868
424	0.00018009242768121032
425	0.00017399403889082086
426	0.00016809763725496765
427	0.0001623967066600972
428	0.00015688493441672928
429	0.0001515562054064287
430	0.00014640459591998853
431	0.0001414243681100006
432	0.0001366099642410573
433	0.0001319560012576522
434	0.00012745726557557635
435	0.0001231087079097455
436	0.0001189054383254257
437	0.00011484272134216205
438	0.00011091597129668875
439	0.00010712074768391243
440	0.00010345275086436561
441	0.00009990781765549251
442	0.0000964819171951242
443	0.00009317114686586857
444	0.00008997172834140375
445	0.00008688000390993612
446	0.00008389243252547979
447	0.00008100558636989879
448	0.00007821614737770746
449	0.00007552090370732224
450	0.00007291674659481648
451	0.00007040066705265273
452	0.0000679697528496305
453	0.00006562118549531029
454	0.00006335223721265653
455	0.00006116026826519132
456	0.000059042724130002504
457	0.0000569971328433138
458	0.00005502110242795638
459	0.00005311231832918572
460	0.000051268541113800575
461	0.00004948760397232387
462	0.000047767410510824415
463	0.00004610593256579263
464	0.00004450120790680786
465	0.000042951338319258794
466	0.00004145448756253662
467	0.0000400088792226947
468	0.00003861279507515861
469	0.00003726457307226048
470	0.00003596260556917573
471	0.00003470533769412684
472	0.000033491265605800546
473	0.000032318934778127806
474	0.00003118693859698118
475	0.00003009391670885783
476	0.000029038553585030052
477	0.000028019577062029438
478	0.00002703575698155496
479	0.000026085903850814487
480	0.000025168867463108988
481	0.000024283535705157654
482	0.00002342883332863065
483	0.000022603720686108268
484	0.00002180719270113183
485	0.000021038277620200623
486	0.000020296036064390613
487	0.00001957955988545672
488	0.000018887971200514745
489	0.000018220421399267015
490	0.000017576090123952716
491	0.000016954184538535085
492	0.00001635393817393739
493	0.000015774610317457185
494	0.00001521548495782791
495	0.000014675870173224773
496	0.000014155097223196039
497	0.000013652519746525988
498	0.000013167513238851329
499	0.00001269947406282606
500	0.000012247818953045904
501	0.000011811984333297284
502	0.00001139142553002712
503	0.000010985616357997317
504	0.000010594048258320716
505	0.000010216230028012993
506	9.851686971507303e-6
507	9.49996045026453e-6
508	9.160607398371792e-6
509	8.833199781897192e-6
510	8.517324111585184e-6
511	8.212580833360775e-6
512	7.918584081892042e-6
513	7.634961093361632e-6
514	7.3613517614363365e-6
515	7.0974082497820365e-6
516	6.842794572928779e-6
517	6.5971862794276254e-6
518	6.360269880423161e-6
519	6.131742671426402e-6
520	5.911312323098183e-6
521	5.698696440808492e-6
522	5.493622341308341e-6
523	5.295826664866942e-6
524	5.105055092957547e-6
525	4.921062059486185e-6
526	4.7436103872770665e-6
527	4.572471100013068e-6
528	4.407423046282012e-6
529	4.2482527457515635e-6
530	4.094754001450323e-6
531	3.946727781200374e-6
532	3.803981910996632e-6
533	3.6663308088306173e-6
534	3.5335953521897824e-6
535	3.405602579752998e-6
536	3.2821855271133857e-6
537	3.1631830122542097e-6
538	3.048439440145389e-6
539	2.937804603448936e-6
540	2.8311334559732305e-6
541	2.7282860930382897e-6
542	2.6291273778449167e-6
543	2.5335268916925547e-6
544	2.4413587880028215e-6
545	2.3525015489850485e-6
546	2.266837951296169e-6
547	2.1842547931592585e-6
548	2.104642878516507e-6
549	2.0278967621105196e-6
550	1.953914705185951e-6
551	1.8825985342569502e-6
552	1.813853497414459e-6
553	1.7475882139672419e-6
554	1.683714406811192e-6
555	1.6221469675147833e-6
556	1.5628036843513704e-6
557	1.5056053524268713e-6
558	1.4504754495768842e-6
559	1.3973401710226408e-6
560	1.346128318338795e-6
561	1.2967711866459383e-6
562	1.2492024743478312e-6
563	1.2033582400430398e-6
564	1.159176809665998e-6
565	1.1165985845034634e-6
566	1.0755662380762546e-6
567	1.0360242775937606e-6
568	9.979193121022879e-7
569	9.611997822004034e-7
570	9.258159574102751e-7
571	8.917198345181383e-7
572	8.588652072948555e-7
573	8.272073904350585e-7
574	7.967033613715406e-7
575	7.673115807499978e-7
576	7.389919847013933e-7
577	7.117059766971555e-7
578	6.854162696236325e-7
579	6.600869505340411e-7
580	6.356833459238824e-7
581	6.121720605588068e-7
582	5.895208661305698e-7
583	5.676986639083227e-7
584	5.466754719220071e-7
585	5.26422386647194e-7
586	5.069115441290028e-7
587	4.881160805527106e-7
588	4.7001006702692764e-7
589	4.5256849417777133e-7
590	4.357673070343101e-7
591	4.195832372529941e-7
592	4.039938875788723e-7
593	3.8897763893530023e-7
594	3.7451370925831635e-7
595	3.6058198335732075e-7
596	3.471631218700642e-7
597	3.3423846659662714e-7
598	3.2178999610479736e-7
599	3.098004088699598e-7
600	2.982529505704345e-7
601	2.8713149661326464e-7
602	2.764205323657344e-7
603	2.6610508166684415e-7
604	2.561706604626591e-7
605	2.4660338472607796e-7
606	2.3738982086487034e-7
607	2.2851706759474645e-7
608	2.19972605395019e-7
609	2.1174445570901123e-7
610	2.0382102991757116e-7
611	1.9619118491389002e-7
612	1.88844097012138e-7
613	1.8176947323853225e-7
614	1.7495729501447e-7
615	1.683979251942868e-7
616	1.6208208519893826e-7
617	1.5600080579444142e-7
618	1.5014553447903922e-7
619	1.4450787679630858e-7
620	1.3907988656991692e-7
621	1.3385383296706946e-7
622	1.2882225506328928e-7
623	1.2397804300186567e-7
624	1.1931428264585507e-7
625	1.1482428371434758e-7
626	1.1050166081152984e-7
627	1.0634025645455772e-7
628	1.0233409003005161e-7
629	9.847741224653647e-8
630	9.476478635269239e-8
631	9.119079865366149e-8
632	8.775037761977457e-8
633	8.443853048173614e-8
634	8.125055681019289e-8
635	7.818183752794381e-8
636	7.522794231032761e-8
637	7.238468423830715e-8
638	6.964785455103631e-8
639	6.701362354685453e-8
640	6.44780883200762e-8
641	6.203764734964343e-8
642	5.968876123646001e-8
643	5.742800693231163e-8
644	5.5252105412500374e-8
645	5.3157922626654906e-8
646	5.1142443567821885e-8
647	4.92026655339933e-8
648	4.733584064987795e-8
649	4.553920789791159e-8
650	4.38101819951305e-8
651	4.2146246470641414e-8
652	4.054492719623713e-8
653	3.900395487948212e-8
654	3.7521022777388214e-8
655	3.609400321507207e-8
656	3.472078602758016e-8
657	3.3399360115446854e-8
658	3.212781400939697e-8
659	3.090425501951371e-8
660	2.9726890946377786e-8
661	2.8594030615721157e-8
662	2.750394844025426e-8
663	2.645507493667073e-8
664	2.5445888502038538e-8
665	2.4474861226174037e-8
666	2.354059534299488e-8
667	2.264168737991596e-8
668	2.1776810174212482e-8
669	2.0944713247431504e-8
670	2.0144141159509688e-8
671	1.937394302414066e-8
672	1.8632908719265408e-8
673	1.7920015302285716e-8
674	1.7234181042896113e-8
675	1.657437502368438e-8
676	1.593961738635067e-8
677	1.532897957191841e-8
678	1.4741557085695988e-8
679	1.417644216249773e-8
680	1.3632833837763477e-8
681	1.3109928259917555e-8
682	1.2606891221753404e-8
683	1.2122995875065204e-8
684	1.1657540407093014e-8
685	1.1209820594121737e-8
686	1.0779129855336679e-8
687	1.0364869717513527e-8
688	9.966439679380066e-9
689	9.583181997044425e-9
690	9.214547457233235e-9
691	8.859985064389333e-9
692	8.518969752408721e-9
693	8.190974807856273e-9
694	7.875499605178086e-9
695	7.57209741666182e-9
696	7.280264691992001e-9
697	6.999607364940581e-9
698	6.729702407742904e-9
699	6.4701255582820356e-9
700	6.2204791190890845e-9
701	5.980392045438114e-9
702	5.749492240765203e-9
703	5.527462185565883e-9
704	5.31392782680759e-9
705	5.108597605690222e-9
706	4.9111234792141355e-9
707	4.72121220975879e-9
708	4.5386254899529285e-9
709	4.363012889984548e-9
710	4.1941903994283385e-9
711	4.031806163047107e-9
712	3.875702789983886e-9
713	3.7255550062621594e-9
714	3.5812042964521857e-9
715	3.4424358538389004e-9
716	3.3089785083303674e-9
717	3.1806443247470937e-9
718	3.0572728605156996e-9
719	2.9386473721587165e-9
720	2.8245786199164707e-9
721	2.7149049204618917e-9
722	2.609492196731401e-9
723	2.508094134266789e-9
724	2.4106598885223433e-9
725	2.316970444218511e-9
726	2.2268624099755718e-9
727	2.1402841055743627e-9
728	2.057015590099149e-9
729	1.9769486531269887e-9
730	1.9000309002463703e-9
731	1.826041594155654e-9
732	1.7549278953279042e-9
733	1.686552687722093e-9
734	1.6208347243373379e-9
735	1.5576364924448356e-9
736	1.4969324893422798e-9
737	1.4385568064180508e-9
738	1.3824275159586897e-9
739	1.3284625470781865e-9
740	1.2766358299592323e-9
741	1.226780827828269e-9
742	1.1788712158827943e-9
743	1.1328244171079694e-9
744	1.0885577387353654e-9
745	1.0460164637244113e-9
746	1.0050896044900135e-9
747	9.658065189997354e-10
748	9.280279490764369e-10
749	8.917269099278915e-10
750	8.568201532645527e-10
751	8.232524496676639e-10
752	7.910247037790019e-10
753	7.600253562094677e-10
754	7.302551902446848e-10
755	7.016587304095755e-10
756	6.741242331651163e-10
757	6.477085382200691e-10
758	6.222998034625787e-10
759	5.978985682534464e-10
760	5.744210083984712e-10
761	5.518675844728255e-10
762	5.30182505174785e-10
763	5.093661613333473e-10
764	4.893626958085374e-10
765	4.701443298692892e-10
766	4.5165515120445735e-10
767	4.3389543487919286e-10
768	4.168373245393479e-10
769	4.004529414475713e-10
770	3.8468628577080183e-10
771	3.695375434684108e-10
772	3.550068770162417e-10
773	3.4101014097179396e-10
774	3.27575563860288e-10
775	3.1467516402151757e-10
776	3.0228094902456785e-10
777	2.903649174555349e-10
778	2.788990606990577e-10
779	2.6791152214578856e-10
780	2.5734618892669726e-10
781	2.4717503002851034e-10
782	2.374261499293477e-10
783	2.280714942060209e-10
784	2.1905494817361593e-10
785	2.1040458496544876e-10
786	2.0209234380746152e-10
787	1.9409016841220475e-10
788	1.8642609459069643e-10
789	1.7904401314922578e-10
790	1.71999974992254e-10
791	1.651818116817337e-10
792	1.5864556356846925e-10
793	1.5236316740947162e-10
794	1.463345838898737e-10
795	1.4055976452649836e-10
796	1.3498265240758437e-10
797	1.2963121125021265e-10
798	1.2450538520457157e-10
799	1.1954914903059918e-10
800	1.1481841870851562e-10
801	1.1025718087388506e-10
802	1.0589335062782052e-10
803	1.0169890237380803e-10
804	9.764583279289217e-11
805	9.376203899931025e-11
806	9.00474519556938e-11
807	8.647407386915693e-11
808	8.304184772458884e-11
809	7.975071157092091e-11
810	7.657270009049624e-11
811	7.353565684096786e-11
812	7.061162423870146e-11
813	6.780054751416178e-11
814	6.510236799440566e-11
815	6.251702311552724e-11
816	6.001660104495586e-11
817	5.762889566070241e-11
818	5.535383327504748e-11
819	5.313570290902942e-11
820	5.103009613251505e-11
821	4.89813350508081e-11
822	4.704496601353443e-11
823	4.516534550008669e-11
824	4.334244178640084e-11
825	4.1631731589825996e-11
826	3.997762581950921e-11
827	3.83800861164914e-11
828	3.683907223310503e-11
829	3.538225309295432e-11
830	3.395415116939985e-11
831	3.2610130976989964e-11
832	3.129475690794658e-11
833	3.006334350020323e-11
834	2.8832845832403308e-11
835	2.7713844397377046e-11
836	2.659569866393032e-11
837	2.5533657074798594e-11
838	2.450005840075951e-11
839	2.3522470928801102e-11
840	2.2573255927679795e-11
841	2.1679953427000108e-11
842	2.0814947807534252e-11
843	1.9978212676728845e-11
844	1.9169720737065052e-11
845	1.8389443789224857e-11
846	1.7664849383499878e-11
847	1.6968382999860728e-11
848	1.627254469412966e-11
849	1.5632253738103788e-11
850	1.4992554308401663e-11
851	1.4408306999316012e-11
852	1.3824611716860394e-11
853	1.3268873193488023e-11
854	1.274105526611049e-11
855	1.2213754882362325e-11
856	1.1714330621267498e-11
857	1.1270079579867486e-11
858	1.0826276201988144e-11
859	1.0382926963204123e-11
860	9.940038326610595e-12
861	9.552161871779154e-12
862	9.164694651327524e-12
863	8.804882558627252e-12
864	8.445458197966909e-12
865	8.113634212664254e-12
866	7.782175040887525e-12
867	7.451085411254832e-12
868	7.174684516660963e-12
869	6.898594510162355e-12
870	6.622819280333196e-12
871	6.347362708241958e-12
872	6.07222866703568e-12
873	5.851562603141489e-12
874	5.604102929427881e-12
875	5.3569414435399464e-12
876	5.1641162326149805e-12
877	4.944524502727172e-12
878	4.752185581742654e-12
879	4.560084779950992e-12
880	4.368224724939035e-12
881	4.203533619538546e-12
882	4.0390510222612474e-12
883	3.8747791563090815e-12
884	3.7107202403473765e-12
885	3.5468764882537852e-12
886	3.4100807124667903e-12
887	3.2734657556888686e-12
888	3.163825155672599e-12
889	3.0007855677618777e-12
890	2.8914762919413027e-12
891	2.782315318566274e-12
892	2.6733040746557053e-12
893	2.5644439844342944e-12
894	2.4557364691558238e-12
895	2.347182946932919e-12
896	2.265416005348753e-12
897	2.1837646340280986e-12
898	2.0756400727948183e-12
899	1.994243833033344e-12
900	1.9129664036431684e-12
901	1.8318088196469695e-12
902	1.7507721137572009e-12
903	1.69634157119919e-12
904	1.641991026793399e-12
905	1.5612799510286849e-12
906	1.4806936220522428e-12
907	1.426630728375586e-12
908	1.3726507364796647e-12
909	1.3187543098283287e-12
910	1.2649421105624492e-12
911	1.211214799408523e-12
912	1.1575730355906713e-12
913	1.1040174767459237e-12
914	1.0767904188386308e-12
915	1.0233864861415682e-12
916	9.9626663378452e-13
917	9.430164830835106e-13
918	8.898555735507729e-13
919	8.890380693599204e-13
920	8.360109553037672e-13
921	7.83074795754945e-13
922	7.823432011447211e-13
923	7.295435818709868e-13
924	7.028456982898292e-13
925	6.761933731805123e-13
926	6.495869130230979e-13
927	6.230266236835219e-13
928	5.96512810366288e-13
929	5.700457775689407e-13
930	5.694900933791036e-13
931	5.17253267728196e-13
932	5.16743529421537e-13
933	4.904419239230103e-13
934	4.641885041231677e-13
935	4.637242159708382e-13
936	4.118274200806433e-13
937	4.114108180473437e-13
938	4.1099310397752e-13
939	3.84934393535071e-13
940	3.589254477561272e-13
941	3.58555428763495e-13
942	3.326212401358097e-13
943	3.067375949530592e-13
944	3.0641638668405055e-13
945	3.0609439135827887e-13
946	2.8031200840113674e-13
947	2.5458112843191895e-13
948	2.5430922106726556e-13
949	2.540366864894389e-13
950	2.53763515975975e-13
951	2.28161866505419e-13
952	2.0261285205137723e-13
953	2.0239120592318038e-13
954	2.021690855626291e-13
955	2.0194648364395695e-13
956	2.017233932561984e-13
957	1.76333269646799e-13
958	1.7613639769414025e-13
959	1.5082709677818583e-13
960	1.5065679347287052e-13
961	1.5048615807109042e-13
962	1.5031518491141893e-13
963	1.5014386864957658e-13
964	1.4997220424644285e-13
965	1.2485395818896622e-13
966	1.2470953343135051e-13
967	9.967459778813311e-14
968	9.955775429090547e-14
969	9.944071944911845e-14
970	9.932348890022208e-14
971	9.920605851504668e-14
972	9.908842438897006e-14
973	9.897058283341427e-14
974	9.88525303676609e-14
975	9.873426371097119e-14
976	9.861577977500146e-14
977	7.389207231043827e-14
978	7.3802142567194e-14
979	7.371207164401925e-14
980	7.362185669137387e-14
981	4.9042984652978407e-14
982	4.89818053703637e-14
983	4.892055688057484e-14
984	4.8859236474960206e-14
985	4.879784158123577e-14
986	4.8736369758313775e-14
987	4.867481869132515e-14
988	4.861318618682801e-14
989	4.85514701681965e-14
990	4.848966867118095e-14
991	4.842777983963605e-14
992	4.83658019214075e-14
993	4.830373326437392e-14
994	4.824157231263673e-14
995	4.81793176028523e-14
996	4.811696776070262e-14
997	4.805452149749724e-14
998	4.799197760690287e-14
999	4.792933496179639e-14
1000	2.3949037474062463e-14