1	146.03521151563623
2	285.0536407229086
3	417.2304711662459
4	542.7425880711398
5	661.7680568218507
6	774.4856412662807
7	881.0743596127991
8	981.7130757877724
9	1076.5801242224968
10	1165.8529661342545
11	1249.7078754584597
12	1328.319652677417
13	1401.8613648762118
14	1470.5041104377751
15	1534.416806867378
16	1593.7660003117608
17	1648.715695409903
18	1699.427204181293
19	1746.0590127233745
20	1788.766664552935
21	1827.7026594865388
22	1863.0163670127633
23	1894.8539531642255
24	1923.3583199500426
25	1948.6690564598125
26	1970.922400798226
27	1990.251212055414
28	2006.7849515619137
29	2020.649672718943
30	2031.9680187345646
31	2040.8592276342845
32	2047.4391439508447
33	2051.8202365324687
34	2054.1116219416294
35	2054.4190929476654
36	2052.8451516462933
37	2049.4890467673517
38	2044.4468147589503
39	2037.8113242617455
40	2029.6723236113323
41	2020.1164910297284
42	2009.227487188815
43	1997.0860098492585
44	1983.7698502981793
45	1969.3539513273477
46	1953.9104665114019
47	1937.5088205622596
48	1920.2157705516659
49	1902.095467808809
50	1883.2095203140525
51	1863.6170554231403
52	1843.374782768936
53	1822.5370571995177
54	1801.1559416228115
55	1779.281269638422
56	1756.9607078473575
57	1734.2398177396603
58	1711.162117068875
59	1687.7691406304807
60	1664.1005003693106
61	1640.1939447482584
62	1616.0854173174082
63	1591.8091144292744
64	1567.3975420517095
65	1542.8815716358686
66	1518.2904950017019
67	1493.6520782085454
68	1468.992614382867
69	1444.3369754795326
70	1419.7086629570183
71	1395.1298573505599
72	1370.6214667308382
73	1346.2031740388622
74	1321.8934832907412
75	1297.7097646487255
76	1273.6682983574783
77	1249.784317546786
78	1226.0720499040985
79	1202.5447582222569
80	1179.2147798295034
81	1156.0935649105866
82	1133.1917137291568
83	1110.519012763121
84	1088.0844697657078
85	1065.8963477662292
86	1043.9621980253764
87	1022.2888919608876
88	1000.8826520600829
89	979.7490817965414
90	958.8931945687357
91	938.3194416789378
92	918.0317393712169
93	898.0334949476213
94	878.3276319820251
95	858.9166146512739
96	839.8024712035115
97	820.9868165836612
98	802.4708742361179
99	784.2554971047565
100	766.3411878503251
101	748.7281183052845
102	731.4161481860287
103	714.4048430823497
104	697.6934917438397
105	681.2811226827579
106	665.166520112718
107	649.3482392422927
108	633.8246209424408
109	618.5938058063691
110	603.6537476202315
111	589.002226262689
112	574.6368600511432
113	560.5551175521376
114	546.7543288730348
115	533.2316964518491
116	519.984305361708
117	507.0091331461311
118	494.3030592009215
119	481.8628737181722
120	469.6852862075004
121	457.76693360930886
122	446.1043880144784
123	434.69416400457925
124	423.53272562635834
125	412.6164930138231
126	401.941848671011
127	391.5051434280908
128	381.3027020831626
129	371.33082874175085
130	361.58581186565334
131	352.06392904249503
132	342.7614514869917
133	333.6746482845891
134	324.7997903878801
135	316.1331543758199
136	307.67102598550514
137	299.40970342594454
138	291.34550048297854
139	283.4747494241867
140	275.79380371237255
141	268.2990405358776
142	260.9868631637784
143	253.85370313367434
144	246.8960222795762
145	240.11031460711425
146	233.49310802302043
147	227.04096592566233
148	220.75048866307142
149	214.61831486478323
150	208.6411226534672
151	202.81563074221978
152	197.13859942307403
153	191.60683145216976
154	186.21717283672325
155	180.96651352883868
156	175.85178803093285
157	170.86997591741405
158	166.0181022770328
159	161.29323808019987
160	156.6925004753134
161	152.21305301808852
162	147.85210583760997
163	143.60691574275276
164	139.47478627242353
165	135.45306769295578
166	131.5391569458322
167	127.73049754879692
168	124.02457945326026
169	120.41893886079072
170	116.91115800137703
171	113.49886487598786
172	110.17973296589375
173	106.95148091106137
174	103.81187215984049
175	100.75871459207796
176	97.78986011768416
177	94.90320425254693
178	92.0966856736666
179	89.36828575524648
180	86.71602808738218
181	84.13797797897783
182	81.63224194633489
183	79.19696718889527
184	76.83034105345669
185	74.53059048816725
186	72.29598148751153
187	70.12481852943505
188	68.01544400572823
189	65.96623764665813
190	63.975615940879365
191	62.04203155150234
192	60.16397272921848
193	58.33996272328513
194	56.56855919114848
195	54.84835360745619
196	53.17797067309089
197	51.55606772491858
198	49.981334146829845
199	48.45249078262088
200	46.96828935128081
201	45.52751186514913
202	44.12897005138745
203	42.77150477724748
204	41.45398547945105
205	40.17530959812847
206	38.93440201560164
207	37.73021450034857
208	36.56172515640572
209	35.42793787853645
210	34.327881813329945
211	33.26061082651257
212	32.225202976623
213	31.22075999526408
214	30.24640677409245
215	29.30129085865389
216	28.384581949229645
217	27.49547140880455
218	26.633171778220188
219	25.796916298623152
220	24.98595844128268
221	24.199571444818226
222	23.4370478598753
223	22.697699101318577
224	21.98085500792619
225	21.285863409631265
226	20.61208970228101
227	19.95891642994967
228	19.325742874758856
229	18.71198465420637
230	18.117073325961183
231	17.540456000111732
232	16.981594958795068
233	16.439967283202645
234	15.915064487883962
235	15.406392162287835
236	14.913469619501077
237	14.435829552113201
238	13.973017695135178
239	13.524592495891483
240	13.090124790834917
241	12.66919748918008
242	12.261405263289918
243	11.866354245727884
244	11.483661732883304
245	11.112955895095865
246	10.753875493185515
247	10.406069601278332
248	10.069197335875193
249	9.74292759102037
250	9.426938779528983
251	9.120918580134326
252	8.8245636904747
253	8.53757958584614
254	8.259680283574731
255	7.990588112965145
256	7.730033490695327
257	7.477754701565215
258	7.233497684518835
259	6.997015823818268
260	6.768069745293433
261	6.546427117578746
262	6.33186245819818
263	6.124156944454536
264	5.923098229024084
265	5.728480260101042
266	5.540103106095271
267	5.357772784712411
268	5.181301096365347
269	5.010505461826041
270	4.8452087639942345
271	4.6852391937519045
272	4.530430099772116
273	4.380619842204699
274	4.235651650164145
275	4.095373482945448
276	3.959637894843028
277	3.8283019035525423
278	3.7012268620144217
279	3.578278333672638
280	3.4593259710329836
281	3.344243397463441
282	3.232908092163233
283	3.1252012782014162
284	3.0210078136096254
285	2.9202160853674415
286	2.8227179063110364
287	2.728408414820758
288	2.63718597724881
289	2.5489520930316134
290	2.4636113023935167
291	2.381071096603287
292	2.3012418307039777
293	2.224036638669208
294	2.1493713509078045
295	2.077164414081507
296	2.00733681314803
297	1.9398119955947526
298	1.8745157978141505
299	1.81137637353094
300	1.750324124274663
301	1.6912916318007076
302	1.6342135924485448
303	1.5790267533551634
304	1.525669850494454
305	1.4740835484910695
306	1.4242103821601078
307	1.3759946997149983
308	1.3293826076381958
309	1.2843219171107556
310	1.2407620920203835
311	1.1986541984554437
312	1.1579508556910298
313	1.1186061885828247
314	1.0805757813527226
315	1.043816632747231
316	1.008287112477492
317	0.9739469189670029
318	0.940757038333638
319	0.9086797045723843
320	0.8776783609334469
321	0.8477176224249323
322	0.8187632394514635
323	0.7907820625013152
324	0.763742007906855
325	0.7376120246394001
326	0.712362062059563
327	0.6879630386713405
328	0.6643868117778594
329	0.6416061480835787
330	0.6195946951563602
331	0.5983269537678385
332	0.5777782510482155
333	0.5579247144706162
334	0.538743246629757
335	0.520211500758959
336	0.5023078570163718
337	0.48501139949028654
338	0.4683018938848807
339	0.45215976592455964
340	0.43656608038119976
341	0.4215025207738445
342	0.4069513696617065
343	0.39289548958646336
344	0.3793183045451561
345	0.3662037820905303
346	0.3535364159369912
347	0.3413012091318079
348	0.3294836577506816
349	0.31806973507412295
350	0.30704587627215363
351	0.29639896357142703
352	0.2861163118634381
353	0.27618565478404405
354	0.2665951312036796
355	0.25733327217642715
356	0.24838898823994437
357	0.2397515571807266
358	0.2314106121223523
359	0.22335613004903904
360	0.2155784206153163
361	0.20806811538387474
362	0.20081615735656028
363	0.19381379083513883
364	0.18705255164694987
365	0.180524257615563
366	0.17422099939009641
367	0.16813513152207898
368	0.1622592638637108
369	0.1565862532096784
370	0.15110919522579325
371	0.14582141660868433
372	0.14071646753495415
373	0.135788114312941
374	0.13103033229132496
375	0.12643729899274514
376	0.12200338746131131
377	0.11772315981653138
378	0.11359136104086302
379	0.10960291294108333
380	0.10575290831024416
381	0.10203660528418428
382	0.09844942187667133
383	0.0949869306867357
384	0.09164485378726336
385	0.08841905776478808
386	0.0853055489329605
387	0.08230046869130299
388	0.07940008904572242
389	0.07660080825614002
390	0.07389914664918987
391	0.0712917425453468
392	0.06877534833634341
393	0.06634682667769629
394	0.06400314681236159
395	0.061741380999886464
396	0.05955870110683904
397	0.057452375233168894
398	0.055419764525662586
399	0.05345832005096145
400	0.051565579777608686
401	0.0497391656749745
402	0.04797678087857276
403	0.046276206979536355
404	0.044635301379549304
405	0.0430519947488883
406	0.041524288544614485
407	0.040050252661088324
408	0.03862802308256811
409	0.03725579968291087
410	0.03593184406427885
411	0.03465447747039449
412	0.03342207877349278
413	0.03223308252589423
414	0.031085977077250943
415	0.02997930274823833
416	0.0289116500842677
417	0.027881658136795145
418	0.02688801283063083
419	0.02592944536676508
420	0.02500473069242994
421	0.02411268600826804
422	0.023252169323644163
423	0.02242207809622237
424	0.021621347861095392
425	0.020848950943478602
426	0.020103895210094116
427	0.019385222859859438
428	0.01869200923143578
429	0.01802336170147739
430	0.01737841856329218
431	0.016756347995368567
432	0.016156347021772034
433	0.015577640525728508
434	0.015019480304415384
435	0.014481144142239288
436	0.0139619349241464
437	0.013461179768274722
438	0.012978229201681542
439	0.012512456345628692
440	0.01206325615545237
441	0.011630044658002115
442	0.011212258231673444
443	0.010809352903862115
444	0.010420803672559487
445	0.01004610386962884
446	0.009684764501709886
447	0.009336313659146655
448	0.00900029592895915
449	0.0086762718098206
450	0.008363817178933593
451	0.008062522748535743
452	0.007771993561939054
453	0.007491848496959587
454	0.007221719774702457
455	0.006961252515249857
456	0.00671010428182987
457	0.006467944650583411
458	0.006234454795294764
459	0.006009327078518957
460	0.005792264677770696
461	0.005582981194397069
462	0.005381200300065133
463	0.0051866553904110855
464	0.004999089230508169
465	0.004818253647402853
466	0.004643909212646601
467	0.004475824916981955
468	0.004313777905988209
469	0.004157553177248505
470	0.004006943307731589
471	0.0038617482005681362
472	0.003721774822412623
473	0.003586836946983746
474	0.0034567549362244923
475	0.0033313554966887616
476	0.0032104714625880455
477	0.0030939415788003256
478	0.0029816102973763527
479	0.002873327578679052
480	0.0027689486904506353
481	0.002668334029680588
482	0.0025713489426111187
483	0.002477863542882802
484	0.0023877525573353445
485	0.002300895149735013
486	0.0022171747791453643
487	0.002136479038582672
488	0.0020586995148707283
489	0.0019837316470569318
490	0.001911474583391591
491	0.0018418310712486137
492	0.001774707302288485
493	0.001710012818159485
494	0.0016476603691742378
495	0.0015875658223029215
496	0.001529648038208516
497	0.0014738287609395947
498	0.0014200325389176905
499	0.0013681865964486882
500	0.0013182207596826572
501	0.0012700673632190615
502	0.001223661146488511
503	0.0011789391910570072
504	0.0011358408106342842
505	0.0010943075054285958
506	0.0010542828552044903
507	0.001015712455828929
508	0.0009785438528343061
509	0.0009427264696304305
510	0.0009082115420741142
511	0.0008749520406354123
512	0.0008429026318930541
513	0.0008120196042240855
514	0.0007822608093403335
515	0.0007535856103605044
516	0.0007259548270084313
517	0.0006993306921465644
518	0.000673676781756484
519	0.000648957987087476
520	0.0006251404626952411
521	0.0006021915716119515
522	0.000580079853883886
523	0.0005587749780600995
524	0.0005382477042001012
525	0.000518469846527052
526	0.0004994142285288846
527	0.00048105465686922657
528	0.00046336587579323235
529	0.00044632354520979386
530	0.00042990419443374736
531	0.00041408520449549976
532	0.0003988447709219405
533	0.00038416187102475156
534	0.0003700162454345138
535	0.0003563883624599812
536	0.0003432593967118859
537	0.0003306112026560237
538	0.0003184262903611087
539	0.0003066878010238419
540	0.00029537947982912995
541	0.00028448567057683534
542	0.0002739912735081763
543	0.00026388173710073667
544	0.0002541430399521234
545	0.00024476166266660363
546	0.0002357245816466591
547	0.00022701923817320603
548	0.0002186335343610844
549	0.0002105558043605036
550	0.00020277480757399514
551	0.00019527971189522384
552	0.00018806007679981608
553	0.00018110584621633828
554	0.00017440731895719015
555	0.00016795515374381682
556	0.00016174033937267914
557	0.00015575420454989072
558	0.0001499883828284355
559	0.00014443481477498737
560	0.0001390857351154407
561	0.00013393365976966496
562	0.00012897137528508713
563	0.00012419193320319135
564	0.00011958863933906823
565	0.00011515503289370958
566	0.00011088490574951981
567	0.00010677225624742241
568	0.00010281131592460005
569	0.00009899652075378143
570	0.0000953225100363822
571	0.0000917841151285505
572	0.00008837636585628191
573	0.0000850944613618215
574	0.00008193378401635155
575	0.00007888988028274925
576	0.00007595845929808434
577	0.0000731353914375471
578	0.0000704166915086838
579	0.00006779852487118854
580	0.00006527719307610277
581	0.00006284913736861942
582	0.000060510926784531926
583	0.00005825925387622026
584	0.00005609093297867122
585	0.000054002895877082394
586	0.00005199218743764021
587	0.00005005596120148048
588	0.00004819147235272479
589	0.00004639607581570652
590	0.00004466722952421767
591	0.0000430024769227026
592	0.00004139945535239491
593	0.00003985588626158533
594	0.00003836958098721235
595	0.00003693842307836469
596	0.00003556037924068636
597	0.00003423348942099252
598	0.00003295586205782902
599	0.000031725682409084934
600	0.00003054119467642386
601	0.000029400710289991442
602	0.00002830260572039497
603	0.000027245315002305233
604	0.000026227324841025144
605	0.00002524718552900106
606	0.000024303495494000953
607	0.00002339490956222579
608	0.00002252012342385648
609	0.000021677889828633855
610	0.000020867003014660822
611	0.000020086304302790144
612	0.000019334669090039767
613	0.000018611028403790444
614	0.00001791434256726512
615	0.000017243612085257215
616	0.000016597875229467908
617	0.000015976202927665984
618	0.00001537770970137611
619	0.00001480152710191403
620	0.00001424683338970243
621	0.000013712829614461101
622	0.000013198745154412779
623	0.000012703845988348372
624	0.000012227418729722382
625	0.000011768773466616154
626	0.000011327252030726736
627	0.000010902220071008327
628	0.00001049306178371626
629	0.000010099185463808474
630	9.72003181061576e-6
631	9.355044199713035e-6
632	9.0037013978114e-6
633	8.665490509381553e-6
634	8.339928876294035e-6
635	8.026542398420126e-6
636	7.724876538508188e-6
637	7.434501922491592e-6
638	7.15498707203025e-6
639	6.885939580977582e-6
640	6.62695962612787e-6
641	6.377678453627526e-6
642	6.137733774039637e-6
643	5.906775322886963e-6
644	5.684467697502851e-6
645	5.470490448784081e-6
646	5.264535406440802e-6
647	5.066295677222213e-6
648	4.875490613771109e-6
649	4.6918382107834445e-6
650	4.515074556146496e-6
651	4.3449428108145736e-6
652	4.181190469842642e-6
653	4.023586120400912e-6
654	3.871894445438718e-6
655	3.7258985605615172e-6
656	3.5853833386008868e-6
657	3.4501438253159927e-6
658	3.3199853005545686e-6
659	3.1947149206732785e-6
660	3.0741501617511946e-6
661	2.95811888074691e-6
662	2.846445299570314e-6
663	2.738969719131775e-6
664	2.6355373249420915e-6
665	2.535992568524675e-6
666	2.4401933056487956e-6
667	2.347996719264853e-6
668	2.2592678207895667e-6
669	2.173879495969382e-6
670	2.0917040311405348e-6
671	2.0126244849410713e-6
672	1.9365176735769104e-6
673	1.8632797815939258e-6
674	1.792800800038081e-6
675	1.7249759165005856e-6
676	1.6597055456935244e-6
677	1.5968953600237642e-6
678	1.536453455854342e-6
679	1.478287501434398e-6
680	1.4223162186017622e-6
681	1.3684579499990327e-6
682	1.3166277825635577e-6
683	1.2667519301954865e-6
684	1.2187591469519857e-6
685	1.1725778566453209e-6
686	1.1281361528627144e-6
687	1.0853733661861649e-6
688	1.0442285458739955e-6
689	1.0046346640655367e-6
690	9.665359910269115e-7
691	9.298765401847292e-7
692	8.946029752103294e-7
693	8.606617151845844e-7
694	8.280018477880968e-7
695	7.965780608066195e-7
696	7.663389955704716e-7
697	7.372447504165662e-7
698	7.092523148498229e-7
699	6.823184827315007e-7
700	6.564027837795856e-7
701	6.314674988438409e-7
702	6.074747375947515e-7
703	5.843923198100604e-7
704	5.621820311571764e-7
705	5.408143263821355e-7
706	5.202536261531665e-7
707	5.004700979173805e-7
708	4.814396864154556e-7
709	4.6312639058744935e-7
710	4.4551182243178035e-7
711	4.2855971811221133e-7
712	4.1225443155067537e-7
713	3.965624164729322e-7
714	3.81467825089902e-7
715	3.6694878176091226e-7
716	3.5297735252743874e-7
717	3.3953443124699984e-7
718	3.266038125853567e-7
719	3.141632390265945e-7
720	3.0219334779403775e-7
721	2.9067768609612376e-7
722	2.796027263683343e-7
723	2.689428735381648e-7
724	2.586934551693764e-7
725	2.488317281522511e-7
726	2.3934087320198185e-7
727	2.3021605286352092e-7
728	2.2143430423714388e-7
729	2.1298464627454758e-7
730	2.0486209485499143e-7
731	1.970434856598542e-7
732	1.8952373075380567e-7
733	1.822886216028002e-7
734	1.7532995880679282e-7
735	1.686334300777632e-7
736	1.621968267536852e-7
737	1.5600270688468337e-7
738	1.500426970956806e-7
739	1.4430838738211784e-7
740	1.3879743774093513e-7
741	1.3349221411393932e-7
742	1.2839030631608882e-7
743	1.2348316701858543e-7
744	1.1876221230262202e-7
745	1.1422189016986555e-7
746	1.0985048112158405e-7
747	1.0565158982070158e-7
748	1.0161036729195515e-7
749	9.772422630670556e-8
750	9.39844000195593e-8
751	9.038517176945752e-8
752	8.692698000884573e-8
753	8.359789195416682e-8
754	8.039830944199803e-8
755	7.732243651202795e-8
756	7.435824908473505e-8
757	7.151230393982358e-8
758	6.877253436307423e-8
759	6.613926894164135e-8
760	6.360349416656472e-8
761	6.116551117873637e-8
762	5.881938091380888e-8
763	5.656538617211102e-8
764	5.4397557438998406e-8
765	5.231303004222914e-8
766	5.0305794953362245e-8
767	4.837608925163205e-8
768	4.6521011722045735e-8
769	4.4737648976247804e-8
770	4.301993118463265e-8
771	4.13680588492739e-8
772	3.9782232408686806e-8
773	3.825319221042217e-8
774	3.678426772711114e-8
775	3.537248168953846e-8
776	3.40148446835486e-8
777	3.270835515503634e-8
778	3.144999941505795e-8
779	3.024309457597209e-8
780	2.908144632137163e-8
781	2.7962013638975606e-8
782	2.688810443660645e-8
783	2.5856671571843813e-8
784	2.4861469237800725e-8
785	2.390579615697032e-8
786	2.2986577908586488e-8
787	2.210072797183391e-8
788	2.1251544945950326e-8
789	2.043273458305277e-8
790	1.9650797022746732e-8
791	1.8893010605139292e-8
792	1.8165869374767464e-8
793	1.7466250439106498e-8
794	1.6794235503441877e-8
795	1.6149906239334833e-8
796	1.5526898912969156e-8
797	1.4928502779708384e-8
798	1.4354790393738454e-8
799	1.3799370872260022e-8
800	1.3268768094787459e-8
801	1.2756579103462535e-8
802	1.2266099025514471e-8
803	1.1794147541744762e-8
804	1.133753229953936e-8
805	1.0899548352985178e-8
806	1.0480250017912413e-8
807	1.0076435870242352e-8
808	9.688151180857068e-9
809	9.315441199256761e-9
810	8.955086447992947e-9
811	8.610390847462111e-9
812	8.278128888620175e-9
813	7.958336753956893e-9
814	7.651050608121236e-9
815	7.356306597649161e-9
816	7.0708581867225166e-9
817	6.798018168692655e-9
818	6.537822636800766e-9
819	6.28372440224178e-9
820	6.042330833100211e-9
821	5.807082759334752e-9
822	5.584599469740127e-9
823	5.368309819517684e-9
824	5.158231892161376e-9
825	4.961002844951863e-9
826	4.770033586202528e-9
827	4.585342165043054e-9
828	4.40694662073255e-9
829	4.238186445250703e-9
830	4.0724397100798025e-9
831	3.9163703253566e-9
832	3.763344430428912e-9
833	3.620037821815577e-9
834	3.476468372096855e-9
835	3.3459934667888463e-9
836	3.215279748414114e-9
837	3.0910178481179868e-9
838	2.9698774746253026e-9
839	2.8552188421713328e-9
840	2.74370570337587e-9
841	2.6387041929636163e-9
842	2.536872111221756e-9
843	2.438218448765461e-9
844	2.3427521906416072e-9
845	2.2504823162564124e-9
846	2.1647897459476784e-9
847	2.082317421046499e-9
848	1.9996964346586126e-9
849	1.923688512927194e-9
850	1.8475439158227306e-9
851	1.778036188551372e-9
852	1.7084037521632628e-9
853	1.6420393183476907e-9
854	1.5789518124281043e-9
855	1.5157516071491874e-9
856	1.4558402617470651e-9
857	1.402631130235993e-9
858	1.3493271739525756e-9
859	1.2959284471225691e-9
860	1.2424350044529483e-9
861	1.1956793545874853e-9
862	1.148840869855697e-9
863	1.1053417096033441e-9
864	1.061765692618075e-9
865	1.0215408542522665e-9
866	9.812451265087706e-10
867	9.408785523106568e-10
868	9.073147717010154e-10
869	8.736919666760127e-10
870	8.400101735677795e-10
871	8.062694290133184e-10
872	7.724697699549321e-10
873	7.455141423662554e-10
874	7.15057002589667e-10
875	6.845469102781646e-10
876	6.609043641481371e-10
877	6.337574717583189e-10
878	6.100296489749604e-10
879	5.862606904151001e-10
880	5.624506231842965e-10
881	5.420743099238878e-10
882	5.216627758896478e-10
883	5.01216044690701e-10
884	4.807341401215964e-10
885	4.602170861625182e-10
886	4.4315431100313323e-10
887	4.2606225403997004e-10
888	4.1243615722150635e-10
889	3.9179037596597104e-10
890	3.781116294814976e-10
891	3.644094908449862e-10
892	3.50683976600501e-10
893	3.3693510341665646e-10
894	3.231628880867347e-10
895	3.093673475288007e-10
896	2.9906693329516843e-10
897	2.8874901800138217e-10
898	2.748893914769592e-10
899	2.645336205748414e-10
900	2.541603887999306e-10
901	2.43769709238919e-10
902	2.3336159507254113e-10
903	2.264747271879589e-10
904	2.1957621998784757e-10
905	2.0912164756985255e-10
906	1.9864969108813138e-10
907	1.9171055972945237e-10
908	1.8475982779575483e-10
909	1.7779750435648476e-10
910	1.708235985440622e-10
911	1.638381195539209e-10
912	1.568410766445467e-10
913	1.4983247913751462e-10
914	1.4638264482796278e-10
915	1.3935383314118487e-10
916	1.358895339262637e-10
917	1.2884053952583466e-10
918	1.2178003477033818e-10
919	1.2187728117879255e-10
920	1.1479950186382679e-10
921	1.0771023807827925e-10
922	1.0779589251564229e-10
923	1.0068939633338313e-10
924	9.717034365701432e-11
925	9.364554297498097e-11
926	9.011499922461328e-11
927	8.657871737494965e-11
928	8.303670242674765e-11
929	7.948895941249393e-11
930	7.955146927243373e-11
931	7.237630947448067e-11
932	7.243306607833987e-11
933	6.88652978143848e-11
934	6.529182533965462e-11
935	6.534280997919608e-11
936	5.812778865001663e-11
937	5.817305062468604e-11
938	5.821828355608383e-11
939	5.462201935968065e-11
940	5.1020079057665697e-11
941	5.105958096614036e-11
942	4.744912437243258e-11
943	4.383300608341227e-11
944	4.38667980834498e-11
945	4.3900567633089606e-11
946	4.027312175050251e-11
947	3.664003249958363e-11
948	3.666811718786987e-11
949	3.669618284944743e-11
950	3.6724229404817774e-11
951	3.307703109704027e-11
952	2.9424211903182233e-11
953	2.944660291104677e-11
954	2.94689783796126e-11
955	2.949133824531586e-11
956	2.951368244460192e-11
957	2.5844009549685378e-11
958	2.586353314103534e-11
959	2.2185465306423742e-11
960	2.220217598013515e-11
961	2.2218874665827238e-11
962	2.223556131588725e-11
963	2.225223588271322e-11
964	2.2268898318714504e-11
965	1.8571290480260296e-11
966	1.8585155506616998e-11
967	1.4879208244030168e-11
968	1.4890283868724662e-11
969	1.4901351247693153e-11
970	1.4912410349261393e-11
971	1.4923461141765215e-11
972	1.493450359355084e-11
973	1.4945537672975253e-11
974	1.4956563348406534e-11
975	1.496758058822422e-11
976	1.4978589360819672e-11
977	1.124219222594727e-11
978	1.1250436033477703e-11
979	1.125867341952767e-11
980	1.1266904360428655e-11
981	7.516752555014858e-12
982	7.522231208107067e-12
983	7.527705517137511e-12
984	7.533175466355231e-12
985	7.538641040016712e-12
986	7.544102222386036e-12
987	7.549558997735055e-12
988	7.555011350343555e-12
989	7.560459264499424e-12
990	7.565902724498805e-12
991	7.57134171464629e-12
992	7.576776219255044e-12
993	7.582206222647003e-12
994	7.58763170915302e-12
995	7.593052663113006e-12
996	7.598469068876148e-12
997	7.603880910801017e-12
998	7.609288173255756e-12
999	7.614690840618213e-12
1000	3.810044448638067e-12