1	72.63148492192434
2	141.0980320006234
3	205.53873174013626
4	266.09156609132054
5	322.8931458388465
6	376.0784748679278
7	425.7807395021273
8	472.13112120287855
9	515.2586310160236
10	555.2899642408696
11	592.3493738831874
12	626.5585615353773
13	658.0365844048865
14	686.8997772860137
15	713.2616883406774
16	737.2330276206571
17	758.9216273274193
18	778.43241286605
19	795.8673838071426
20	811.3256039249168
21	824.903199531432
22	836.6933653756963
23	846.7863774228356
24	855.2696118723875
25	862.2275698163933
26	867.7419069772678
27	871.891468002686
28	874.7523248298857
29	876.3978186650471
30	876.89860515482
31	876.3227023567118
32	874.7355411430309
33	872.2000176994663
34	868.7765478042361
35	864.5231225971903
36	859.4953655702792
37	853.7465905315735
38	847.3278603145304
39	840.2880460225406
40	832.6738866160177
41	824.5300486654621
42	815.8991861091048
43	806.8219998679251
44	797.3372971841889
45	787.482050562079
46	777.2914562006642
47	766.7989918203374
48	756.0364737940064
49	745.0341135038302
50	733.8205728530932
51	722.423018871074
52	710.8671773563963
53	699.1773855114404
54	687.3766435270393
55	675.4866650827382
56	663.5279267335981
57	651.5197161597193
58	639.4801792595233
59	627.4263660722381
60	615.3742755191619
61	603.3388989570094
62	591.3342625400959
63	579.3734683912772
64	567.468734584398
65	555.6314339436747
66	543.8721316677311
67	532.2006217882357
68	520.6259624749491
69	509.15651020076916
70	497.79995278191427
71	486.56334130972107
72	475.45312099181
73	464.4751609214071
74	453.6347827945471
75	442.93678859569366
76	432.3854872730039
77	421.9847204250217
78	411.7378870210661
79	401.64796717797566
80	391.717545016122
81	381.94883061787453
82	372.34368111177497
83	362.9036209058142
84	353.62986109315756
85	344.5233180536667
86	335.58463127443446
87	326.8141804124299
88	318.21210162214663
89	309.77830317093947
90	301.51248036447487
91	293.4141298044121
92	285.4825630001573
93	277.7169193561504
94	270.11617855581886
95	262.6791723629303
96	255.40459586069397
97	248.2910181485519
98	241.33689251617213
99	234.54056611374065
100	227.90028913719655
101	221.41422354662777
102	215.0804513355807
103	208.89698236860033
104	202.86176180386042
105	196.9726771172831
106	191.2275647441138
107	185.62421635344137
108	180.1603847707311
109	174.83378956296926
110	169.64212230060744
111	164.58305151002006
112	159.65422732979215
113	154.85328588371706
114	150.17785338295673
115	145.6255499694232
116	141.1939933120186
117	136.88080196699107
118	132.68359851325673
119	128.6000124731711
120	124.6276830288552
121	120.76426154381701
122	117.00741389924868
123	113.35482265404022
124	109.80418903721102
125	106.35323478111522
126	102.99970380348061
127	99.74136374600198
128	96.57600737692653
129	93.50145386475873
130	90.51554992993023
131	87.6161708810056
132	84.80122154171701
133	82.06863707486094
134	79.41638370884272
135	76.84245937239893
136	74.34489424279734
137	71.92175121257915
138	69.5711262796905
139	67.29114886562989
140	65.07998206603911
141	62.93582283795152
142	60.85690212773536
143	58.8414849435672
144	56.887870376103166
145	54.99439157083853
146	53.15941565547155
147	51.38134362544668
148	49.65861019067382
149	47.98968358629649
150	46.37306535021398
151	44.807290069950945
152	43.29092510131389
153	41.822570261167854
154	40.40085749652468
155	39.02445053203899
156	37.692044497879344
157	36.40236553984764
158	35.154170413507984
159	33.94624606399978
160	32.777409193097775
161	31.64650581501808
162	30.552410802357237
163	29.494027423488557
164	28.47028687265093
165	27.480147793896535
166	26.522595799988526
167	25.59664298727655
168	24.701327447506976
169	23.835712777467258
170	22.998887587306324
171	22.18996500830968
172	21.40808220086472
173	20.652399863291777
174	19.922101742171886
175	19.21639414475921
176	18.534505454020362
177	17.875685646795112
178	17.239205815546903
179	16.624357694124573
180	16.030453187920646
181	15.456823908790298
182	14.902820715044255
183	14.36781325681989
184	13.85118952708947
185	13.352355418548981
186	12.870734286600285
187	12.405766518616081
188	11.95690910966076
189	11.523635244806352
190	11.105433888180709
191	10.701809378848866
192	10.312281033624426
193	9.93638275688281
194	9.573662657437238
195	9.223682672527376
196	8.886018198943738
197	8.560257731316522
198	8.246002507573097
199	7.9428661615584275
200	7.650474382812512
201	7.368464583477736
202	7.0964855723032425
203	6.834197235716327
204	6.5812702259016564
205	6.3373856558481
206	6.102234801295174
207	5.875518809517971
208	5.656948414875288
209	5.44624366105597
210	5.243133629932071
211	5.047356176945208
212	4.858657672932097
213	4.676792752304272
214	4.501524067489433
215	4.332622049533775
216	4.1698646747739
217	4.013037237479024
218	3.861932128357902
219	3.716348618832632
220	3.5760926509769764
221	3.440976633012994
222	3.310819240260551
223	3.1854452214398576
224	3.0646852102162043
225	2.9483755418862545
226	2.836358075096023
227	2.7284800184912466
228	2.6245937621909055
229	2.5245567139827103
230	2.428231140135141
231	2.335484010726038
232	2.246186849381563
233	2.1602155873300792
234	2.0774504216671774
235	1.997775677732432
236	1.9210796755027895
237	1.8472545999050554
238	1.776196374951702
239	1.7078045416049104
240	1.641982139279302
241	1.5786355908887706
242	1.5176745913495087
243	1.4590119994502913
244	1.4025637330022038
245	1.3482486671840577
246	1.295988535998962
247	1.2457078367574004
248	1.1973337375106532
249	1.150795987349246
250	1.1060268294950526
251	1.062960917105524
252	1.0215352317172774
253	0.9816890042584918
254	0.9433636385527736
255	0.9065026372506357
256	0.871051530116245
257	0.8369578046030033
258	0.8041708386543195
259	0.7726418356627542
260	0.742323761527341
261	0.7131712837487348
262	0.6851407124979044
263	0.6581899436057767
264	0.6322784034165115
265	0.6073669954423974
266	0.5834180487767489
267	0.5603952682037132
268	0.5382636859579831
269	0.5169896150843343
270	0.49654060434473923
271	0.47688539463159785
272	0.45799387683629517
273	0.4398370511290785
274	0.42238698760758764
275	0.40561678827239495
276	0.3895005502839633
277	0.37401333046687585
278	0.35913111101612916
279	0.344830766372637
280	0.33109003122720776
281	0.3178874696189385
282	0.3052024450932502
283	0.29301509188325703
284	0.28130628708693944
285	0.2700576237996219
286	0.25925138518017904
287	0.2488705194137162
288	0.23889861554417233
289	0.2293198801494222
290	0.2201191148287286
291	0.21128169447811723
292	0.2027935463262139
293	0.19464112970667904
294	0.18681141654125127
295	0.1792918725118361
296	0.17207043889608611
297	0.16513551504616494
298	0.15847594148968663
299	0.1520809836288938
300	0.1459403160218511
301	0.14004400722222604
302	0.13438250516202546
303	0.12894662305618476
304	0.12372752581283986
305	0.11871671693169696
306	0.11390602587363305
307	0.10928759588439897
308	0.10485387225991154
309	0.10059759103314896
310	0.0965117680729533
311	0.09258968857650658
312	0.0888248969454217
313	0.08521118702867739
314	0.08174259272134551
315	0.0784133789080899
316	0.07521803273529444
317	0.072151255204922
318	0.06920795307595046
319	0.06638323106260598
320	0.06367238432096492
321	0.06107089121095472
322	0.058574406327096575
323	0.05617875378442094
324	0.053879920754385566
325	0.05167405124120694
326	0.049557440086513506
327	0.04752652719945412
328	0.045577891999013805
329	0.04370824806581218
330	0.04191443799171168
331	0.04019342842306358
332	0.03854230528796358
333	0.036958269203469195
334	0.035438631055460745
335	0.03398080774270229
336	0.03258231808259369
337	0.031240778870863534
338	0.029953901088459283
339	0.028719486253993398
340	0.02753542291160772
341	0.026399683253635356
342	0.025310319869337114
343	0.024265462619686998
344	0.023263315627345845
345	0.022302154384568437
346	0.021380322968298695
347	0.020496231363086675
348	0.019648352886326343
349	0.018835221710353553
350	0.018055430480327494
351	0.017307628023661998
352	0.016590517146021937
353	0.015902852513205147
354	0.015243438612990089
355	0.014611127797449828
356	0.014004818397321912
357	0.013423452912868415
358	0.012866016271063712
359	0.01233153415349816
360	0.011819071384738564
361	0.011327730387244214
362	0.010856649693557973
363	0.010405002516158163
364	0.009971995375198668
365	0.009556866776089972
366	0.009158885941540911
367	0.008777351590642251
368	0.008411590767519727
369	0.00806095771408905
370	0.007724832787891599
371	0.0074026214208642496
372	0.007093753120838664
373	0.006797680510153924
374	0.006513878403049648
375	0.006241842919129698
376	0.005981090631314005
377	0.005731157746925955
378	0.005491599322280957
379	0.005261988506911753
380	0.005041915817874852
381	0.00483098844297641
382	0.004628829571325457
383	0.004435077750125364
384	0.004249386267367273
385	0.004071422558280447
386	0.003900867635890506
387	0.0037374155436842227
388	0.003580772830489709
389	0.003430658045364469
390	0.0032868012536129546
391	0.003148943571060706
392	0.003016836717644929
393	0.002890242588210332
394	0.0027689328407120026
395	0.002652688500209823
396	0.002541299580585037
397	0.002434564718112907
398	0.0023322908229673205
399	0.002234292742740515
400	0.0021403929397152497
401	0.0020504211818045655
402	0.0019642142446775926
403	0.001881615627114379
404	0.0018024752768071358
405	0.0017266493278292091
406	0.0016539998477057593
407	0.0015843945966764422
408	0.0015177067936373305
409	0.0014538148942794223
410	0.001392602376824782
411	0.0013339575365289827
412	0.0012777732886566796
413	0.001223946979332588
414	0.0011723802040766638
415	0.0011229786334503583
416	0.0010756518464851185
417	0.001030313169713064
418	0.0009868795237981754
419	0.0009452712756837923
420	0.0009054120972541873
421	0.0008672288292247988
422	0.0008306513505094837
423	0.0007956124541852959
424	0.0007620477264987914
425	0.0007298954321495975
426	0.000699096404081415
427	0.0006695939376707974
428	0.0006413336884147218
429	0.0006142635755436547
430	0.000588333687620718
431	0.0005634961937817192
432	0.0005397052571448987
433	0.0005169169523849956
434	0.0004950891869426585
435	0.00047418162501271916
436	0.0004541556149369386
437	0.000434974119226589
438	0.000416601647904132
439	0.00039900419398906456
440	0.0003821491725000963
441	0.0003660053610606102
442	0.00035054284348184987
443	0.00033573295544469877
444	0.00032154823242840254
445	0.0003079623603567724
446	0.00029495012692105894
447	0.00028248737631574896
448	0.00027055096534025564
449	0.00025911872077269627
450	0.0002481693994666014
451	0.00023768264923877287
452	0.0002276389719995164
453	0.00021801968811338578
454	0.00020880690189933407
455	0.00019998346943491858
456	0.0001915329669150306
457	0.00018343966061291987
458	0.0001756884780916797
459	0.00016826498038890423
460	0.0001611553359462315
461	0.00015434629477502506
462	0.00014782516437241818
463	0.00014157978649440231
464	0.0001355985143462665
465	0.00012987019167491956
466	0.00012438413216415634
467	0.00011913009918926813
468	0.00011409828774710645
469	0.00010927930586447121
470	0.00010466415731230103
471	0.00010024422529853659
472	0.00009601125636374841
473	0.00009195734487970451
474	0.00008807491893489455
475	0.00008435672597585012
476	0.00008079581951698143
477	0.0000773855462131298
478	0.00007411953362300433
479	0.00007099167842194716
480	0.00006799613488677603
481	0.0000651273042545012
482	0.00006237982432559283
483	0.00005974855930711068
484	0.00005722859059838133
485	0.00005481520730007068
486	0.00005250389780608931
487	0.00005029034115823893
488	0.00004817039913511248
489	0.00004614010852241865
490	0.000044195673561169804
491	0.00004233345936032025
492	0.00004054998446234645
493	0.000038841914991613736
494	0.00003720605789512167
495	0.000035639355478401735
496	0.00003413887939522294
497	0.00003270182508368681
498	0.00003132550704445495
499	0.000030007353158081066
500	0.00002874490034855671
501	0.000027535789941300028
502	0.000026377762926645018
503	0.000025268656230862754
504	0.00002420639807652968
505	0.000023189004835822417
506	0.00002221457667213928
507	0.00002128129421472218
508	0.00002038741525918198
509	0.000019531271445244154
510	0.000018711265155176777
511	0.000017925866241261388
512	0.000017173609644176978
513	0.00001645309234673166
514	0.00001576297073034156
515	0.000015101958133321873
516	0.000014468822416726328
517	0.000013862383820018244
518	0.000013281512349498253
519	0.000012725126065459798
520	0.000012192188942474335
521	0.000011681708731528206
522	0.000011192735330890828
523	0.000010724358871776957
524	0.000010275708075346431
525	9.84594864614921e-6
526	9.434281565249545e-6
527	9.039941782606334e-6
528	8.662196578400369e-6
529	8.300344408813496e-6
530	7.953713330846922e-6
531	7.621659995526983e-6
532	7.303568308810691e-6
533	6.998848210284411e-6
534	6.706934742338051e-6
535	6.427286833209426e-6
536	6.159386368397857e-6
537	5.9027371954185696e-6
538	5.656864193551206e-6
539	5.42131236383637e-6
540	5.195645895894238e-6
541	4.979447640206918e-6
542	4.772317952086416e-6
543	4.573874155550213e-6
544	4.383749849382043e-6
545	4.201594059391836e-6
546	4.027070787193341e-6
547	3.859858149817027e-6
548	3.6996479968151262e-6
549	3.546145119666919e-6
550	3.39906685099209e-6
551	3.2581425071268647e-6
552	3.123112842511512e-6
553	2.9937296797109567e-6
554	2.8697551793383005e-6
555	2.7509616956607916e-6
556	2.6371310668853997e-6
557	2.528054567765003e-6
558	2.423532137296533e-6
559	2.323372225365514e-6
560	2.227391402327919e-6
561	2.1354139766597804e-6
562	2.047271660301968e-6
563	1.962803320326423e-6
564	1.881854656663946e-6
565	1.8042777285662387e-6
566	1.729931119887311e-6
567	1.6586790820964604e-6
568	1.5903918275276667e-6
569	1.52494496015039e-6
570	1.4622193447249688e-6
571	1.4021008238080171e-6
572	1.3444802108095973e-6
573	1.2892527442895173e-6
574	1.2363182054253486e-6
575	1.185580535936801e-6
576	1.136947730492542e-6
577	1.0903317314546432e-6
578	1.0456480979613524e-6
579	1.0028160220009335e-6
580	9.61758042441152e-7
581	9.224000280006302e-7
582	8.846709354826735e-7
583	8.485026848068515e-7
584	8.138300738669332e-7
585	7.805906578920469e-7
586	7.487246311349461e-7
587	7.181747108232378e-7
588	6.888859862993239e-7
589	6.608058446835864e-7
590	6.338839717128486e-7
591	6.080720590681123e-7
592	5.833238828689816e-7
593	5.595951254656233e-7
594	5.368434190315518e-7
595	5.150280613526039e-7
596	4.94110135372567e-7
597	4.740523375920291e-7
598	4.548188814463459e-7
599	4.363755826746466e-7
600	4.1868958394086956e-7
601	4.01729442552508e-7
602	3.8546507398335336e-7
603	3.698676248898302e-7
604	3.5490938370756154e-7
605	3.405639063782621e-7
606	3.268057852930777e-7
607	3.136107406499801e-7
608	3.0095539224564313e-7
609	2.8881745836991406e-7
610	2.7717552927231874e-7
611	2.660091251900332e-7
612	2.552985078761569e-7
613	2.450249506151517e-7
614	2.3517037500801967e-7
615	2.2571748141953275e-7
616	2.1664970370259843e-7
617	2.07951129742356e-7
618	1.9960663178031092e-7
619	1.916015092745864e-7
620	1.8392186382220983e-7
621	1.765542780248732e-7
622	1.6948587793521386e-7
623	1.6270442961467915e-7
624	1.5619812468708457e-7
625	1.4995560895529628e-7
626	1.4396607967194526e-7
627	1.3821917613231375e-7
628	1.3270490561774573e-7
629	1.2741370704742066e-7
630	1.223365484622457e-7
631	1.1746454567318258e-7
632	1.1278936862054382e-7
633	1.0830289513696548e-7
634	1.0399748002861123e-7
635	9.986567837355724e-8
636	9.590037838689126e-8
637	9.209486564269757e-8
638	8.844248028840052e-8
639	8.493712297105835e-8
640	8.157267534284733e-8
641	7.83434717241444e-8
642	7.524399156999175e-8
643	7.226892482746646e-8
644	6.941320330054919e-8
645	6.667199825855142e-8
646	6.404068449454887e-8
647	6.151470375516626e-8
648	5.9089865686301194e-8
649	5.6762009519915555e-8
650	5.4527237744648034e-8
651	5.238177998784556e-8
652	5.032195804690897e-8
653	4.834438556958994e-8
654	4.6445664930021354e-8
655	4.462265401324301e-8
656	4.2872263973191453e-8
657	4.119155852407231e-8
658	3.9577752748302e-8
659	3.802811175817838e-8
660	3.6540049990624594e-8
661	3.51111301806326e-8
662	3.3738895543881455e-8
663	3.24211026378308e-8
664	3.115558698146962e-8
665	2.994019562975252e-8
666	2.8772953242268933e-8
667	2.7651894642287896e-8
668	2.6575164232010752e-8
669	2.554101536907479e-8
670	2.454770980674431e-8
671	2.3593650486705933e-8
672	2.2677181064876914e-8
673	2.1796885383838786e-8
674	2.0951287083384692e-8
675	2.0138982485733383e-8
676	1.935864020048e-8
677	1.860900076098912e-8
678	1.7888842943084533e-8
679	1.7196950072236094e-8
680	1.6532243119430203e-8
681	1.5893647029969e-8
682	1.5280057020999945e-8
683	1.4690505180585828e-8
684	1.4124060162457176e-8
685	1.357979354526548e-8
686	1.305677955691843e-8
687	1.255422859447543e-8
688	1.2071353411559045e-8
689	1.160730192102818e-8
690	1.1161357779972007e-8
691	1.0732806442131781e-8
692	1.0320968484125225e-8
693	9.925165938739658e-9
694	9.544755674880401e-9
695	9.179162915381747e-9
696	8.827746772111113e-9
697	8.49000174517702e-9
698	8.16538965511974e-9
699	7.853373064166135e-9
700	7.55344884991124e-9
701	7.265148189655249e-9
702	6.988002767621639e-9
703	6.721612281194349e-9
704	6.465509200690272e-9
705	6.219327759250134e-9
706	5.982634714565021e-9
707	5.755064715442338e-9
708	5.536320529526117e-9
709	5.32596913351232e-9
710	5.12378152641206e-9
711	4.9293245104638404e-9
712	4.742403301448366e-9
713	4.562618426142717e-9
714	4.389775124810088e-9
715	4.223610363159451e-9
716	4.063792338448378e-9
717	3.9100917362987195e-9
718	3.762313511008389e-9
719	3.620193705239142e-9
720	3.483502402860834e-9
721	3.3520438922785923e-9
722	3.225656844511096e-9
723	3.1040412894370086e-9
724	2.987139181376334e-9
725	2.8746844311720735e-9
726	2.7664796899108686e-9
727	2.6624665221992536e-9
728	2.5623773548157826e-9
729	2.4660834301155017e-9
730	2.373525825622227e-9
731	2.284435345326125e-9
732	2.1987524122437674e-9
733	2.1163119877583257e-9
734	2.037018944775976e-9
735	1.9607073434657355e-9
736	1.887352094759188e-9
737	1.8167511303012313e-9
738	1.7488078979506994e-9
739	1.6834255462497946e-9
740	1.6205781950902751e-9
741	1.5600615606718452e-9
742	1.5018490905056435e-9
743	1.445842655468335e-9
744	1.3919436860895222e-9
745	1.3400891437422418e-9
746	1.2901436353578675e-9
747	1.2421516881339636e-9
748	1.195941134478092e-9
749	1.1514838304846666e-9
750	1.1086788909157067e-9
751	1.0674612616345833e-9
752	1.0278386193456374e-9
753	9.89672470471431e-10
754	9.52970088264151e-10
755	9.176654533132945e-10
756	8.83618421919652e-10
757	8.509094213276379e-10
758	8.193976079039574e-10
759	7.890894617726983e-10
760	7.598800680039304e-10
761	7.317755429508148e-10
762	7.04707438564686e-10
763	6.786817249201008e-10
764	6.536294327801061e-10
765	6.295186954899862e-10
766	6.062796987897218e-10
767	5.839177276891585e-10
768	5.624002855420752e-10
769	5.416946468341432e-10
770	5.217297146337483e-10
771	5.025102110943925e-10
772	4.840409917332245e-10
773	4.662117514395219e-10
774	4.4906523120841444e-10
775	4.3256742680630184e-10
776	4.1668404093701165e-10
777	4.013804730824295e-10
778	3.866218093130907e-10
779	3.724509267757816e-10
780	3.5879373663386074e-10
781	3.456146567412589e-10
782	3.329565258111112e-10
783	3.207837220673636e-10
784	3.090206597481566e-10
785	2.9771009697136745e-10
786	2.8681565236584187e-10
787	2.7630056365039553e-10
788	2.662078119874499e-10
789	2.564603622472879e-10
790	2.471415196059313e-10
791	2.38093069508081e-10
792	2.2939820471679566e-10
793	2.2101914488786119e-10
794	2.1295846965923854e-10
795	2.0521881524699852e-10
796	1.977207987367279e-10
797	1.9050757703477797e-10
798	1.835815687815917e-10
799	1.76862403804169e-10
800	1.70434924040218e-10
801	1.6421833463852045e-10
802	1.5825627301561975e-10
803	1.5250905738165415e-10
804	1.4693651541859911e-10
805	1.4158239937996884e-10
806	1.3644868861335745e-10
807	1.3149491487958864e-10
808	1.2672272010218213e-10
809	1.221337784340308e-10
810	1.1768689192040971e-10
811	1.1342642067164453e-10
812	1.0931094398110615e-10
813	1.0534183099776028e-10
814	1.0152047688634882e-10
815	9.784830291645879e-11
816	9.428298543570413e-11
817	9.086947251799634e-11
818	8.760926088425395e-11
819	8.441543428671426e-11
820	8.137737464817226e-11
821	7.840760253969495e-11
822	7.559614676797839e-11
823	7.285495586993314e-11
824	7.018473454005813e-11
825	6.767649615438118e-11
826	6.5241311055089e-11
827	6.287993049271258e-11
828	6.059311903567524e-11
829	5.842744415122641e-11
830	5.6292281471353846e-11
831	5.4280180558833605e-11
832	5.2299890625804757e-11
833	5.0444646394168114e-11
834	4.8575943510822356e-11
835	4.6880778190549637e-11
836	4.5173211740887544e-11
837	4.3547363222651214e-11
838	4.1956827574130037e-11
839	4.044946956991098e-11
840	3.8978559226468926e-11
841	3.7592329922704874e-11
842	3.624372214532858e-11
843	3.493315913514163e-11
844	3.3661071009272605e-11
845	3.242789478679884e-11
846	3.1282801519670244e-11
847	3.0177882128647224e-11
848	2.906450268891964e-11
849	2.804113663194001e-11
850	2.7009880220224305e-11
851	2.6069964957690758e-11
852	2.512275241585529e-11
853	2.421820442275269e-11
854	2.3356821299349708e-11
855	2.248868746533722e-11
856	2.1664351508892945e-11
857	2.0935145072270334e-11
858	2.0200163711111753e-11
859	1.9459348938568797e-11
860	1.8712642092772092e-11
861	1.8063202637233084e-11
862	1.7408561435551988e-11
863	1.6800681316618865e-11
864	1.618790507940706e-11
865	1.562260939360646e-11
866	1.505273521289898e-11
867	1.4478237851435133e-11
868	1.4005172280380968e-11
869	1.352823728454342e-11
870	1.3047395420293754e-11
871	1.2562609132802676e-11
872	1.2073840755893272e-11
873	1.1689286647528652e-11
874	1.1247209548492916e-11
875	1.0801476398261914e-11
876	1.0461598494864484e-11
877	1.0063886648033564e-11
878	9.718079583609448e-12
879	9.369377792163768e-12
880	9.017754452782788e-12
881	8.719074167098345e-12
882	8.41787377083152e-12
883	8.114130137610878e-12
884	7.807820073662468e-12
885	7.498920317784978e-12
886	7.244450458324957e-12
887	6.9878126539928176e-12
888	6.7865001265325176e-12
889	6.467955189701582e-12
890	6.262684195260056e-12
891	6.0556460522676624e-12
892	5.846825050650812e-12
893	5.636205435336277e-12
894	5.423771406261646e-12
895	5.2095071183894775e-12
896	5.052841880317012e-12
897	4.89480976537118e-12
898	4.675457092580233e-12
899	4.514405109526254e-12
900	4.351949020631549e-12
901	4.188076798673836e-12
902	4.022776382795803e-12
903	3.917242594066206e-12
904	3.8107706431115645e-12
905	3.641629941942415e-12
906	3.4710152165579554e-12
907	3.361157908933914e-12
908	3.2503273584028323e-12
909	3.13851542336337e-12
910	3.025713939919862e-12
911	2.911914721912456e-12
912	2.797109560948874e-12
913	2.6812902264378405e-12
914	2.6285596772648222e-12
915	2.5109595826684657e-12
916	2.4569792403306935e-12
917	2.3375708112079683e-12
918	2.2171095387707063e-12
919	2.2265612570649465e-12
920	2.104528012628761e-12
921	1.98141961769187e-12
922	1.9898867726521757e-12
923	1.865170120588585e-12
924	1.8062541485496384e-12
925	1.7468050962989875e-12
926	1.6868187517823413e-12
927	1.626290892064807e-12
928	1.5652172833573726e-12
929	1.5035936810441772e-12
930	1.5100546787443468e-12
931	1.3786794631716259e-12
932	1.3846108468444558e-12
933	1.3210426252927364e-12
934	1.2569044759947469e-12
935	1.2623210392402943e-12
936	1.126901158199416e-12
937	1.1317625015467107e-12
938	1.1366472177339797e-12
939	1.0702081390730999e-12
940	1.0031760679875682e-12
941	1.007511766250566e-12
942	9.395917706113164e-13
943	8.710671318596165e-13
944	8.748364985418319e-13
945	8.786236112414738e-13
946	8.08892792117172e-13
947	7.385426639381181e-13
948	7.41743108564975e-13
949	7.449584428168123e-13
950	7.481886918011972e-13
951	6.762904924849398e-13
952	6.037552271699258e-13
953	6.06375341532513e-13
954	6.090074673216703e-13
955	6.116516242673149e-13
956	6.143078320255691e-13
957	5.398540964056901e-13
958	5.421994184516352e-13
959	4.667617167096244e-13
960	4.687901712583051e-13
961	4.708277367748914e-13
962	4.728744276563469e-13
963	4.74930258239966e-13
964	4.769952428027835e-13
965	3.9922449630080484e-13
966	4.0096060889102486e-13
967	3.2216350814682987e-13
968	3.2356466949603695e-13
969	3.2497198047166304e-13
970	3.263854503424091e-13
971	3.278050883340717e-13
972	3.2923090362916276e-13
973	3.30662905366538e-13
974	3.321011026410186e-13
975	3.33545504503027e-13
976	3.349961199582118e-13
977	2.5233971847531874e-13
978	2.534370205835124e-13
979	2.5453900294511465e-13
980	2.5564567217733623e-13
981	1.7117135657497782e-13
982	1.7191539836506925e-13
983	1.7266257782959864e-13
984	1.7341289928585982e-13
985	1.741663670271675e-13
986	1.7492298532269085e-13
987	1.7568275841727994e-13
988	1.7644569053130257e-13
989	1.7721178586047454e-13
990	1.7798104857569842e-13
991	1.7875348282289624e-13
992	1.7952909272285125e-13
993	1.8030788237104352e-13
994	1.8108985583749396e-13
995	1.818750171666025e-13
996	1.8266337037699588e-13
997	1.8345491946136702e-13
998	1.842496683863263e-13
999	1.8504762109224465e-13
1000	9.29243907465517e-14