1	0.00007181040647722997
2	0.00013925022553952865
3	0.0002024981170695579
4	0.0002617276344971281
5	0.00031710726730558946
6	0.0003688004909070492
7	0.00041696582316485555
8	0.00046175688688793133
9	0.0005033224776652565
10	0.0005418066364502127
11	0.0005773487263437213
12	0.0006100835130622022
13	0.0006401412486114937
14	0.0006676477577210497
15	0.000692724526624101
16	0.0007154887937990801
17	0.0007360536423155728
18	0.0007545280934544485
19	0.0007710172012966991
20	0.0007856221479989562
21	0.0007984403394957554
22	0.0008095655013894048
23	0.0008190877748078844
24	0.0008270938120295648
25	0.0008336668716908693
26	0.0008388869134091783
27	0.0008428306916685289
28	0.0008455718488299373
29	0.0008471810071415303
30	0.0008477258596362225
31	0.000847271259816359
32	0.0008458793100357095
33	0.0008436094484994189
34	0.0008405185348120469
35	0.0008366609340127284
36	0.0008320885990447385
37	0.0008268511516144783
38	0.0008209959614019881
39	0.0008145682235917775
40	0.0008076110346988661
41	0.0008001654666706309
42	0.000792270639250285
43	0.0007839637905926871
44	0.0007752803461275803
45	0.0007662539856695138
46	0.0007569167087774151
47	0.0007472988983702266
48	0.0007374293826081555
49	0.0007273354950519424
50	0.0007170431331151322
51	0.0007065768148266855
52	0.0006959597339233701
53	0.0006852138132932719
54	0.0006743597567934438
55	0.0006634170994662252
56	0.0006524042561800926
57	0.0006413385687220455
58	0.0006302363513695535
59	0.0006191129349709437
60	0.0006079827095638656
61	0.0005968591655620378
62	0.0005857549335410197
63	0.0005746818226541086
64	0.0005636508577097756
65	0.0005526723149422506
66	0.0005417557565069757
67	0.0005309100637327092
68	0.0005201434691620182
69	0.0005094635874118283
70	0.0004988774448855119
71	0.0004883915083678502
72	0.00047801171253390094
73	0.00046774348640253095
74	0.0004575917787650606
75	0.00044756108261904216
76	0.0004376554586368527
77	0.0004278785576983176
78	0.00041823364251611795
79	0.0004087236083823009
80	0.0003993510030636603
81	0.0003901180458732847
82	0.0003810266459450319
83	0.00037207841973712377
84	0.0003632747077905476
85	0.00035461659076737055
86	0.00034610490479350414
87	0.00033774025612991036
88	0.00032952303519565414
89	0.0003214534299656412
90	0.00031353143876530255
91	0.0003057568824839476
92	0.00029812941622787585
93	0.0002906485404338475
94	0.000283313611462894
95	0.000276123851693933
96	0.00026907835913606275
97	0.00026217611657792074
98	0.00025541600029188767
99	0.0002487967883104564
100	0.00024231716829151037
101	0.0002359757449887713
102	0.00022977104734316114
103	0.00022370153521033718
104	0.00021776560573915827
105	0.00021196159941537566
106	0.00020628780578437335
107	0.00020074246886631403
108	0.00019532379227662515
109	0.00019002994406429067
110	0.00018485906128000998
111	0.00017980925428586698
112	0.0001748786108177388
113	0.0001700651998112674
114	0.0001653670750018672
115	0.00016078227830882422
116	0.00015630884301320695
117	0.00015194479673892556
118	0.00014768816424597344
119	0.00014353697004449182
120	0.00013948924083802424
121	0.00013554300780397346
122	0.0001316963087189868
123	0.0001279471899367057
124	0.00012429370822497168
125	0.00012073393246939667
126	0.00011726594524982604
127	0.00011388784429605237
128	0.00011059774382881579
129	0.00010739377579192767
130	0.00010427409098108856
131	0.0001012368600747475
132	0.00009828027457213985
133	0.00009540254764340842
134	0.00009260191489651371
135	0.00008987663506544022
136	0.0000872249906240119
137	0.00008464528832943768
138	0.00008213585969953412
139	0.00007969506142740545
140	0.00007732127573716387
141	0.00007501291068417127
142	0.00007276840040304657
143	0.00007058620530662528
144	0.00006846481223882832
145	0.00006640273458431545
146	0.00006439851233767092
147	0.00006245071213466547
148	0.00006055792724813528
149	0.00005871877755076619
150	0.00005693190944710049
151	0.00005519599577683014
152	0.00005350973569146864
153	0.0000518718545062763
154	0.00005028110352932806
155	0.00004873625986941504
156	0.00004723612622447192
157	0.00004577953065207697
158	0.000044365326323521495
159	0.0000429923912628392
160	0.00004165962807218411
161	0.00004036596364474032
162	0.000039110348866431684
163	0.00003789175830751956
164	0.00003670918990517242
165	0.000035561664638010136
166	0.000034448226193585664
167	0.00003336794062967449
168	0.00003231989603024451
169	0.000031303202156895114
170	0.000030316990096491307
171	0.000029360411905730326
172	0.0000284326402532679
173	0.000027532868060037124
174	0.000026660308138351236
175	0.00002581419283030807
176	0.0000249937736460022
177	0.000024198320902052223
178	0.000023427123360843165
179	0.000022679487870905558
180	0.000021954739008838096
181	0.00002125221872307304
182	0.00002057128597987401
183	0.00001991131641181316
184	0.00001927170196904664
185	0.00001865185057361615
186	0.00001805118577702759
187	0.000017469146421324292
188	0.000016905186303822828
189	0.000016358773845740276
190	0.000015829391764810507
191	0.000015316536752089102
192	0.000014819719153040498
193	0.000014338462653048427
194	0.000013872303967438365
195	0.000013420792536076764
196	0.000012983490222688548
197	0.000012559971018889347
198	0.00001214982075302032
199	0.00001175263680385262
200	0.000011368027819143004
201	0.000010995613439101401
202	0.00001063502402481759
203	0.000010285900391570271
204	9.947893547143263e-6
205	9.620664435028935e-6
206	9.303883682587471e-6
207	8.99723135411023e-6
208	8.700396708819279e-6
209	8.41307796367597e-6
210	8.134982061088907e-6
211	7.865824441390587e-6
212	7.6053288201218565e-6
213	7.353226970025891e-6
214	7.1092585077167375e-6
215	6.87317068502045e-6
216	6.644718184887171e-6
217	6.423662921820231e-6
218	6.209773846819924e-6
219	6.002826756739137e-6
220	5.8026041079914325e-6
221	5.608894834570499e-6
222	5.421494170332969e-6
223	5.2402034754262425e-6
224	5.0648300668605116e-6
225	4.895187053105373e-6
226	4.731093172705395e-6
227	4.572372636778419e-6
228	4.4188549753870475e-6
229	4.27037488768276e-6
230	4.126772095776045e-6
231	3.987891202237441e-6
232	3.853581551208205e-6
233	3.7236970929899914e-6
234	3.598096252089826e-6
235	3.4766417986584556e-6
236	3.359200723225928e-6
237	3.2456441146734247e-6
238	3.135847041385193e-6
239	3.029688435525601e-6
240	2.927050980335899e-6
241	2.8278210004301223e-6
242	2.7318883549963017e-6
243	2.6391463338507155e-6
244	2.549491556289516e-6
245	2.4628238726552644e-6
246	2.379046268563706e-6
247	2.298064771760869e-6
248	2.2197883614855645e-6
249	2.1441288803612253e-6
250	2.071000948670087e-6
251	2.000321881025345e-6
252	1.93201160536077e-6
253	1.8659925841408603e-6
254	1.8021897378262716e-6
255	1.7405303704445241e-6
256	1.6809440972747113e-6
257	1.6233627745834419e-6
258	1.5677204313340668e-6
259	1.5139532028636842e-6
260	1.4619992664436064e-6
261	1.4117987786614012e-6
262	1.363293814656863e-6
263	1.3164283090738872e-6
264	1.2711479986926968e-6
265	1.2274003668087457e-6
266	1.1851345891432588e-6
267	1.1443014813852824e-6
268	1.1048534482514656e-6
269	1.0667444340252815e-6
270	1.029929874598137e-6
271	9.943666508708889e-7
272	9.60013043557811e-7
273	9.268286893410108e-7
274	8.947745383216602e-7
275	8.638128127127673e-7
276	8.33906966820376e-7
277	8.050216481630832e-7
278	7.771226598128318e-7
279	7.501769238254688e-7
280	7.241524458016151e-7
281	6.990182805109219e-7
282	6.747444985468734e-7
283	6.513021540299882e-7
284	6.28663253222863e-7
285	6.068007241997061e-7
286	5.856883873521478e-7
287	5.653009268475612e-7
288	5.456138629602447e-7
289	5.266035252282284e-7
290	5.08247026465955e-7
291	4.905222375596286e-7
292	4.734077630547012e-7
293	4.5688291748439966e-7
294	4.4092770245176454e-7
295	4.2552278439776794e-7
296	4.1064947309240344e-7
297	3.9628970078607874e-7
298	3.824260019880242e-7
299	3.690414939227082e-7
300	3.561198575530947e-7
301	3.436453192415231e-7
302	3.3160263295141525e-7
303	3.199770630366097e-7
304	3.0875436756301525e-7
305	2.9792078215353133e-7
306	2.8746300434451323e-7
307	2.7736817846304423e-7
308	2.676238809305843e-7
309	2.582181061009669e-7
310	2.491392524927905e-7
311	2.403761095058325e-7
312	2.319178445133556e-7
313	2.2375399040803035e-7
314	2.1587443354353832e-7
315	2.082694020200371e-7
316	2.0092945441411742e-7
317	1.9384546881350987e-7
318	1.8700863222451775e-7
319	1.8041043034000952e-7
320	1.740426375993e-7
321	1.678973076091064e-7
322	1.6196676382549507e-7
323	1.5624359060578436e-7
324	1.5072062450548822e-7
325	1.453909458306393e-7
326	1.4024787054324048e-7
327	1.3528494234979953e-7
328	1.304959251235607e-7
329	1.2587479550054248e-7
330	1.2141573577091547e-7
331	1.1711312696501789e-7
332	1.1296154221107215e-7
333	1.0895574027365869e-7
334	1.0509065929121975e-7
335	1.0136141077863252e-7
336	9.776327377339373e-8
337	9.429168918104483e-8
338	9.094225435298062e-8
339	8.771071776241752e-8
340	8.459297393914499e-8
341	8.158505850649852e-8
342	7.868314344813258e-8
343	7.588353243525585e-8
344	7.318265643291412e-8
345	7.0577069327233e-8
346	6.806344380239271e-8
347	6.563856729358465e-8
348	6.329933806697084e-8
349	6.104276148558217e-8
350	5.886594636166728e-8
351	5.676610141641597e-8
352	5.4740531904718994e-8
353	5.278663630146486e-8
354	5.0901903152867544e-8
355	4.908390794977891e-8
356	4.7330310237363805e-8
357	4.5638850667822945e-8
358	4.4007348291496387e-8
359	4.243369779864073e-8
360	4.091586702651046e-8
361	3.945189437573159e-8
362	3.8039886420213547e-8
363	3.667801559988631e-8
364	3.5364517887765724e-8
365	3.409769068568705e-8
366	3.2875890658864354e-8
367	3.169753174514474e-8
368	3.056108314243858e-8
369	2.946506743463531e-8
370	2.840805873212032e-8
371	2.7388680937292753e-8
372	2.6405605975741474e-8
373	2.545755217887582e-8
374	2.4543282669670463e-8
375	2.366160380780658e-8
376	2.2811363702374098e-8
377	2.1991450792164415e-8
378	2.120079241023542e-8
379	2.0438353459570194e-8
380	1.970313511899988e-8
381	1.8994173577555268e-8
382	1.8310538820072612e-8
383	1.7651333464573855e-8
384	1.7015691614368232e-8
385	1.6402777783938144e-8
386	1.5811785829563373e-8
387	1.5241937940693925e-8
388	1.4692483638274513e-8
389	1.4162698852666212e-8
390	1.3651884974887796e-8
391	1.3159367994278386e-8
392	1.2684497622017721e-8
393	1.2226646476329567e-8
394	1.1785209278522927e-8
395	1.135960211318434e-8
396	1.0949261601944761e-8
397	1.0553644295450295e-8
398	1.0172225893901412e-8
399	9.80450060701598e-9
400	9.449980520060351e-9
401	9.108194936565754e-9
402	8.778689817126976e-9
403	8.461027159008659e-9
404	8.154784457538511e-9
405	7.859554145400571e-9
406	7.574943111976748e-9
407	7.3005721097346e-9
408	7.036075375260148e-9
409	6.781100084698871e-9
410	6.535305914793314e-9
411	6.29836461153196e-9
412	6.0699595619654036e-9
413	5.8497853863707325e-9
414	5.637547541915476e-9
415	5.4329619560357666e-9
416	5.235754621877108e-9
417	5.045661287706575e-9
418	4.862427081633762e-9
419	4.6858061989116975e-9
420	4.51556156322774e-9
421	4.351464536590125e-9
422	4.193294644087855e-9
423	4.040839212363217e-9
424	3.893893169424719e-9
425	3.7522587513548474e-9
426	3.6157452307517654e-9
427	3.484168661290626e-9
428	3.3573516950916206e-9
429	3.235123270080584e-9
430	3.117318460620889e-9
431	3.0037781925565644e-9
432	2.8943490838767954e-9
433	2.7888832419299794e-9
434	2.6872380458581327e-9
435	2.5892759729408053e-9
436	2.494864407074402e-9
437	2.403875482912931e-9
438	2.3161858976892287e-9
439	2.2316767799019526e-9
440	2.1502334881441073e-9
441	2.071745494486829e-9
442	1.996106225756722e-9
443	1.9232129296201645e-9
444	1.8529665445389447e-9
445	1.7852715221301389e-9
446	1.720035778444719e-9
447	1.6571705197668916e-9
448	1.5965901189995866e-9
449	1.5382120469641459e-9
450	1.4819567162640849e-9
451	1.4277474108082032e-9
452	1.3755101586147089e-9
453	1.3251736365926927e-9
454	1.2766691117152844e-9
455	1.2299302986693104e-9
456	1.1848932982268615e-9
457	1.1414965093898091e-9
458	1.099680543861259e-9
459	1.0593881659638164e-9
460	1.0205641741531128e-9
461	9.831553732171792e-10
462	9.471104779208713e-10
463	9.123800341165676e-10
464	8.789164008413439e-10
465	8.466736319808724e-10
466	8.156074214509464e-10
467	7.856751052550666e-10
468	7.568355183602786e-10
469	7.290489952556194e-10
470	7.02277312951049e-10
471	6.764836064433453e-10
472	6.516323403422179e-10
473	6.276892902741458e-10
474	6.04621439969641e-10
475	5.823969773492273e-10
476	5.609852369108172e-10
477	5.40356666450937e-10
478	5.204827771338834e-10
479	5.013361024065154e-10
480	4.828901852031779e-10
481	4.651195182580202e-10
482	4.479995104382641e-10
483	4.315064787234521e-10
484	4.1561757620243e-10
485	4.0031080523774154e-10
486	3.8556494408550413e-10
487	3.7135955052871705e-10
488	3.57674918239437e-10
489	3.444920537666586e-10
490	3.317926738484891e-10
491	3.1955911735919285e-10
492	3.0777440887732965e-10
493	2.9642215132302784e-10
494	2.8548657653813755e-10
495	2.7495245779256567e-10
496	2.6480513037376157e-10
497	2.55030485984329e-10
498	2.456148822332429e-10
499	2.3654521712074004e-10
500	2.2780884614232563e-10
501	2.1939357014933253e-10
502	2.1128766593554243e-10
503	2.0347979928937797e-10
504	1.9595909585566387e-10
505	1.887150199919145e-10
506	1.8173745512548105e-10
507	1.7501665673980828e-10
508	1.685432231457979e-10
509	1.6230809148082204e-10
510	1.5630252175065112e-10
511	1.5051812821636358e-10
512	1.44946793400373e-10
513	1.3958070308523023e-10
514	1.3441233820656385e-10
515	1.2943445269375987e-10
516	1.246400670789523e-10
517	1.2002243207946662e-10
518	1.1557508378897482e-10
519	1.1129176929310415e-10
520	1.0716645546007163e-10
521	1.0319335286401873e-10
522	9.936686954676322e-11
523	9.568162513862959e-11
524	9.213243272457022e-11
525	8.871428666691113e-11
526	8.542237985820565e-11
527	8.225206412404888e-11
528	7.919887881474113e-11
529	7.625850611279554e-11
530	7.342681036355262e-11
531	7.069978750115382e-11
532	6.807358251996298e-11
533	6.554449599693483e-11
534	6.31089470259114e-11
535	6.076349648293598e-11
536	5.850482641016048e-11
537	5.632973944100118e-11
538	5.423515408523241e-11
539	5.2218103814614394e-11
540	5.027574809191574e-11
541	4.8405313160815194e-11
542	4.660415907525211e-11
543	4.486973542621086e-11
544	4.3199572743058853e-11
545	4.1591310220990906e-11
546	4.004265180164874e-11
547	3.8551408212519815e-11
548	3.711545014415575e-11
549	3.5732747646551875e-11
550	3.440133677701688e-11
551	3.31193221382481e-11
552	3.188488194129299e-11
553	3.069624141280986e-11
554	2.955172507896666e-11
555	2.8449692016496255e-11
556	2.7388592658575713e-11
557	2.6366890498069467e-11
558	2.538314034221222e-11
559	2.443593957109353e-11
560	2.3523932686446234e-11
561	2.2645817754832714e-11
562	2.180034594741026e-11
563	2.0986305170528204e-11
564	2.020252267503152e-11
565	1.9447904675946784e-11
566	1.8721336230017402e-11
567	1.802181217841746e-11
568	1.734831299849382e-11
569	1.6699876756311888e-11
570	1.6075574901750556e-11
571	1.547452492843632e-11
572	1.4895841269056732e-11
573	1.4338713327192043e-11
574	1.380233159854028e-11
575	1.3285932042688157e-11
576	1.278877834465772e-11
577	1.2310144896349324e-11
578	1.184935562954349e-11
579	1.1405741528646084e-11
580	1.0978672291517077e-11
581	1.056752453829916e-11
582	1.0171706127804406e-11
583	9.790653759314073e-12
584	9.423821986364342e-12
585	9.070682200031212e-12
586	8.730722349168353e-12
587	8.403447384418156e-12
588	8.08838987571372e-12
589	7.78510251287696e-12
590	7.493132095381418e-12
591	7.212070061199288e-12
592	6.9415087816891245e-12
593	6.681064884062037e-12
594	6.430345784332239e-12
595	6.189003084133719e-12
596	5.956680913540672e-12
597	5.733041573880456e-12
598	5.5177726419527e-12
599	5.31054584428382e-12
600	5.1110736191959305e-12
601	4.919068881960233e-12
602	4.734243923764534e-12
603	4.556329461603985e-12
604	4.385084508514794e-12
605	4.220247197227315e-12
606	4.0615847497872745e-12
607	3.908854754813519e-12
608	3.761856289682749e-12
609	3.62036169636196e-12
610	3.484168410037465e-12
611	3.3530711611363797e-12
612	3.2269049215114505e-12
613	3.1054567972048486e-12
614	2.98856009066042e-12
615	2.8760471969380137e-12
616	2.767753187352029e-12
617	2.6635299793520085e-12
618	2.563199175930165e-12
619	2.4666489772833727e-12
620	2.373715397321721e-12
621	2.2842694695305784e-12
622	2.1981915393316384e-12
623	2.1153348815142986e-12
624	2.035583181049165e-12
625	1.9588356366316373e-12
626	1.8849709304558122e-12
627	1.813874146498104e-12
628	1.7454537172381672e-12
629	1.6796163340553269e-12
630	1.6162309497773194e-12
631	1.5552418401636872e-12
632	1.4965374022761366e-12
633	1.4400531425241415e-12
634	1.3856827062374541e-12
635	1.3333603078682751e-12
636	1.283014742091471e-12
637	1.2345444694906793e-12
638	1.1879230291184097e-12
639	1.1430334396866305e-12
640	1.0998501999388102e-12
641	1.0582841975428206e-12
642	1.0182782579921346e-12
643	9.79782992838752e-13
644	9.42743410065623e-13
645	9.070964918684403e-13
646	8.727799464879816e-13
647	8.397746475420853e-13
648	8.080024666432222e-13
649	7.774355747237251e-13
650	7.480164618847842e-13
651	7.197007409959123e-13
652	6.924668065736079e-13
653	6.6624638106323e-13
654	6.410244695700003e-13
655	6.167472855497784e-13
656	5.933887027899396e-13
657	5.709147398822352e-13
658	5.492819883670504e-13
659	5.284706218952848e-13
660	5.084487061570356e-13
661	4.891707216673181e-13
662	4.706341561886627e-13
663	4.5279737995756473e-13
664	4.356246247573701e-13
665	4.1910832604527943e-13
666	4.0320974173761236e-13
667	3.879162930191299e-13
668	3.7320550986236596e-13
669	3.5904391580708736e-13
670	3.454215005667656e-13
671	3.323035679697109e-13
672	3.197010348302903e-13
673	3.075626387741208e-13
674	2.958811226009375e-13
675	2.8464497534680065e-13
676	2.738376127015004e-13
677	2.634365745495122e-13
678	2.5342484459165427e-13
679	2.43802374746284e-13
680	2.3453697157056694e-13
681	2.2561204246569949e-13
682	2.1703841815531452e-13
683	2.0879279909114372e-13
684	2.0085362722310237e-13
685	1.932128867330938e-13
686	1.8587574958878502e-13
687	1.7881067130289395e-13
688	1.7199811416969837e-13
689	1.654551376486046e-13
690	1.5916049191581523e-13
691	1.5310375639967427e-13
692	1.4727250313246888e-13
693	1.4166444343575246e-13
694	1.36274547037742e-13
695	1.310819774888329e-13
696	1.2610024054009209e-13
697	1.213009968978991e-13
698	1.1667690685723364e-13
699	1.1222879297775443e-13
700	1.0795261674918315e-13
701	1.0383910972480253e-13
702	9.988628586418418e-14
703	9.607343535957124e-14
704	9.241237122380927e-14
705	8.888271543210173e-14
706	8.549626114856554e-14
707	8.224498230223448e-14
708	7.910054518188138e-14
709	7.60924465323113e-14
710	7.317715625090941e-14
711	7.039502012292838e-14
712	6.769947625267299e-14
713	6.512782936041033e-14
714	6.264288745565851e-14
715	6.023825980861263e-14
716	5.793856795610818e-14
717	5.573281946481792e-14
718	5.360060107849499e-14
719	5.155210973625496e-14
720	4.9587975993097465e-14
721	4.76989968503894e-14
722	4.5865871569523214e-14
723	4.4126786974941974e-14
724	4.2428366896071715e-14
725	4.0801684517975007e-14
726	3.925382575542926e-14
727	3.77400639876705e-14
728	3.6300485366441953e-14
729	3.4923210505876146e-14
730	3.357125684504474e-14
731	3.2292845881377357e-14
732	3.105587140370195e-14
733	2.9871983823992074e-14
734	2.872732926161423e-14
735	2.7638051826969308e-14
736	2.656651645254566e-14
737	2.554696753772123e-14
738	2.4573701934043124e-14
739	2.3642841834357837e-14
740	2.2723989695446122e-14
741	2.1859107647484136e-14
742	2.102116938789193e-14
743	2.0213008731966888e-14
744	1.9439050351112845e-14
745	1.8690948050467957e-14
746	1.7990435072090623e-14
747	1.728890668564231e-14
748	1.6625179417934823e-14
749	1.5981908455544415e-14
750	1.5371819515431942e-14
751	1.4794437655738825e-14
752	1.422131683419932e-14
753	1.368325049610398e-14
754	1.315387190068576e-14
755	1.2636936902755268e-14
756	1.216664656610476e-14
757	1.1690058992695554e-14
758	1.124329987139886e-14
759	1.0804497478928946e-14
760	1.0396968100374876e-14
761	1.0000440248984627e-14
762	9.625080703901264e-15
763	9.252021602716615e-15
764	8.892932088266039e-15
765	8.545285949541443e-15
766	8.222280632315856e-15
767	7.90771546203283e-15
768	7.60100528361687e-15
769	7.302176126112696e-15
770	7.027049528350117e-15
771	6.761694756180057e-15
772	6.49260033009393e-15
773	6.252585208562061e-15
774	6.0139098277283314e-15
775	5.7798276642424225e-15
776	5.554097878719481e-15
777	5.340972446760914e-15
778	5.145183773182316e-15
779	4.9408813278096446e-15
780	4.749067239822995e-15
781	4.5757360984656225e-15
782	4.3960479920745035e-15
783	4.2166387414768e-15
784	4.060266377443611e-15
785	3.9030072256116614e-15
786	3.752602814241229e-15
787	3.617181535634488e-15
788	3.473541731068282e-15
789	3.346231122456828e-15
790	3.196595441304635e-15
791	3.0816809142859695e-15
792	2.9633140543274666e-15
793	2.851334193517662e-15
794	2.739838393916001e-15
795	2.6231023677194788e-15
796	2.527873017697999e-15
797	2.4327998284281067e-15
798	2.3327675315617133e-15
799	2.255336991060134e-15
800	2.1633218181275214e-15
801	2.084723200679891e-15
802	1.9988593349296747e-15
803	1.9178526364952303e-15
804	1.854103037513844e-15
805	1.7873126176350883e-15
806	1.7136751665621155e-15
807	1.6460594079999699e-15
808	1.5809962624556705e-15
809	1.5151227872317446e-15
810	1.4618521542177841e-15
811	1.4014237326924313e-15
812	1.3475196641826738e-15
813	1.2972774466855484e-15
814	1.2479226860284639e-15
815	1.1967658221844729e-15
816	1.158100545460951e-15
817	1.112572272618287e-15
818	1.0577276234186247e-15
819	1.0252182243350968e-15
820	9.788546846435807e-16
821	9.505797912918913e-16
822	9.041842822721198e-16
823	8.718924001247464e-16
824	8.518805948355924e-16
825	8.07891186449659e-16
826	7.725541221021979e-16
827	7.4421487668711e-16
828	7.212712252897059e-16
829	6.847704222756891e-16
830	6.679720809939379e-16
831	6.345788880957828e-16
832	6.180970825729483e-16
833	5.821623460188162e-16
834	5.781163653934148e-16
835	5.343697013014429e-16
836	5.201327591986259e-16
837	4.990044109604135e-16
838	4.875609777554722e-16
839	4.669887516541272e-16
840	4.540102025031207e-16
841	4.2979855152986395e-16
842	4.1121764183696067e-16
843	3.973705343439781e-16
844	3.8738901617463154e-16
845	3.804325304286972e-16
846	3.5762076757570973e-16
847	3.3615262141470136e-16
848	3.3340992960049273e-16
849	3.1240114135343786e-16
850	3.08740114831407e-16
851	2.8532141205856997e-16
852	2.779610510918026e-16
853	2.6778057575229255e-16
854	2.541462016850009e-16
855	2.5486752632429644e-16
856	2.5100342999208157e-16
857	2.2347024100225026e-16
858	2.08674836552646e-16
859	2.0619162380732226e-16
860	2.1561090685551546e-16
861	1.9920737504533733e-16
862	1.9377096377127093e-16
863	1.8018974438572215e-16
864	1.767769569894868e-16
865	1.6436644110649791e-16
866	1.6137785455877936e-16
867	1.6749688075090861e-16
868	1.4452324150545248e-16
869	1.2990068075192676e-16
870	1.2334856515339123e-16
871	1.2459676009893532e-16
872	1.333852407226908e-16
873	1.111581567171301e-16
874	1.15010132299479e-16
875	1.255972327104941e-16
876	1.0414464949481778e-16
877	1.0814134919627192e-16
878	9.878761939915785e-17
879	9.515973473728675e-17
880	9.706571108402349e-17
881	8.483911186079866e-17
882	7.770105720652496e-17
883	7.54802069369136e-17
884	7.80116439850918e-17
885	8.513663588736183e-17
886	7.701359186977643e-17
887	7.310111491051249e-17
888	5.3485502058745375e-17
889	7.73464844463765e-17
890	6.538128696227463e-17
891	5.700750650761156e-17
892	5.210342514301349e-17
893	5.055189296444402e-17
894	5.2240158215883274e-17
895	5.705970369355936e-17
896	4.4799190689521013e-17
897	3.5380834550098746e-17
898	4.889886613676747e-17
899	4.491998838635945e-17
900	4.3503439456856665e-17
901	4.4562847474364654e-17
902	4.8015087604442643e-17
903	3.337761989972013e-17
904	2.08911255591618e-17
905	3.096882468888706e-17
906	4.313687401877163e-17
907	3.6754072588186495e-17
908	3.2241700978926503e-17
909	2.9536066438072145e-17
910	2.8575872432378447e-17
911	2.9302129281568733e-17
912	3.165806811088399e-17
913	3.5589057999684015e-17
914	2.0170430747753594e-17
915	2.7052797409680503e-17
916	1.4400193955153613e-17
917	2.403892904676319e-17
918	3.5008838624675326e-17
919	5.091461551423275e-18
920	1.850874236010297e-17
921	3.313181462974854e-17
922	6.4872065408649905e-18
923	2.3320603780643636e-17
924	1.9943838102790126e-17
925	1.7539747963324137e-17
926	1.607506208101088e-17
927	1.5517763865745446e-17
928	1.5837044497923367e-17
929	1.7003257755423243e-17
930	-2.5780790586877835e-18
931	2.176345092401176e-17
932	3.6499725235632284e-18
933	7.885321828279532e-18
934	1.2835294453639246e-17
935	-3.3090726560428288e-18
936	2.4785882692510682e-17
937	9.868498575011755e-18
938	-4.511466467996685e-18
939	3.58759719409384e-18
940	1.2272711621168597e-17
941	-5.252606175280244e-19
942	9.232320805445717e-18
943	1.952200721692756e-17
944	8.143504780605543e-18
945	-2.824502596008856e-18
946	8.875181647836936e-18
947	2.1044087249955187e-17
948	1.1305997505452232e-17
949	1.9197982840929082e-18
950	-7.12783153495252e-18
951	6.6465353777892145e-18
952	2.082402661293319e-17
953	1.2806914623918826e-17
954	5.080021980559232e-18
955	-2.367644780439046e-18
956	-9.546664695137898e-18
957	6.298918580341308e-18
958	-3.2780569908079872e-19
959	1.614126837463586e-17
960	1.0029320712170183e-17
961	4.138917358386348e-18
962	-1.5383414115298481e-18
963	-7.010538361692489e-18
964	-1.2285451213385621e-17
965	5.758256941894589e-18
966	9.013054873440462e-19
967	1.9440071080810023e-17
968	1.4973554199921398e-17
969	1.0669722803351166e-17
970	6.522403020113998e-18
971	2.5256542062871183e-18
972	-1.3262398346177541e-18
973	-5.038779301984821e-18
974	-8.617256531457946e-18
975	-1.2066763823151132e-17
976	-1.539220097612109e-17
977	5.080633496985776e-18
978	2.0355411661851924e-18
979	-8.990460245276112e-19
980	-3.727327718066149e-18
981	1.7410554383060033e-17
982	1.482928636756714e-17
983	1.2342704923838817e-17
984	9.947210821116306e-18
985	7.639341053662875e-18
986	5.4157637024661235e-18
987	3.273272990071966e-18
988	1.2087845213031723e-18
989	-7.806692971000769e-19
990	-2.6979436646059795e-18
991	-4.545785629248136e-18
992	-6.326838170422349e-18
993	-8.043644128089283e-18
994	-9.698649984164645e-18
995	-1.1294209501603302e-17
996	-1.2832587226552468e-17
997	-1.4315961858667924e-17
998	-1.574642949456402e-17
999	-1.7126006749150926e-17
1000	6.296975999266583e-18