1	0.00008484446899284973
2	0.0002537318435079282
3	0.000586946859831184
4	0.0011562284135332214
5	0.002025175445479527
6	0.003249653132108509
7	0.004878197425987668
8	0.006952416211103743
9	0.009507385539273834
10	0.01257203960047596
11	0.016169553251734116
12	0.0203177160873539
13	0.025029297178642926
14	0.030312399744576037
15	0.036170805136946274
16	0.04260430563510844
17	0.04960902564715922
18	0.057177731006964744
19	0.06530012614045312
20	0.07396313895062842
21	0.08315119333937734
22	0.0928464693458557
23	0.10302915093655263
24	0.11367766153148491
25	0.12476888739483662
26	0.1362783890571027
27	0.14818060096984384
28	0.1604490196238469
29	0.17305638038717372
30	0.18597482334157314
31	0.19917604841434164
32	0.21263146011821835
33	0.22631230222456208
34	0.24018978270511668
35	0.2542351892853702
36	0.26841999595805816
37	0.28271596080895617
38	0.29709521550893797
39	0.311530346826521
40	0.32599447051392905
41	0.3404612979172515
42	0.3549051956576713
43	0.3693012387261262
44	0.3836252573282868
45	0.39785387781044534
46	0.4119645579899768
47	0.4259356172065066
48	0.4397462614018852
49	0.45337660352865605
50	0.46680767957791075
51	0.4800214605083795
52	0.4930008603493596
53	0.505729740740628
54	0.5181929121629992
55	0.5303761321035739
56	0.5422661003901339
57	0.5538504519195327
58	0.5651177469954263
59	0.5760574594811989
60	0.5866599629646192
61	0.5969165151215445
62	0.6068192404569184
63	0.616361111592445
64	0.625535929261589
65	0.634338301164097
66	0.6427636198238941
67	0.650808039586202
68	0.6584684528818505
69	0.6657424658791674
70	0.6726283736365046
71	0.6791251348612897
72	0.6852323463746909
73	0.69095021737433
74	0.6962795435811231
75	0.7012216813502107
76	0.7057785218200797
77	0.7099524651683299
78	0.7137463950371762
79	0.7171636531866274
80	0.7202080144283557
81	0.7228836618886154
82	0.7251951626440918
83	0.7271474437703549
84	0.7287457688385308
85	0.729995714892042
86	0.7309031499316324
87	0.7314742109334924
88	0.7317152824220894
89	0.7316329756162743
90	0.7312341081644051
91	0.7305256844814974
92	0.7295148766989966
93	0.7282090062353199
94	0.7266155259932041
95	0.7247420031877975
96	0.7225961028075726
97	0.7201855717083494
98	0.7175182233391026
99	0.7146019230967038
100	0.7114445743053835
101	0.7080541048154065
102	0.7044384542142991
103	0.7006055616429016
104	0.6965633542075651
105	0.6923197359789247
106	0.6878825775669299
107	0.683259706261074
108	0.6784588967241815
109	0.67348786222754
110	0.6683542464147401
111	0.6630656155810865
112	0.6576294514551821
113	0.6520531444689919
114	0.6463439875023828
115	0.6405091700880561
116	0.634555773062578
117	0.628490763649178
118	0.6223209909578761
119	0.6160531818885536
120	0.6096939374225591
121	0.6032497292885358
122	0.5967268969881934
123	0.5901316451679116
124	0.5834700413222154
125	0.5767480138152189
126	0.5699713502064885
127	0.5631456958678065
128	0.5562765528776797
129	0.549369279180573
130	0.5424290879981468
131	0.5354610474800396
132	0.5284700805819822
133	0.5214609651593215
134	0.5144383342643545
135	0.5074066766361031
136	0.5003703373715226
137	0.49333351876739795
138	0.48630028132252173
139	0.47927454489002613
140	0.4722600899701026
141	0.46526055913356645
142	0.45827945856716046
143	0.45132015973166534
144	0.4443859011243171
145	0.4374797901372636
146	0.4306048050040808
147	0.42376379682678467
148	0.4169594916759019
149	0.4101944927566511
150	0.40347128263435494
151	0.39679222551271703
152	0.39015956955867476
153	0.3835754492679849
154	0.37704188786579734
155	0.37056079973690453
156	0.3641339928804679
157	0.35776317138437846
158	0.3514499379145659
159	0.34519579621491686
160	0.33900215361351993
161	0.3328703235314208
162	0.3268015279900554
163	0.320796900113895
164	0.31485748662497215
165	0.3089842503261859
166	0.3031780725704478
167	0.2974397557129715
168	0.2917700255441111
169	0.2861695337003812
170	0.28063886005147654
171	0.2751785150611776
172	0.2697889421203159
173	0.26447051985000447
174	0.259223564373521
175	0.25404833155541584
176	0.24894501920651246
177	0.24391376925351604
178	0.23895466987222957
179	0.23406775758337356
180	0.2292530193100946
181	0.22451039439651793
182	0.21983977658654455
183	0.21524101596245682
184	0.21071392084277138
185	0.20625825963900052
186	0.2018737626709995
187	0.19756012394064987
188	0.19331700286379663
189	0.18914402596022845
190	0.185040788501827
191	0.1810068561188001
192	0.1770417663641761
193	0.17314503023665997
194	0.1693161336620654
195	0.1655545389336461
196	0.16185968611146462
197	0.15823099438128993
198	0.15466786337332536
199	0.15116967444112922
200	0.14773579190128844
201	0.14436556423423635
202	0.14105832524666642
203	0.1378133951962451
204	0.13463008187891737
205	0.13150768167962623
206	0.1284454805868687
207	0.12544275517176592
208	0.12249877353216634
209	0.1196127962026265
210	0.11678407703065861
211	0.1140118640201089
212	0.1112954001421653
213	0.10863392411477753
214	0.10602667115116512
215	0.10347287367796648
216	0.10097176202384375
217	0.09852256507922448
218	0.09612451092774835
219	0.09377682745019617
220	0.09147874290160526
221	0.08922948646219195
222	0.08702828876273241
223	0.08487438238520549
224	0.08276700233922063
225	0.08070538651501451
226	0.07868877611354734
227	0.0767164160545024
228	0.07478755536270516
229	0.07290144753367919
230	0.07105735087890934
231	0.06925452885151397
232	0.06749225035281123
233	0.06576979002054521
234	0.06408642849925618
235	0.0624414526933616
236	0.060834156003601696
237	0.05926383854738884
238	0.0577298073635996
239	0.056231376602317494
240	0.05476786770016113
241	0.05333860954161349
242	0.05194293860692735
243	0.05058019910709044
244	0.04924974310631094
245	0.04795093063255812
246	0.046683129776608656
247	0.045445716779972854
248	0.04423807611231532
249	0.04305960053858912
250	0.04190969117653856
251	0.040787757544790845
252	0.03969321760200542
253	0.03862549777757207
254	0.0375840329940164
255	0.036568266681721265
256	0.035577650786174767
257	0.03461164576811434
258	0.033669720596979265
259	0.03275135273788617
260	0.03185602813253761
261	0.03098324117440721
262	0.030132494678297265
263	0.029303299844794996
264	0.02849517621988913
265	0.027707651649720617
266	0.02694026223118797
267	0.026192552258284135
268	0.02546407416460005
269	0.02475438846222854
270	0.024063063677127426
271	0.023389676281441465
272	0.022733810622778343
273	0.022095058850683122
274	0.02147302084055875
275	0.02086730411527114
276	0.02027752376440671
277	0.019703302361667844
278	0.01914426988026474
279	0.01860006360673316
280	0.01807032805313924
281	0.0175547148679181
282	0.01705288274549923
283	0.01656449733472417
284	0.01608923114648882
285	0.015626763460261678
286	0.015176780230130466
287	0.014738973990093914
288	0.014313043758859775
289	0.013898694944314428
290	0.013495639247611962
291	0.01310359456711466
292	0.012722284902184923
293	0.012351440256994452
294	0.011990796544334123
295	0.011640095489634085
296	0.011299084535101827
297	0.010967516744169204
298	0.010645150706353083
299	0.010331750442390389
300	0.010027085309971177
301	0.009730929909870562
302	0.009443063992757433
303	0.009163272366545351
304	0.008891344804442711
305	0.008627075953723735
306	0.008370265245248762
307	0.008120716803700037
308	0.007878239358797466
309	0.007642646157171712
310	0.00741375487528984
311	0.00719138753315991
312	0.00697537040911708
313	0.006765533955448464
314	0.006561712715011557
315	0.006363745238980469
316	0.0061714740054081485
317	0.0059847453389956845
318	0.00580340933185084
319	0.005627319765250507
320	0.0054563340325901434
321	0.005290313063294236
322	0.0051291212479619725
323	0.004972626364403719
324	0.004820699504914698
325	0.004673215004733458
326	0.004530050371370478
327	0.004391086215288525
328	0.004256206181462247
329	0.004125296882269128
330	0.003998247831324341
331	0.0038749513785353374
332	0.0037553026461202683
333	0.0036391994658373276
334	0.0035265423173446928
335	0.0034172342674677328
336	0.003311180910711697
337	0.0032082903108277146
338	0.0031084729433064067
339	0.0030116416391773562
340	0.002917711529604959
341	0.0028265999917269306
342	0.0027382265953246423
343	0.0026525130508117125
344	0.0025693831578540932
345	0.0024887627553774132
346	0.0024105796722436695
347	0.0023347636790982122
348	0.0022612464412083704
349	0.002189961472089094
350	0.0021208440881934697
351	0.0020538313645804213
352	0.0019888620913596938
353	0.0019258767312052764
354	0.001864817377598153
355	0.0018056277142112131
356	0.0017482529747583852
357	0.001692639904181088
358	0.001638736720246321
359	0.0015864930764141712
360	0.0015358600249888183
361	0.0014867899816217469
362	0.001439236690274484
363	0.001393155188958256
364	0.001348501776563004
365	0.0013052339799733688
366	0.0012633105223416041
367	0.0012226912917720938
368	0.0011833373110016877
369	0.0011452107075629748
370	0.0011082746847923
371	0.0010724934933229798
372	0.001037832403536498
373	0.0010042576783797143
374	0.000971736546987591
375	0.0009402371789196881
376	0.0009097286589675521
377	0.0008801809625152596
378	0.000851564931693809
379	0.0008238522519203005
380	0.000797015429055217
381	0.0007710277671673944
382	0.000745863346820063
383	0.0007214970038606032
384	0.000697904308813426
385	0.0006750615466779177
386	0.0006529456973304515
387	0.0006315344163424905
388	0.0006108060163671991
389	0.0005907394488551978
390	0.0005713142864156159
391	0.0005525107054577956
392	0.0005343094694128368
393	0.0005166919122863877
394	0.0004996399226880607
395	0.0004831359281592674
396	0.00046716288025561403
397	0.00045170423942446375
398	0.00043674396087789257
399	0.00042226648048271815
400	0.0004082567010711804
401	0.0003946999792528215
402	0.00038158211234523684
403	0.0003688893258965389
404	0.00035660826135035196
405	0.00034472596416681246
406	0.0003332298720716076
407	0.0003221078040244675
408	0.0003113479488776447
409	0.0003009388548991307
410	0.00029086941930726916
411	0.00028112887811303103
412	0.0002717067962752684
413	0.00026259305810703913
414	0.000253777857952361
415	0.0002452516910687145
416	0.00023700534491805615
417	0.0002290298904480757
418	0.0002213166738502029
419	0.0002138573083908165
420	0.00020664366658436402
421	0.0001996678724692497
422	0.00019292229408468707
423	0.0001863995364565664
424	0.00018009243431554996
425	0.00017399404533270137
426	0.00016809764350913836
427	0.0001623967127312355
428	0.00015688494030943902
429	0.0001515562111252385
430	0.0001464046014693507
431	0.00014142437349428977
432	0.00013660996946456979
433	0.00013195600632460522
434	0.00012745727049010745
435	0.00012310871267591237
436	0.00011890544294720568
437	0.00011484272582345243
438	0.00011091597564130659
439	0.00010712075189559484
440	0.00010345275494676999
441	0.00009990782161219709
442	0.00009648192102962839
443	0.00009317115058159359
444	0.00008997173194169334
445	0.00008688000739805718
446	0.00008389243590462326
447	0.00008100558964318037
448	0.00007821615054816867
449	0.00007552090677793126
450	0.00007291674956846917
451	0.00007040066993217374
452	0.00006796975563777421
453	0.0000656211881947619
454	0.0000633522398260333
455	0.00006116027079504355
456	0.00005904272657881486
457	0.00005699713521350628
458	0.000055021104721885644
459	0.000053112320549146236
460	0.00005126854326202578
461	0.00004948760605098742
462	0.00004776741252204134
463	0.00004610593451162052
464	0.0000445012097892481
465	0.00004295134014025779
466	0.00004145448932398688
467	0.000040008880926436114
468	0.00003861279672297958
469	0.00003726457466589905
470	0.00003596260711032082
471	0.00003470533918441933
472	0.00003349126704683437
473	0.000032318936171451176
474	0.000031186939944097554
475	0.000030093918011227123
476	0.00002903855484406962
477	0.000028019578279115166
478	0.000027035758158022312
479	0.000026085904987959485
480	0.00002516886856218927
481	0.000024283536767393426
482	0.000023428834355205673
483	0.000022603721678170823
484	0.000021807193659795614
485	0.000021038278546545757
486	0.000020296036959464413
487	0.000019579560750274665
488	0.000018887972036061323
489	0.000018220422206496542
490	0.000017576090903790242
491	0.000016954185291877088
492	0.00001635393890165269
493	0.00001577461102038762
494	0.000015215485636789193
495	0.000014675870829007121
496	0.000014155097856564956
497	0.000013652520358223018
498	0.000013167513829594625
499	0.000012699474633311178
500	0.000012247819503946396
501	0.000011811984865265322
502	0.0000113914260436942
503	0.000010985616853974759
504	0.000010594048737200401
505	0.00001021623049036778
506	9.851687417891686e-6
507	9.499960881215205e-6
508	9.160607814408151e-6
509	8.833200183521845e-6
510	8.517324499284441e-6
511	8.212581207605234e-6
512	7.918584443136964e-6
513	7.634961442047451e-6
514	7.361352097989113e-6
515	7.097408574613916e-6
516	6.8427948864384135e-6
517	6.597186582000539e-6
518	6.360270172432249e-6
519	6.131742953232269e-6
520	5.911312595049495e-6
521	5.69869670324242e-6
522	5.493622594550877e-6
523	5.295826909233277e-6
524	5.1050553287524e-6
525	4.921062287004114e-6
526	4.743610606802833e-6
527	4.5724713118219e-6
528	4.407423250639962e-6
529	4.24825294291574e-6
530	4.094754191669244e-6
531	3.946727964714192e-6
532	3.8039820880374115e-6
533	3.6663309796226325e-6
534	3.5335955169497185e-6
535	3.4056027386902336e-6
536	3.282185680430215e-6
537	3.16318316014607e-6
538	3.0484395828010773e-6
539	2.9378047410508383e-6
540	2.8311335886975703e-6
541	2.728286221055237e-6
542	2.629127501318868e-6
543	2.5335270107823073e-6
544	2.4413589028617195e-6
545	2.352501659761215e-6
546	2.266838058132621e-6
547	2.1842548961941335e-6
548	2.104642977883173e-6
549	2.0278968579377883e-6
550	1.9539147975982075e-6
551	1.8825986233742907e-6
552	1.8138535833528468e-6
553	1.7475882968385903e-6
554	1.6837144867235905e-6
555	1.6221470445725573e-6
556	1.562803758655288e-6
557	1.5056054240741442e-6
558	1.4504755186613841e-6
559	1.3973402376349837e-6
560	1.3461283825664342e-6
561	1.2967712485732887e-6
562	1.249202534056381e-6
563	1.2033582976114267e-6
564	1.1591768651700915e-6
565	1.1165986380165573e-6
566	1.0755662896689853e-6
567	1.036024327334387e-6
568	9.979193600566315e-7
569	9.611998284319872e-7
570	9.258160019803952e-7
571	8.917198774859739e-7
572	8.588652487174426e-7
573	8.272074303674811e-7
574	7.967033998669174e-7
575	7.673116178595944e-7
576	7.389920204746832e-7
577	7.117060111818372e-7
578	6.854163028657536e-7
579	6.600869825780059e-7
580	6.356833768125476e-7
581	6.121720903334897e-7
582	5.89520894831124e-7
583	5.676986915732085e-7
584	5.466754985883329e-7
585	5.264224123507528e-7
586	5.069115689043092e-7
587	4.881161044330412e-7
588	4.700100900443891e-7
589	4.525685163633505e-7
590	4.3576732841784864e-7
591	4.19583257863308e-7
592	4.0399390744374737e-7
593	3.889776580815544e-7
594	3.745137277117666e-7
595	3.6058200114290316e-7
596	3.4716313901180626e-7
597	3.3423848311769423e-7
598	3.217900120275597e-7
599	3.098004242159414e-7
600	2.9825296536042535e-7
601	2.8713151086731693e-7
602	2.764205461031562e-7
603	2.66105094906248e-7
604	2.5617067322203963e-7
605	2.4660339702274737e-7
606	2.3738983271553853e-7
607	2.2851707901548943e-7
608	2.1997261640139585e-7
609	2.1174446631598259e-7
610	2.0382104013956924e-7
611	1.961911947648072e-7
612	1.8884410650544193e-7
613	1.81769482387122e-7
614	1.7495730383080905e-7
615	1.6839793369039754e-7
616	1.6208209338640725e-7
617	1.5600081368446668e-7
618	1.501455420823378e-7
619	1.4450788412331155e-7
620	1.390798936306124e-7
621	1.3385383977110428e-7
622	1.288222616199946e-7
623	1.2397804932017434e-7
624	1.193142887343902e-7
625	1.1482428958146717e-7
626	1.105016664652636e-7
627	1.0634026190262436e-7
628	1.023340952799273e-7
629	9.847741730544813e-8
630	9.476479122750233e-8
631	9.119080335109288e-8
632	8.775038214624159e-8
633	8.443853484348483e-8
634	8.12505610131732e-8
635	7.818184157793108e-8
636	7.522794621290511e-8
637	7.238468799877256e-8
638	6.964785817462911e-8
639	6.701362703847904e-8
640	6.447809168457959e-8
641	6.203765059162048e-8
642	5.96887643603496e-8
643	5.742800994241983e-8
644	5.52521083129824e-8
645	5.315792542148952e-8
646	5.1142446260812574e-8
647	4.9202668128900747e-8
648	4.733584315023712e-8
649	4.553921030718633e-8
650	4.3810184316621034e-8
651	4.214624870752418e-8
652	4.0544929351634926e-8
653	3.900395695631839e-8
654	3.752102477855215e-8
655	3.609400514329723e-8
656	3.4720787885530084e-8
657	3.3399361905690084e-8
658	3.2127815734376876e-8
659	3.090425668162192e-8
660	2.9726892547915776e-8
661	2.859403215885686e-8
662	2.7503949927157152e-8
663	2.645507636938808e-8
664	2.5445889882513264e-8
665	2.4474862556333623e-8
666	2.354059662465216e-8
667	2.2641688614851752e-8
668	2.1776811364143848e-8
669	2.094471439397628e-8
670	2.0144142264260886e-8
671	1.9373944088587266e-8
672	1.8632909744938117e-8
673	1.792001629055739e-8
674	1.7234181995122436e-8
675	1.6574375941190067e-8
676	1.5939618270412906e-8
677	1.532898042374754e-8
678	1.4741557906452783e-8
679	1.41764429533481e-8
680	1.3632834599774096e-8
681	1.3109928994105994e-8
682	1.2606891929177228e-8
683	1.2122996556710807e-8
684	1.165754106388089e-8
685	1.1209821226950393e-8
686	1.077913046512579e-8
687	1.0364870305083429e-8
688	9.966440245490648e-9
689	9.583182542515384e-9
690	9.214547982817983e-9
691	8.859985570810384e-9
692	8.518970240350862e-9
693	8.190975277999958e-9
694	7.875500058190313e-9
695	7.572097853143411e-9
696	7.280265112591724e-9
697	6.999607770215667e-9
698	6.7297027982287285e-9
699	6.470125934519331e-9
700	6.2204794816076675e-9
701	5.9803923947392246e-9
702	5.749492577345861e-9
703	5.5274625098556575e-9
704	5.313928139278119e-9
705	5.108597906746471e-9
706	4.911123769303101e-9
707	4.721212489302431e-9
708	4.538625759278862e-9
709	4.363013149522638e-9
710	4.194190649461902e-9
711	4.031806403998982e-9
712	3.8757030221194265e-9
713	3.7255552299762034e-9
714	3.581204512013631e-9
715	3.442436061495992e-9
716	3.3089787084176524e-9
717	3.1806445175628316e-9
718	3.0572730462889595e-9
719	2.9386475511551602e-9
720	2.824578792405348e-9
721	2.7149050866818017e-9
722	2.6094923568548207e-9
723	2.5080942886006574e-9
724	2.410660037188221e-9
725	2.316970587447666e-9
726	2.2268625480254354e-9
727	2.1402842385461704e-9
728	2.0570157182361668e-9
729	1.976948776631795e-9
730	1.9000310191916163e-9
731	1.8260417087855417e-9
732	1.7549280057737995e-9
733	1.6865527941575886e-9
734	1.6208348268875295e-9
735	1.557636591293244e-9
736	1.4969325845385912e-9
737	1.4385568981351547e-9
738	1.382427604349931e-9
739	1.3284626322837955e-9
740	1.2766359120104697e-9
741	1.2267809069083673e-9
742	1.1788712920780655e-9
743	1.132824490515504e-9
744	1.0885578094689045e-9
745	1.0460165318679168e-9
746	1.0050896702073143e-9
747	9.65806582277714e-10
748	9.280280100442361e-10
749	8.917269686516721e-10
750	8.568202098577076e-10
751	8.232525042424955e-10
752	7.910247563433295e-10
753	7.600254068851923e-10
754	7.302552390565837e-10
755	7.016587773965326e-10
756	6.741242784936632e-10
757	6.477085818600933e-10
758	6.222998455189124e-10
759	5.978986087495724e-10
760	5.744210474455761e-10
761	5.518676221064798e-10
762	5.301825414691082e-10
763	5.093661962916148e-10
764	4.893627294782224e-10
765	4.701443622885687e-10
766	4.5165518246191005e-10
767	4.338954650022246e-10
768	4.1683735355329764e-10
769	4.0045296937803214e-10
770	3.8468631270416426e-10
771	3.695375694380941e-10
772	3.550069020038705e-10
773	3.4101016508544766e-10
774	3.275755871015154e-10
775	3.146751864044761e-10
776	3.0228097057809114e-10
777	2.903649382251716e-10
778	2.788990807490831e-10
779	2.6791154143993517e-10
780	2.57346207510655e-10
781	2.471750479717644e-10
782	2.374261672042103e-10
783	2.2807151081076105e-10
784	2.1905496419630049e-10
785	2.104046004000965e-10
786	2.0209235867873295e-10
787	1.9409018277719852e-10
788	1.8642610841453916e-10
789	1.790440264947241e-10
790	1.719999877681271e-10
791	1.6518182402460137e-10
792	1.5864557546260776e-10
793	1.5236317887863511e-10
794	1.4633459493417547e-10
795	1.4055977512292941e-10
796	1.349826626412693e-10
797	1.2963122112020705e-10
798	1.2450539468912844e-10
799	1.1954915822013084e-10
800	1.1481842754217588e-10
801	1.1025718940502078e-10
802	1.0589335882530902e-10
803	1.0169891025614819e-10
804	9.764584042977918e-11
805	9.376204637710847e-11
806	9.004745904493372e-11
807	8.647408069352984e-11
808	8.304185429352887e-11
809	7.975071787992214e-11
810	7.657270619099939e-11
811	7.353566270210898e-11
812	7.061162988676259e-11
813	6.780055296357522e-11
814	6.510237324802024e-11
815	6.25170281648642e-11
816	6.001660594192176e-11
817	5.7628900375528266e-11
818	5.5353837767348345e-11
819	5.3135707272879356e-11
820	5.10301003082328e-11
821	4.8981339114883974e-11
822	4.704496988781784e-11
823	4.516534924428975e-11
824	4.334244545278648e-11
825	4.163173507461133e-11
826	3.997762915927974e-11
827	3.838008934090993e-11
828	3.683907536507644e-11
829	3.538225607305582e-11
830	3.395415408287953e-11
831	3.2610133750997534e-11
832	3.1294759615940976e-11
833	3.006334605646257e-11
834	2.8832848376575284e-11
835	2.7713846754292883e-11
836	2.6595700963190634e-11
837	2.5533659285604525e-11
838	2.4500060565710532e-11
839	2.3522473007057068e-11
840	2.2573257952713574e-11
841	2.1679955348348826e-11
842	2.081494964995199e-11
843	1.9978214461110128e-11
844	1.9169722480538855e-11
845	1.838944550524496e-11
846	1.7664851000256008e-11
847	1.6968384522986595e-11
848	1.6272546208233806e-11
849	1.5632255160000895e-11
850	1.4992555716805993e-11
851	1.4408308303827059e-11
852	1.3824612990588718e-11
853	1.326887442333687e-11
854	1.2741056435977302e-11
855	1.2213756058201e-11
856	1.1714331781897048e-11
857	1.127008061552145e-11
858	1.0826277171261603e-11
859	1.0382927923110248e-11
860	9.940039332638912e-12
861	9.55216280337348e-12
862	9.164695559550025e-12
863	8.804883405105769e-12
864	8.445459030293942e-12
865	8.113634988311256e-12
866	7.782175804156578e-12
867	7.451086205259957e-12
868	7.1746852033138306e-12
869	6.898595128739709e-12
870	6.622819869041014e-12
871	6.347363304254793e-12
872	6.072229306534633e-12
873	5.851563137283351e-12
874	5.604103483332015e-12
875	5.356942049803956e-12
876	5.1641167364656835e-12
877	4.944525027099586e-12
878	4.752186061844819e-12
879	4.56008524346983e-12
880	4.3682251988131016e-12
881	4.203534034660836e-12
882	4.039051403317937e-12
883	3.874779527312864e-12
884	3.7107206246621994e-12
885	3.5468769086187193e-12
886	3.4100810935848183e-12
887	3.2734661182640283e-12
888	3.1638254215563846e-12
889	3.0007859531318486e-12
890	2.891476618432926e-12
891	2.7823156038859133e-12
892	2.6733043360202547e-12
893	2.564444238589112e-12
894	2.4557367323920393e-12
895	2.347183235104135e-12
896	2.2654162321110654e-12
897	2.1837648135213305e-12
898	2.0756403214272357e-12
899	1.9942440619499008e-12
900	1.912966625840791e-12
901	1.8318090477686758e-12
902	1.7507723601051073e-12
903	1.6963417428332922e-12
904	1.6419911344614154e-12
905	1.561280110993997e-12
906	1.4806938453711765e-12
907	1.42663091907865e-12
908	1.3726509041456664e-12
909	1.318754463769256e-12
910	1.2649422598332373e-12
911	1.2112149528164826e-12
912	1.157573201704577e-12
913	1.104017663904793e-12
914	1.076790525150289e-12
915	1.0233866290471346e-12
916	9.96266710023309e-13
917	9.430166106371547e-13
918	8.898557597273233e-13
919	8.890380964967224e-13
920	8.360110541730576e-13
921	7.830749731319916e-13
922	7.823432359525535e-13
923	7.295437072790485e-13
924	7.028458057778734e-13
925	6.761934679219259e-13
926	6.495870000460043e-13
927	6.230267078760963e-13
928	5.965128964818845e-13
929	5.700458702310396e-13
930	5.694900792982875e-13
931	5.172533868579429e-13
932	5.167435494451379e-13
933	4.904419672772308e-13
934	4.641885748487298e-13
935	4.637241976967921e-13
936	4.118275572603474e-13
937	4.11410872785835e-13
938	4.1099307889824717e-13
939	3.849344135224356e-13
940	3.5892551628068205e-13
941	3.5855542582426526e-13
942	3.3262129191100497e-13
943	3.067377046732714e-13
944	3.0641643255354757e-13
945	3.0609437541402557e-13
946	2.803120586108986e-13
947	2.545812477452098e-13
948	2.5430928530859777e-13
949	2.5403669742163144e-13
950	2.5376347529848e-13
951	2.2816190451878045e-13
952	2.0261297140865745e-13
953	2.023912794881444e-13
954	2.0216911480640609e-13
955	2.0194646998477087e-13
956	2.017233380612438e-13
957	1.763333061433789e-13
958	1.7613639579069603e-13
959	1.5082719070677544e-13
960	1.5065685196092192e-13
961	1.5048618226003238e-13
962	1.503151759015947e-13
963	1.501438275017024e-13
964	1.4997213198301466e-13
965	1.2485399213186014e-13
966	1.2470953875560955e-13
967	9.967471287169278e-14
968	9.955784312251997e-14
969	9.944078288309586e-14
970	9.93235277601071e-14
971	9.920607359471408e-14
972	9.908841645367931e-14
973	9.897055262082717e-14
974	9.88524785888228e-14
975	9.87341910512577e-14
976	9.861568689503177e-14
977	7.38921030329383e-14
978	7.38021549020701e-14
979	7.371206618453142e-14
980	7.362183400936641e-14
981	4.904309082480534e-14
982	4.898189599130419e-14
983	4.892063246444374e-14
984	4.885929751704848e-14
985	4.879788855897043e-14
986	4.873640313189461e-14
987	4.867483890433865e-14
988	4.8613193666839654e-14
989	4.855146532732197e-14
990	4.84896519066371e-14
991	4.842775153427237e-14
992	4.836576244421861e-14
993	4.830368297099402e-14
994	4.824151154581632e-14
995	4.817924669291817e-14
996	4.81168870260013e-14
997	4.805443124482285e-14
998	4.799187813190977e-14
999	4.7929226549397026e-14
1000	2.3949077417426818e-14