1	0.9849259866135596
2	3.841212161831347
3	8.425462338057459
4	14.59950949601109
5	22.230438937576533
6	31.190591490294175
7	41.35754865548743
8	52.61410146657484
9	64.848204705398
10	77.95291801211296
11	91.82633531805183
12	106.37150393069344
13	121.4963345052137
14	137.11350304776164
15	153.1403460113776
16	169.49874946609924
17	186.11503325004477
18	202.91983093792365
19	219.84796639725602
20	236.83832764041458
21	253.83373862220546
22	270.7808295779095
23	287.62990644533437
24	304.33481986626913
25	320.8528342176885
26	337.1444970808797
27	353.17350951728366
28	368.90659748305313
29	384.31338468003077
30	399.3662671088742
31	414.04028956030425
32	428.31302425277806
33	442.1644517992029
34	455.57684466146543
35	468.5346532294721
36	481.024394640979
37	493.0345444396179
38	504.5554311511256
39	515.5791338417683
40	526.0993827082197
41	536.1114627346578
42	545.6121204404736
43	554.5994737306897
44	563.072924850918
45	571.0330764393128
46	578.4816506595345
47	585.4214113910781
48	591.8560894464495
49	597.7903107785149
50	603.2295276358559
51	608.1799526190829
52	612.6484955867959
53	616.6427033560792
54	620.1707021392117
55	623.2411426554446
56	625.8631478543441
57	628.0462631852199
58	629.8004093455603
59	631.1358374401076
60	632.0630864812546
61	632.5929431607627
62	632.7364038223607
63	632.5046385646299
64	631.9089574035718
65	630.9607784245304
66	629.6715978534803
67	628.0529619783284
68	626.1164408515275
69	623.873603706162
70	621.3359960186425
71	618.5151181521395
72	615.4224055161083
73	612.0692101784311
74	608.46678386801
75	604.6262623070038
76	600.5586508133098
77	596.2748111153127
78	591.7854493224265
79	587.1011049964513
80	582.2321412702876
81	577.1887359621023
82	571.9808736345799
83	566.6183385504573
84	561.1107084770764
85	555.4673492942578
86	549.6974103613203
87	543.8098206006141
88	537.8132852564299
89	531.7162832896607
90	525.5270653700675
91	519.2536524294109
92	512.9038347402213
93	506.4851714862874
94	500.0049907923984
95	493.4703901821626
96	486.8882374340765
97	480.2651718072912
98	473.6076056097745
99	466.9217260827945
100	460.21349757683197
101	453.48866399520114
102	446.75275148275523
103	440.01107133816885
104	433.2687231293331
105	426.53059799241726
106	419.80138209616445
107	413.08556025390993
108	406.38741966677424
109	399.7110537823391
110	393.060366254023
111	386.4390749871424
112	379.8507162584875
113	373.2986488970167
114	366.78605851395986
115	360.3159617713933
116	353.891210678987
117	347.514496909303
118	341.18835612263155
119	334.91517229296477
120	328.6971820272783
121	322.5364788708425
122	316.43501759179117
123	310.3946184386988
124	304.4169713654025
125	298.5036402177029
126	292.656066877096
127	286.8755753570204
128	281.1633758475547
129	275.520568704837
130	269.9481483818409
131	264.44700729748934
132	259.0179396413869
133	253.66164511175143
134	248.37873258443744
135	243.1697237111678
136	238.03505644538137
137	232.97508849431475
138	227.990100696181
139	223.08030032150054
140	218.24582429785903
141	213.48674235751628
142	208.8030601075146
143	204.19472202204025
144	199.66161435699385
145	195.20356798683684
146	190.8203611638998
147	186.51172220051774
148	182.2773320743867
149	178.1168269577315
150	174.02980067087105
151	170.01580706095896
152	166.07436230666238
153	162.2049471497021
154	158.40700905415736
155	154.67996429458404
156	151.02319997398024
157	147.43607597273243
158	143.91792682967923
159	140.46806355651532
160	137.08577538671906
161	133.77033146031707
162	130.52098244572514
163	127.33696209999421
164	124.21748876877223
165	121.1617668273264
166	118.1689880639622
167	115.23833300720992
168	112.36897219812201
169	109.56006740904743
170	106.81077281025618
171	104.12023608574926
172	101.48759949963427
173	98.91200091439536
174	96.39257476239376
175	93.92845297193993
176	91.5187658492563
177	89.16264291760297
178	86.85921371488894
179	84.6076085510285
180	82.4069592262788
181	80.25639971183828
182	78.15506679387143
183	76.10210068220626
184	74.09664558484958
185	72.13785024949618
186	70.2248684731602
187	68.35685958103699
188	66.53298887571218
189	64.75242805774342
190	63.01435561871315
191	61.31795720773199
192	59.66242597242089
193	58.04696287533052
194	56.47077698675618
195	54.93308575490292
196	53.43311525425516
197	51.97010041308639
198	50.54328522094575
199	49.15192291694242
200	47.79527615968268
201	46.47261717962292
202	45.18322791459406
203	43.92640012930097
204	42.70143551943987
205	41.50764580121918
206	40.3443527869108
207	39.21088844711801
208	38.10659496036696
209	37.03082475070848
210	35.98294051384993
211	34.962315232462
212	33.96833218117066
213	33.00038492181084
214	32.05787728946471
215	31.14022336975116
216	30.24684746789393
217	29.377184070036982
218	28.530677797224325
219	27.706783352508946
220	26.904965461615976
221	26.124698807546586
222	25.36546795950317
223	24.62676729654742
224	23.908100926306897
225	23.20898259910974
226	22.528935617840876
227	21.86749274388107
228	21.224196099395428
229	20.59859706628546
230	19.990256182067405
231	19.3987430329657
232	18.82363614444167
233	18.26452286944665
234	17.720999274601905
235	17.1926700245229
236	16.67914826452247
237	16.180055501887757
238	15.695021485919627
239	15.223684086908273
240	14.765689174247136
241	14.320690493821907
242	13.888349544849241
243	13.468335456309996
244	13.060324863110543
245	12.664001782121485
246	12.279057488215491
247	11.905190390402613
248	11.542105908220456
249	11.189516348429143
250	10.84714078217201
251	10.514704922645993
252	10.191941003387688
253	9.87858765728393
254	9.574389796327221
255	9.279098492249984
256	8.99247085806692
257	8.714269930593714
258	8.444264554019192
259	8.182229264555795
260	7.927944176241741
261	7.681194867948888
262	7.441772271587927
263	7.209472561608474
264	6.984097045823873
265	6.765452057519316
266	6.5533488489848395
267	6.347603486405957
268	6.148036746181587
269	5.954474012688349
270	5.766745177467803
271	5.5846845399192615
272	5.408130709458215
273	5.236926509160805
274	5.070918880914793
275	4.9099587920948835
276	4.753901143716143
277	4.602604680141652
278	4.455931900272238
279	4.313748970280801
280	4.175925637843619
281	4.042335147888136
282	3.912854159854763
283	3.7873626664364557
284	3.665743913858197
285	3.5478843235793494
286	3.433673415531742
287	3.3230037327921234
288	3.2157707677128196
289	3.1118728895122927
290	3.011211273278727
291	2.913689830404265
292	2.819215140415575
293	2.727696384204023
294	2.639045278618505
295	2.5531760124345517
296	2.470005183646984
297	2.389451738096583
298	2.3114369094221194
299	2.2358841602766177
300	2.1627191248481688
301	2.091869552612109
302	2.023265253345619
303	1.9568380433467982
304	1.892521692863943
305	1.830251874711828
306	1.7699661140538585
307	1.711603739316376
308	1.655105834264983
309	1.6004151911489686
310	1.5474762649722398
311	1.496235128808471
312	1.4466394301997965
313	1.3986383485646177
314	1.3521825536239636
315	1.307224164851326
316	1.2637167118594461
317	1.2216150957832081
318	1.1808755515923997
319	1.1414556113168666
320	1.1033140682011875
321	1.066410941723
322	1.030707443511336
323	0.9961659440764433
324	0.9627499404027619
325	0.9304240243760359
326	0.8991538519641616
327	0.8689061132309894
328	0.8396485030720385
329	0.811349692745741
330	0.783979302107316
331	0.7575078725843841
332	0.7319068408287678
333	0.7071485130783163
334	0.6832060401982916
335	0.6600533933449759
336	0.6376653403036925
337	0.6160174224503182
338	0.5950859322993073
339	0.5748478916983435
340	0.5552810305593094
341	0.536363766199277
342	0.5180751832012878
343	0.5003950138761021
344	0.4833036191834719
345	0.46678197024540496
346	0.45081163030515103
347	0.4353747372163492
348	0.42045398641846327
349	0.40603261435078386
350	0.3920943823476267
351	0.37862356098895306
352	0.365604914860602
353	0.3530236877694005
354	0.3408655883421521
355	0.3291167760762056
356	0.3177638477094701
357	0.3067938240619078
358	0.2961941371719267
359	0.2859526178765765
360	0.276057483649657
361	0.2664973268843559
362	0.25726110345220643
363	0.24833812158963395
364	0.2397180311613487
365	0.2313908131510709
366	0.2233467695290886
367	0.2155765133580161
368	0.2080709592349755
369	0.2008213139738572
370	0.1938190675864101
371	0.1870559844937976
372	0.18052409504654476
373	0.17421568724436734
374	0.16812329872820395
375	0.16223970900627588
376	0.15655793190243802
377	0.1510712082196456
378	0.14577299865577548
379	0.1406569768972741
380	0.13571702292710305
381	0.13094721654127528
382	0.12634183105548444
383	0.12189532719541886
384	0.1176023471841715
385	0.11345770898986261
386	0.10945640076394171
387	0.10559357543528064
388	0.10186454548267469
389	0.09826477784271222
390	0.09478988900305656
391	0.0914356402174551
392	0.08819793288970688
393	0.08507280408263403
394	0.08205642217372118
395	0.07914508262562278
396	0.0763352039440651
397	0.07362332366341791
398	0.0710060945546476
399	0.06848028089303942
400	0.06604275484995377
401	0.0636904930194513
402	0.06142057301587881
403	0.05923017021713101
404	0.057116554579095195
405	0.05507708757015113
406	0.05310921917136837
407	0.051210485035329295
408	0.049378503637533204
409	0.047610973606426174
410	0.04590567109428605
411	0.04426044723492632
412	0.04267322568757963
413	0.04114200025579779
414	0.0396648325831271
415	0.03823984991417602
416	0.03686524295152435
417	0.03553926374194009
418	0.03426022366675089
419	0.033026491472288484
420	0.03183649138115104
421	0.03068870124617202
422	0.029581650761448707
423	0.02851391977662641
424	0.027484136594146686
425	0.02649097636934588
426	0.025533159556480042
427	0.024609450401671056
428	0.023718655454491238
429	0.02285962219211593
430	0.02203123761618196
431	0.02123242696144087
432	0.020462152392016722
433	0.0197194117632134
434	0.01900323743376502
435	0.01831269509988179
436	0.01764688267849926
437	0.01700492921365932
438	0.01638599383613801
439	0.015789264734052236
440	0.015213958191408732
441	0.014659317622676266
442	0.014124612660317745
443	0.013609138263574962
444	0.013112213857062415
445	0.012633182521285613
446	0.01217141015454155
447	0.01172628472002553
448	0.011297215497635155
449	0.010883632338047358
450	0.010484984981756233
451	0.010100742364915751
452	0.009730391974663945
453	0.009373439213620745
454	0.009029406771100309
455	0.008697834053043987
456	0.008378276597569026
457	0.008070305522627897
458	0.007773506992474782
459	0.007487481692279275
460	0.007211844346639899
461	0.006946223216708505
462	0.006690259644422479
463	0.006443607605862927
464	0.0062059332547316345
465	0.0059769145246198665
466	0.005756240719097741
467	0.00554361209243942
468	0.005338739506265991
469	0.0051413440387981
470	0.004951156631927262
471	0.0047679177626070365
472	0.004591377102951457
473	0.004421293188387153
474	0.00425743313259905
475	0.004099572312276939
476	0.003947494085134089
477	0.00380098950825909
478	0.003659857073464602
479	0.0035239024487103104
480	0.0033929382173947587
481	0.003266783646027502
482	0.00314526444998477
483	0.0030282125574057736
484	0.002915465907321265
485	0.002806868221175651
486	0.0027022688170743017
487	0.002601522400330766
488	0.0025044888802749346
489	0.002411033185673021
490	0.002321025078803169
491	0.00223433900993239
492	0.0021508539177899585
493	0.00207045310391704
494	0.001993024050316875
495	0.0019184582972365549
496	0.0018466512837872898
497	0.0017775022042842608
498	0.0017109139026783974
499	0.0016467927076190864
500	0.0015850483335464482
501	0.0015255937587192452
502	0.0014683450913179229
503	0.0014132214850394514
504	0.0013601449982073883
505	0.001309040530374339
506	0.0012598356857300443
507	0.0012124606889509346
508	0.0011668482977089806
509	0.001122933709058537
510	0.0010806544736938278
511	0.0010399503957340976
512	0.0010007634795824352
513	0.0009630378344046253
514	0.0009267195977558565
515	0.0008917568672037543
516	0.0008580996287755213
517	0.0008256996990421734
518	0.0007945106360597106
519	0.0007644877003796749
520	0.000735587787755201
521	0.0007077693587421474
522	0.0006809923960318244
523	0.0006552183419086961
524	0.000630410049462297
525	0.0006065317335601364
526	0.0005835489131813631
527	0.0005614283759573691
528	0.0005401381200799255
529	0.0005196473240483254
530	0.0004999262881924581
531	0.0004809464096666559
532	0.0004626801348440284
533	0.0004451009171581337
534	0.0004281831916219409
535	0.0004119023295713226
536	0.0003962346101007946
537	0.00038115718576127574
538	0.00036664805094064435
539	0.00035268601012869026
540	0.000339250643267746
541	0.00032632229624430836
542	0.00031388202920804644
543	0.00030191160406750644
544	0.00029039346067729287
545	0.00027931068172372473
546	0.00026864698277343613
547	0.0002583866742023668
548	0.00024851465390286667
549	0.00023901637188203842
550	0.0002298778200345807
551	0.00022108551063905991
552	0.00021262645479923331
553	0.00020448815204424773
554	0.00019665855465453937
555	0.00018912607117886152
556	0.0001818795306724222
557	0.000174908191724989
558	0.00016820170101844477
559	0.00016175009387272343
560	0.00015554377794542708
561	0.00014957351690079586
562	0.00014383041684960367
563	0.0001383059183573716
564	0.0001329917828252046
565	0.00012788006765849917
566	0.00012296314617204714
567	0.00011823365474077004
568	0.00011368452104637313
569	0.00010930893077181351
570	0.00010510032504242048
571	0.0001010523866671206
572	0.00009715904591855564
573	0.00009341444718964322
574	0.00008981296312373478
575	0.00008634917242174532
576	0.00008301785718728927
577	0.0000798140002525602
578	0.00007673276575747899
579	0.00007376950482529725
580	0.0000709197389164451
581	0.00006817916269055435
582	0.00006554363013625479
583	0.00006300914905955557
584	0.000060571878348005216
585	0.00005822812244135517
586	0.00005597432579681864
587	0.00005380706734982928
588	0.000051723052192348634
589	0.000049719108810228984
590	0.00004779219186639392
591	0.00004593936275815814
592	0.00004415779795249708
593	0.00004244477787487087
594	0.000040797692446986126
595	0.00003921402165762221
596	0.00003769134664196126
597	0.00003622733857091845
598	0.000034819753093710046
599	0.000033466438618480194
600	0.000032165316907510726
601	0.00003091439135662494
602	0.000029711744192385
603	0.00002855552814491269
604	0.00002744396089600531
605	0.000026375336090232834
606	0.00002534800672951836
607	0.000024360393416257993
608	0.000023410967769811162
609	0.000022498268930442572
610	0.000021620886979616622
611	0.000020777468411741467
612	0.000019966702336785997
613	0.000019187342445843652
614	0.000018438179462583536
615	0.000017718052109274702
616	0.000017025844314791984
617	0.00001636047968464112
618	0.000015720932428950527
619	0.000015106199901289197
620	0.000014515332715676381
621	0.000013947410036656352
622	0.00001340154502897403
623	0.000012876893018145744
624	0.000012372635037217179
625	0.000011887980535677709
626	0.00001142217553200835
627	0.000010974494375530197
628	0.000010544234259637622
629	0.000010130720644568682
630	9.733315378808177e-6
631	9.35138671296407e-6
632	8.984341934965972e-6
633	8.631600124695461e-6
634	8.292613868744428e-6
635	7.966847487939765e-6
636	7.653787876957546e-6
637	7.352949881477276e-6
638	7.0638491660841975e-6
639	6.786042821821957e-6
640	6.51908329732097e-6
641	6.262556264988144e-6
642	6.016056236933417e-6
643	5.7791919559837434e-6
644	5.551589067049046e-6
645	5.332890081727416e-6
646	5.122751649442476e-6
647	4.920833768727898e-6
648	4.726823989433219e-6
649	4.540410471828374e-6
650	4.361300792786334e-6
651	4.189211164483107e-6
652	4.023863740239614e-6
653	3.8650026779759155e-6
654	3.712369989717031e-6
655	3.565726957221358e-6
656	3.424838042344314e-6
657	3.2894788987839645e-6
658	3.159436342723537e-6
659	3.034500326021038e-6
660	2.914471927145835e-6
661	2.799163319497174e-6
662	2.688384443443339e-6
663	2.5819616254897503e-6
664	2.4797269038715694e-6
665	2.381512710667963e-6
666	2.2871651321730853e-6
667	2.196530621575036e-6
668	2.1094639445204322e-6
669	2.0258281533103216e-6
670	1.9454866364065073e-6
671	1.8683136817519403e-6
672	1.7941786172646427e-6
673	1.7229695506377177e-6
674	1.6545696054094563e-6
675	1.5888674692775574e-6
676	1.5257573765907869e-6
677	1.4651390904199298e-6
678	1.40691526139299e-6
679	1.3509888003440626e-6
680	1.2972733553623218e-6
681	1.245682805950019e-6
682	1.1961286539747674e-6
683	1.14853309417183e-6
684	1.1028211445470815e-6
685	1.0589180319378326e-6
686	1.0167491956035497e-6
687	9.76250695016076e-7
688	9.373587695304437e-7
689	9.000046492213069e-7
690	8.64130144451334e-7
691	8.296772345186655e-7
692	7.96590658937155e-7
693	7.648153214262531e-7
694	7.34298875950769e-7
695	7.0499429741202e-7
696	6.768495448867796e-7
697	6.498230443222045e-7
698	6.238707730813913e-7
699	5.989488454273592e-7
700	5.75016082501996e-7
701	5.520340011847035e-7
702	5.299642400097142e-7
703	5.087736811126854e-7
704	4.884241955193364e-7
705	4.6888544527281656e-7
706	4.5012208430477495e-7
707	4.3210398441808515e-7
708	4.1480620989507333e-7
709	3.981937273371205e-7
710	3.822468745940179e-7
711	3.669308168867141e-7
712	3.522285964528956e-7
713	3.38108106812795e-7
714	3.245525410957209e-7
715	3.1154008924123186e-7
716	2.9904396640247935e-7
717	2.8704505222453135e-7
718	2.7552681144217773e-7
719	2.6446773107392185e-7
720	2.538488903508208e-7
721	2.436539474951631e-7
722	2.338691263502939e-7
723	2.244706766046651e-7
724	2.154524577099605e-7
725	2.0679334572877616e-7
726	1.9847729300643596e-7
727	1.904982879174684e-7
728	1.828353884535283e-7
729	1.7547768968629692e-7
730	1.6841929628944088e-7
731	1.6163943587925916e-7
732	1.5513229875396738e-7
733	1.4888466322043198e-7
734	1.428883072228197e-7
735	1.3713009725310072e-7
736	1.3160682372211175e-7
737	1.263029605493274e-7
738	1.2121043281873195e-7
739	1.16321196626051e-7
740	1.1163215081338111e-7
741	1.0712793825740552e-7
742	1.0280551825887193e-7
743	9.865696484247149e-8
744	9.467438444027066e-8
745	9.085235686162754e-8
746	8.718060743438568e-8
747	8.366107994619301e-8
748	8.028111348411268e-8
749	7.703781924673544e-8
750	7.392346694928186e-8
751	7.093278280837898e-8
752	6.806535374860582e-8
753	6.531109929535548e-8
754	6.266963862803858e-8
755	6.013576861907008e-8
756	5.769949490279377e-8
757	5.536529388657963e-8
758	5.312321083525966e-8
759	5.097292948774738e-8
760	4.8906948460436885e-8
761	4.6924976307324455e-8
762	4.502194366222691e-8
763	4.319757488763658e-8
764	4.1446829173035056e-8
765	3.9767068312156704e-8
766	3.815328994068171e-8
767	3.660526054734393e-8
768	3.512037628630261e-8
769	3.369604492102584e-8
770	3.232732314220008e-8
771	3.101401134334642e-8
772	2.975590894907825e-8
773	2.8545755058000456e-8
774	2.7385726119957368e-8
775	2.6273291505704537e-8
776	2.5205932690188206e-8
777	2.418114332459231e-8
778	2.319642930727563e-8
779	2.2253976211299775e-8
780	2.134896464985467e-8
781	2.04789278390025e-8
782	1.9646059231751148e-8
783	1.8847897404948484e-8
784	1.8079676171491005e-8
785	1.7343597181692038e-8
786	1.6637226976265566e-8
787	1.5958144801177716e-8
788	1.5308550899886854e-8
789	1.4683729434792825e-8
790	1.408818060040818e-8
791	1.3512612662131368e-8
792	1.2961531698732086e-8
793	1.2432554319599035e-8
794	1.192559428641792e-8
795	1.1440565034120932e-8
796	1.09728247496095e-8
797	1.0524580465522e-8
798	1.0095754774358372e-8
799	9.681735222801987e-9
800	9.286992096309699e-9
801	8.906925914448135e-9
802	8.543735745162538e-9
803	8.195099162732015e-9
804	7.858707066190417e-9
805	7.53675791682176e-9
806	7.229192719761154e-9
807	6.933711994179596e-9
808	6.650266583660653e-9
809	6.378807171608625e-9
810	6.1170542256722346e-9
811	5.867195015395642e-9
812	5.626956558761386e-9
813	5.396299223395463e-9
814	5.175183254428264e-9
815	4.9635687764919634e-9
816	4.759206323833726e-9
817	4.564272149104258e-9
818	4.378726039429375e-9
819	4.198129423035634e-9
820	4.026853939709488e-9
821	3.86047465923698e-9
822	3.7033492215061725e-9
823	3.5510663750340843e-9
824	3.403606140875837e-9
825	3.265305123390781e-9
826	3.131772668076738e-9
827	3.002988604728079e-9
828	2.8789327089162747e-9
829	2.7617490811843278e-9
830	2.6470851407390504e-9
831	2.539245761513193e-9
832	2.433892238411459e-9
833	2.3353153547253167e-9
834	2.2370434393388597e-9
835	2.1476504182681257e-9
836	2.0585352020451374e-9
837	1.9739708761238504e-9
838	1.8918039258992996e-9
839	1.814153459076299e-9
840	1.7388729330516552e-9
841	1.6680743409239478e-9
842	1.5996181270312832e-9
843	1.533493998534686e-9
844	1.4696916398033876e-9
845	1.4082007128735988e-9
846	1.3511153969286502e-9
847	1.296313678665254e-9
848	1.2416877044971237e-9
849	1.1914254823000626e-9
850	1.141325231896273e-9
851	1.0955607144641055e-9
852	1.0499443287075798e-9
853	1.0065559115361764e-9
854	9.653849444388159e-10
855	9.24348363265182e-10
856	8.855152800575654e-10
857	8.509405182814868e-10
858	8.164791488862619e-10
859	7.821312956471953e-10
860	7.478970796330029e-10
861	7.178787791555539e-10
862	6.879600212664796e-10
863	6.601848202874488e-10
864	6.325021886096651e-10
865	6.069489555926436e-10
866	5.814812898996422e-10
867	5.560992717865021e-10
868	5.348549059704044e-10
869	5.136819597769742e-10
870	4.925804969940031e-10
871	4.715505797809455e-10
872	4.505922686761428e-10
873	4.337215581721741e-10
874	4.149037900590636e-10
875	3.961505856352601e-10
876	3.8145629642661714e-10
877	3.648186918600587e-10
878	3.5022850472494745e-10
879	3.3568862100088426e-10
880	3.2119907651518964e-10
881	3.087389996515622e-10
882	2.9632209939433315e-10
883	2.83948404519359e-10
884	2.716179428709669e-10
885	2.593307413662351e-10
886	2.4904782996357064e-10
887	2.388009869567751e-10
888	2.305439933758127e-10
889	2.1841558917924142e-10
890	2.102235860936634e-10
891	2.02060479730547e-10
892	1.9392628525253645e-10
893	1.8582101722133443e-10
894	1.7774468960053264e-10
895	1.6969731575843785e-10
896	1.6360365465067168e-10
897	1.5753171138687928e-10
898	1.4956401087494595e-10
899	1.4353916313911174e-10
900	1.375360610190916e-10
901	1.3155471264932588e-10
902	1.2559512572969883e-10
903	1.2155662702571246e-10
904	1.175326346117215e-10
905	1.116311037492092e-10
906	1.0575135998842833e-10
907	1.0177818732324284e-10
908	9.781954008906575e-11
909	9.387542211515813e-11
910	8.994583694953448e-11
911	8.603078786034966e-11
912	8.213027783728333e-11
913	7.824430959292227e-11
914	7.623220466582223e-11
915	7.237168924588518e-11
916	7.037776549258416e-11
917	6.65427101948986e-11
918	6.272220609925137e-11
919	6.259851388279346e-11
920	5.879983966092881e-11
921	5.501571943953525e-11
922	5.4906586631741293e-11
923	5.1144300374641516e-11
924	4.921951059620676e-11
925	4.730200108741093e-11
926	4.539177200844719e-11
927	4.348882338829795e-11
928	4.159315512541206e-11
929	3.9704766988380304e-11
930	3.962478192922675e-11
931	3.594982952100078e-11
932	3.5877132492169726e-11
933	3.4014225699780655e-11
934	3.2158596447489505e-11
935	3.2093195881441656e-11
936	2.8469166575457564e-11
937	2.841105096451491e-11
938	2.8352945309288623e-11
939	2.65264251012363e-11
940	2.4707176130473815e-11
941	2.4656362129507777e-11
942	2.2848021856884496e-11
943	2.1046948283563983e-11
944	2.100342100439994e-11
945	2.095990370433616e-11
946	1.9173366941507725e-11
947	1.739409001201597e-11
948	1.7357852071025524e-11
949	1.7321623614217537e-11
950	1.7285404928353082e-11
951	1.552427995576513e-11
952	1.377040475312433e-11
953	1.3741454400591111e-11
954	1.371251278013239e-11
955	1.3683580115911354e-11
956	1.3654656631105637e-11
957	1.1922528051821136e-11
958	1.1897236533422182e-11
959	1.0175963793200679e-11
960	1.0154300161528784e-11
961	1.0132644247727592e-11
962	1.011099621449261e-11
963	1.008935622379154e-11
964	1.0067724436864497e-11
965	8.371754182102043e-12
966	8.35374165046361e-12
967	6.668592817379198e-12
968	6.654194351580946e-12
969	6.639801892677568e-12
970	6.625415544996274e-12
971	6.611035412389994e-12
972	6.596661598237411e-12
973	6.582294205443029e-12
974	6.567933336437305e-12
975	6.553579093176795e-12
976	6.539231577144325e-12
977	4.8936714378557076e-12
978	4.8829210045636125e-12
979	4.8721758468601225e-12
980	4.861436039300759e-12
981	3.2338048880125477e-12
982	3.226652166030088e-12
983	3.2195031631103046e-12
984	3.2123579278662857e-12
985	3.205216508683957e-12
986	3.198078953722022e-12
987	3.190945310911932e-12
988	3.1838156279578306e-12
989	3.1766899523366078e-12
990	3.1695683312978596e-12
991	3.16245081186397e-12
992	3.1553374408301297e-12
993	3.1482282647644296e-12
994	3.1411233300079414e-12
995	3.1340226826748115e-12
996	3.1269263686523927e-12
997	3.119834433601367e-12
998	3.112746922955883e-12
999	3.105663881923751e-12
1000	1.5492955665767788e-12