1	0.3981540870262893
2	0.7724754904071872
3	1.1239990010985483
4	1.4537249530932974
5	1.7626197574681055
6	2.051616479942326
7	2.321615456123789
8	2.573484939069325
9	2.8080617742128555
10	3.0261520971122993
11	3.2285320498395955
12	3.4159485121872866
13	3.5891198441916576
14	3.7487366367775756
15	3.895462467615044
16	4.029934659543445
17	4.1527650391670585
18	4.264540693456535
19	4.3658247224055025
20	4.45715698599141
21	4.53905484387502
22	4.612013886445083
23	4.676508655974235
24	4.732993356799694
25	4.781902553578923
26	4.823651856796454
27	4.858638594814258
28	4.887242471865258
29	4.9098262114877125
30	4.926736184989037
31	4.938303024609894
32	4.944842221135612
33	4.94665470577086
34	4.9440274161565885
35	4.9372338464655074
36	4.926534581564216
37	4.912177815277057
38	4.894399852828893
39	4.8734255975820675
40	4.849469022216705
41	4.82273362453358
42	4.793412868085737
43	4.761690607868482
44	4.727741501317924
45	4.691731404886305
46	4.653817756477589
47	4.614149944039834
48	4.572869660621894
49	4.530111246210915
50	4.486002016674254
51	4.440662580135017
52	4.3942071411145305
53	4.346743792777584
54	4.298374797617979
55	4.249196856921932
56	4.199301369346586
57	4.148774678948876
58	4.09769831299795
59	4.046149209900882
60	3.994199937567892
61	3.9419189025386667
62	3.889370550186632
63	3.836615556312698
64	3.783711010434121
65	3.73071059106828
66	3.6776647333046895
67	3.6246207889520017
68	3.5716231795401012
69	3.5187135424502953
70	3.4659308704397223
71	3.413311644818872
72	3.3608899625339665
73	3.3086976573986875
74	3.256764415712618
75	3.205117886496338
76	3.1537837865662057
77	3.102786000664564
78	3.0521466768539915
79	3.0018863173774704
80	2.952023865179244
81	2.9025767862744645
82	2.853561148149072
83	2.8049916943647593
84	2.7568819155374893
85	2.7092441168518473
86	2.6620894822672034
87	2.6154281355658613
88	2.5692691983874467
89	2.5236208453880926
90	2.478490356657487
91	2.4338841675215472
92	2.3898079158530714
93	2.346266487007884
94	2.3032640564989526
95	2.26080413051625
96	2.2188895843954737
97	2.177522699134492
98	2.1367051960517545
99	2.096438269677151
100	2.056722618961469
101	2.017558476886974
102	1.978945638557801
103	1.9408834878453154
104	1.9033710226601628
105	1.8664068789194024
106	1.8299893532739735
107	1.794116424658587
108	1.758785774723402
109	1.7239948072038203
110	1.6897406662821397
111	1.6560202539922542
112	1.6228302467160636
113	1.590167110817809
114	1.5580271174604763
115	1.526406356646074
116	1.4953007505195597
117	1.4647060659742155
118	1.4346179265944683
119	1.4050318239700932
120	1.3759431284143593
121	1.3473470991166985
122	1.3192388937591382
123	1.2916135776242088
124	1.2644661322203874
125	1.2377914634502252
126	1.2115844093445058
127	1.1858397473849849
128	1.1605522014367737
129	1.1357164483105537
130	1.111327123973612
131	1.0873788294276987
132	1.0638661362708306
133	1.04078359195919
134	1.0181257247844209
135	0.9958870485808206
136	0.9740620671761954
137	0.9526452785992949
138	0.9316311790561864
139	0.9110142666872254
140	0.8907890451155333
141	0.870950026797576
142	0.851491736185551
143	0.8324087127110673
144	0.8136955135988494
145	0.7953467165188791
146	0.7773569220849936
147	0.7597207562072293
148	0.742432872305273
149	0.725487953389489
150	0.7088807140161572
151	0.6926059021227035
152	0.6766583007488648
153	0.6610327296490104
154	0.6457240468009416
155	0.6307271498158697
156	0.6160369772543188
157	0.601648509852277
158	0.5875567716617525
159	0.5737568311096413
160	0.5602438019788293
161	0.5470128443148079
162	0.5340591652614426
163	0.5213780198289522
164	0.5089647115972225
165	0.49681459335734307
166	0.48492306769417787
167	0.47328558751250915
168	0.4618976565093731
169	0.450754829594964
170	0.4398527132643082
171	0.42918696592201566
172	0.41875329816208456
173	0.4085474730047938
174	0.39856530609262697
175	0.3888026658469676
176	0.3792554735873151
177	0.36991970361478216
178	0.36079138326135934
179	0.3518665929065063
180	0.34314146596261713
181	0.33461218883061433
182	0.32627500082719113
183	0.3181261940848605
184	0.31016211342616834
185	0.3023791562131802
186	0.29477377217345907
187	0.287342463203637
188	0.28008178315158755
189	0.2729883375783576
190	0.26605878350068285
191	0.25928982911519854
192	0.25267823350516155
193	0.24622080633065918
194	0.23991440750310605
195	0.23375594684481488
196	0.2277423837346035
197	0.22187072674002942
198	0.21613803323708194
199	0.2105414090181198
200	0.20507800788860195
201	0.19974503125336662
202	0.19453972769320577
203	0.18945939253210803
204	0.1845013673961136
205	0.1796630397640533
206	0.17494184251094405
207	0.17033525344449105
208	0.16584079483537456
209	0.16145603294154925
210	0.1571785775273826
211	0.15300608137784638
212	0.14893623980843712
213	0.14496679017110461
214	0.141095511356675
215	0.13732022329427057
216	0.13363878644802152
217	0.13004910131144576
218	0.12654910790000834
219	0.12313678524209727
220	0.11981015086877964
221	0.11656726030270916
222	0.11340620654654532
223	0.11032511957106379
224	0.10732216580341071
225	0.10439554761565177
226	0.10154350281404852
227	0.09876430412915022
228	0.0960562587071006
229	0.09341770760232536
230	0.09084702527187623
231	0.08834261907160915
232	0.08590292875450084
233	0.08352642597117983
234	0.08121161377296336
235	0.07895702611759672
236	0.0767612273778175
237	0.07462281185291846
238	0.07254040328350445
239	0.07051265436961134
240	0.0685382462922521
241	0.06661588823862534
242	0.06474431693104665
243	0.06292229615976037
244	0.061148616319753754
245	0.059422093951647326
246	0.05774157128677828
247	0.056105915796631246
248	0.054514019746580565
249	0.052964799754188115
250	0.051457196351965315
251	0.04999017355480793
252	0.04856271843212846
253	0.04717384068466147
254	0.04582257222617627
255	0.044507966769954506
256	0.0432290994202056
257	0.041985066268429835
258	0.040774983994721264
259	0.03959798947412175
260	0.03845323938798978
261	0.03733990984038089
262	0.03625719597960299
263	0.035204311624794926
264	0.03418048889756453
265	0.033184977858876835
266	0.03221704615090737
267	0.03127597864410365
268	0.030361077089328125
269	0.02947165977508527
270	0.028607061189921665
271	0.02776663168982624
272	0.026949737170743844
273	0.026155758746159715
274	0.025384092429713134
275	0.024634148822783277
276	0.023905352807154393
277	0.023197143242552346
278	0.022508972669203427
279	0.02184030701523554
280	0.021190625308997738
281	0.020559419396210244
282	0.01994619366190787
283	0.01935046475720408
284	0.018771761330690282
285	0.018209623764662373
286	0.01766360391587518
287	0.01713326486097451
288	0.016618180646491357
289	0.01611793604332509
290	0.015632126305741657
291	0.015160356934775859
292	0.014702243446033176
293	0.01425741114180731
294	0.013825494887506113
295	0.013406138892283046
296	0.012998996493890578
297	0.012603729947655882
298	0.012220010219513439
299	0.01184751678312162
300	0.011485937420907978
301	0.011134968029090317
302	0.010794312426533429
303	0.010463682167458604
304	0.010142796357911819
305	0.00983138147594526
306	0.009529171195463475
307	0.00923590621370549
308	0.008951334082230672
309	0.008675209041475767
310	0.008407291858707606
311	0.00814734966941691
312	0.00789515582201271
313	0.007650489725847102
314	0.007413136702476312
315	0.00718288784007168
316	0.00695953985102614
317	0.006742894932593253
318	0.006532760630576605
319	0.0063289497060141295
320	0.006131280004761565
321	0.005939574329986718
322	0.005753660317454598
323	0.005573370313643947
324	0.005398541256557111
325	0.005229014559192797
326	0.0050646359957075065
327	0.004905255590103081
328	0.0047507275075033585
329	0.00460090994786975
330	0.0044556650421957705
331	0.00431485875107328
332	0.00417836076563785
333	0.004046044410796109
334	0.003917786550707634
335	0.00379346749651878
336	0.0036729709162377005
337	0.0035561837467450313
338	0.003442996107916954
339	0.0033333012187515927
340	0.0032269953155441163
341	0.0031239775719924794
342	0.003024150021259033
343	0.0029274174798714857
344	0.0028336874735266438
345	0.0027428701646445104
346	0.0026548782817379045
347	0.0025696270504863544
348	0.0024870341265041725
349	0.002407019529788605
350	0.0023295055807756727
351	0.0022544168379803066
352	0.002181680037206628
353	0.0021112240322606877
354	0.00204297973716735
355	0.0019768800698161627
356	0.001912859897067068
357	0.0018508559812025062
358	0.0017908069277766856
359	0.0017326531347580526
360	0.0016763367430111897
361	0.0016218015880070272
362	0.0015689931527983678
363	0.0015178585222050736
364	0.001468346338165431
365	0.0014204067562701272
366	0.0013739914034035506
367	0.0013290533365040433
368	0.0012855470023893309
369	0.0012434281986435415
370	0.001202654035525997
371	0.0011631828988881527
372	0.0011249744140625966
373	0.0010879894107147176
374	0.0010521898886233661
375	0.0010175389843728947
376	0.0009840009389342455
377	0.0009515410661121149
378	0.0009201257218381823
379	0.0008897222742898287
380	0.0008602990748129796
381	0.0008318254296306576
382	0.0008042715723172941
383	0.0007776086370189369
384	0.0007518086324035346
385	0.0007268444163184668
386	0.0007026896711429663
387	0.0006793188798131044
388	0.0006567073025079868
389	0.0006348309539709798
390	0.0006136665814642097
391	0.0005931916433240462
392	0.0005733842881172912
393	0.0005542233343702994
394	0.0005356882508646761
395	0.000517759137473804
396	0.0005004167065596331
397	0.00048364226484679245
398	0.00046741769584895314
399	0.0004517254427630607
400	0.0004365484918477705
401	0.00042187035628339403
402	0.00040767506046717714
403	0.0003939471247759896
404	0.0003806715507435162
405	0.00036783380667142483
406	0.0003554198136298513
407	0.00034341593190214076
408	0.00033180894774938305
409	0.000320586060616602
410	0.00030973487067599727
411	0.0002992433667304216
412	0.00028909991446974246
413	0.0002792932450639323
414	0.00026981244408695446
415	0.0002606469407542828
416	0.0002517864974950984
417	0.00024322119979198572
418	0.00023494144635018152
419	0.00022693793953096087
420	0.00021920167608195838
421	0.00021172393812099398
422	0.00020449628438062528
423	0.000197510541759479
424	0.00019075879704562502
425	0.000184233388934701
426	0.00017792690027847126
427	0.0001718321505594154
428	0.0001659421885513408
429	0.00016025028527494442
430	0.00015474992707552182
431	0.00014943480898837541
432	0.00014429882823395996
433	0.00013933607793529404
434	0.0001345408410371407
435	0.00012990758438490306
436	0.00012543095299599773
437	0.0001211057644844837
438	0.00011692700367784163
439	0.0001128898173624754
440	0.0001089895092376448
441	0.00010522153496964144
442	0.0001015814974266352
443	0.00009806514204463138
444	0.00009466835233423496
445	0.000091387145562033
446	0.00008821766847414167
447	0.00008515619324219111
448	0.00008219911350151703
449	0.00007934294047167057
450	0.00007658429926351711
451	0.00007391992523843805
452	0.000071346660524715
453	0.00006886145061992313
454	0.00006646134107081418
455	0.00006414347432408924
456	0.00006190508661376896
457	0.00005974350496726215
458	0.00005765614430476278
459	0.00005564050460944106
460	0.000053694168236639786
461	0.00005181479723320283
462	0.00005000013079912608
463	0.00004824798281681088
464	0.000046556239405774366
465	0.00004492285664259918
466	0.00004334585830048296
467	0.00004182333360889313
468	0.00004035343521479405
469	0.00003893437708226937
470	0.00003756443250978657
471	0.00003624193223784549
472	0.00003496526256682129
473	0.00003373286352483022
474	0.000032543227174418054
475	0.00003139489588199732
476	0.000030286460693263395
477	0.00002921655973854878
478	0.00002818387670613756
479	0.00002718713935728908
480	0.000026225118061423726
481	0.000025296624425095794
482	0.00002440050994101586
483	0.000023535664654904747
484	0.000022701015940580834
485	0.00002189552722939499
486	0.000021118196869093876
487	0.000020368056942120878
488	0.000019644172170756998
489	0.000018945638837521317
490	0.000018271583719118395
491	0.000017621163146348657
492	0.00001699356193475621
493	0.000016387992531452206
494	0.000015803694022541986
495	0.000015239931321073301
496	0.00001469599426650773
497	0.000014171196780478987
498	0.000013664876145198265
499	0.000013176392124485144
500	0.000012705126286352785
501	0.00001225048127210659
502	0.000011811880040447803
503	0.000011388765269189804
504	0.000010980598599071762
505	0.00001058686012059233
506	0.00001020704764970137
507	9.840676170940154e-6
508	9.487277280703827e-6
509	9.146398620444616e-6
510	8.817603342634292e-6
511	8.500469538241484e-6
512	8.194589821821932e-6
513	7.8995707896496e-6
514	7.61503254524919e-6
515	7.340608257973595e-6
516	7.075943718091713e-6
517	6.820696943683234e-6
518	6.574537689630096e-6
519	6.3371471294446745e-6
520	6.108217449033494e-6
521	5.8874514341348466e-6
522	5.674562157611077e-6
523	5.469272604089312e-6
524	5.271315346677107e-6
525	5.080432227942066e-6
526	4.896374014662686e-6
527	4.718900135413496e-6
528	4.547778341957283e-6
529	4.382784474190134e-6
530	4.223702127267555e-6
531	4.070322443603118e-6
532	3.922443826627889e-6
533	3.7798716770781003e-6
534	3.6424181946635256e-6
535	3.5099021095109205e-6
536	3.382148478773124e-6
537	3.2589884648661333e-6
538	3.1402591265898958e-6
539	3.0258032124391037e-6
540	2.915468944883455e-6
541	2.809109905174896e-6
542	2.706584756389205e-6
543	2.6077571211229176e-6
544	2.5124954180703107e-6
545	2.4206726553931613e-6
546	2.332166326504219e-6
547	2.2468581951397995e-6
548	2.164634206241601e-6
549	2.085384284820971e-6
550	2.009002238878192e-6
551	1.9353856183837032e-6
552	1.8644355753352212e-6
553	1.7960567720267774e-6
554	1.7301571846650768e-6
555	1.6666480729999444e-6
556	1.6054437857043774e-6
557	1.5464617575011765e-6
558	1.489622292118931e-6
559	1.4348485258345955e-6
560	1.3820663204420664e-6
561	1.3312041568648027e-6
562	1.2821930417132653e-6
563	1.2349664396099242e-6
564	1.1894601819264356e-6
565	1.1456123257208166e-6
566	1.1033632143388427e-6
567	1.0626552120404767e-6
568	1.0234328046645668e-6
569	9.856424234005295e-7
570	9.492324082114781e-7
571	9.14152920942379e-7
572	8.803559498144176e-7
573	8.477951329392828e-7
574	8.164258030806162e-7
575	7.862048639052887e-7
576	7.570907579837571e-7
577	7.290434360050889e-7
578	7.020242465632151e-7
579	6.759959462085147e-7
580	6.509226032255386e-7
581	6.267695958388572e-7
582	6.035035300211064e-7
583	5.810921979121622e-7
584	5.595045505043474e-7
585	5.387106572499158e-7
586	5.186816660396567e-7
587	4.993897635109931e-7
588	4.808081215954706e-7
589	4.629108721732246e-7
590	4.456731106566083e-7
591	4.2907078698349113e-7
592	4.130807378703332e-7
593	3.9768062052045513e-7
594	3.828489321784635e-7
595	3.6856490090501436e-7
596	3.5480853446113666e-7
597	3.4156055458903835e-7
598	3.288023598515528e-7
599	3.1651606199762e-7
600	3.046843762848553e-7
601	2.932906582596125e-7
602	2.823188826216439e-7
603	2.7175359238883523e-7
604	2.615798625520519e-7
605	2.517833539742454e-7
606	2.423502179033571e-7
607	2.3326713554788725e-7
608	2.2452122194853654e-7
609	2.1610011185339646e-7
610	2.0799186376062154e-7
611	2.0018498564534828e-7
612	1.9266835342692994e-7
613	1.854313300533234e-7
614	1.7846360702922193e-7
615	1.7175526195500854e-7
616	1.6529673924079856e-7
617	1.590788150344681e-7
618	1.5309265670352024e-7
619	1.473296616864922e-7
620	1.4178162785139103e-7
621	1.364406080486258e-7
622	1.3129893839492803e-7
623	1.2634928358843586e-7
624	1.215845380512312e-7
625	1.1699783879017763e-7
626	1.1258261135562697e-7
627	1.0833251906933744e-7
628	1.0424142784144319e-7
629	1.0030343626060782e-7
630	9.651292302126489e-8
631	9.286436392346572e-8
632	8.935252717081646e-8
633	8.59723064407974e-8
634	8.271885154287353e-8
635	7.958743369553473e-8
636	7.65735101074209e-8
637	7.367275626095525e-8
638	7.088089595744049e-8
639	6.819395257185404e-8
640	6.560796045587898e-8
641	6.311920042688008e-8
642	6.072404584767035e-8
643	5.84189949668863e-8
644	5.620068676579591e-8
645	5.4065899936164524e-8
646	5.201153461924144e-8
647	5.003454176722911e-8
648	4.813207806425078e-8
649	4.6301331403439234e-8
650	4.453964156497998e-8
651	4.284442961522227e-8
652	4.121317908792652e-8
653	3.964354078184857e-8
654	3.8133173313289615e-8
655	3.66798834864976e-8
656	3.528151935143561e-8
657	3.393602254839335e-8
658	3.26414277871533e-8
659	3.1395808414842575e-8
660	3.0197329383791976e-8
661	2.9044246895278668e-8
662	2.7934817416021717e-8
663	2.686742349090823e-8
664	2.5840501088203704e-8
665	2.4852502388898936e-8
666	2.3901986337066984e-8
667	2.2987526919252933e-8
668	2.2107767430649563e-8
669	2.1261420227244926e-8
670	2.044721096508596e-8
671	1.9663951967833098e-8
672	1.8910430661604756e-8
673	1.8185576195656278e-8
674	1.7488291973482186e-8
675	1.6817529431679477e-8
676	1.6172287783912366e-8
677	1.5551613791118908e-8
678	1.4954582673415677e-8
679	1.4380278775528093e-8
680	1.3827870854237751e-8
681	1.3296536322530644e-8
682	1.2785441628323286e-8
683	1.229383703101343e-8
684	1.1820999522968659e-8
685	1.1366213361974472e-8
686	1.0928769599170043e-8
687	1.0508042752280545e-8
688	1.0103413942263783e-8
689	9.71423174081543e-9
690	9.339927802159219e-9
691	8.979939527305393e-9
692	8.633729190735385e-9
693	8.300764263157356e-9
694	7.980536652996193e-9
695	7.672582213344697e-9
696	7.37640220120633e-9
697	7.09158078348133e-9
698	6.817686857226511e-9
699	6.554293354090845e-9
700	6.300996804121561e-9
701	6.057417288293551e-9
702	5.823178493622656e-9
703	5.597947373783574e-9
704	5.381354384265636e-9
705	5.173092997982655e-9
706	4.972819773141234e-9
707	4.780234178830744e-9
708	4.5950787999576205e-9
709	4.4170184588915224e-9
710	4.245841464882526e-9
711	4.081217511079698e-9
712	3.922960212856358e-9
713	3.770763952990531e-9
714	3.6244470539116868e-9
715	3.4837895000334614e-9
716	3.3485324279171006e-9
717	3.2184800407529887e-9
718	3.0934590031620334e-9
719	2.9732568387382598e-9
720	2.857683227600165e-9
721	2.746570081144141e-9
722	2.6397716185797545e-9
723	2.537060949126948e-9
724	2.4383573471929177e-9
725	2.3434573924176775e-9
726	2.2522002635168726e-9
727	2.1645096862666718e-9
728	2.08018580633143e-9
729	1.9991131590115698e-9
730	1.9212193993969447e-9
731	1.8463077604475855e-9
732	1.774308087468038e-9
733	1.7050883958962102e-9
734	1.6385596881264316e-9
735	1.5745917891397817e-9
736	1.5131398119505328e-9
737	1.45405418632137e-9
738	1.3972494474148463e-9
739	1.342640956130832e-9
740	1.29018739181376e-9
741	1.239741906367547e-9
742	1.1912646273279666e-9
743	1.144673848124671e-9
744	1.0998884656999415e-9
745	1.0568493690322117e-9
746	1.0154551843352254e-9
747	9.757123470569824e-10
748	9.374991314052295e-10
749	9.007801877883657e-10
750	8.654776488319254e-10
751	8.315356218696468e-10
752	7.989419438475258e-10
753	7.675984567072541e-10
754	7.374939478253662e-10
755	7.085743696199025e-10
756	6.807425285698821e-10
757	6.540320069623495e-10
758	6.283463100630922e-10
759	6.036763440581289e-10
760	5.799479224588103e-10
761	5.571526648142416e-10
762	5.352388103719572e-10
763	5.141986974613621e-10
764	4.939811395470109e-10
765	4.745571273116434e-10
766	4.5587590360422225e-10
767	4.3793095881032526e-10
768	4.2069405798491815e-10
769	4.0413719540404705e-10
770	3.882104584894295e-10
771	3.7290833396827694e-10
772	3.582256004274124e-10
773	3.440907234027442e-10
774	3.3052102780131226e-10
775	3.174897007138094e-10
776	3.049700774067298e-10
777	2.929356321167467e-10
778	2.813599693236462e-10
779	2.7026149470857667e-10
780	2.595918241326091e-10
781	2.493249718683398e-10
782	2.3947986634661096e-10
783	2.3003084591033739e-10
784	2.209298795151866e-10
785	2.1219634808632724e-10
786	2.0380488692283025e-10
787	1.957301962229732e-10
788	1.8799211305587138e-10
789	1.8054301948124827e-10
790	1.7342558369115263e-10
791	1.6654716162005466e-10
792	1.5995062965841141e-10
793	1.536112202693615e-10
794	1.475268580793352e-10
795	1.4169557441105058e-10
796	1.3607010181083144e-10
797	1.3067127412874565e-10
798	1.2549735764553025e-10
799	1.205011932042799e-10
800	1.1572666124615302e-10
801	1.1112669569173645e-10
802	1.067225992706883e-10
803	1.024901616659074e-10
804	9.84051726584276e-11
805	9.448915183178682e-11
806	9.074087197052563e-11
807	8.713626847965346e-11
808	8.367418547032885e-11
809	8.035352490759737e-11
810	7.715029419752343e-11
811	7.40864201705495e-11
812	7.113798114785308e-11
813	6.830403754800837e-11
814	6.558369631724673e-11
815	6.297610871741017e-11
816	6.045742464964618e-11
817	5.804989151354017e-11
818	5.575278181549091e-11
819	5.3519229234938824e-11
820	5.139469544072096e-11
821	4.9332326309065326e-11
822	4.737770724004553e-11
823	4.5483991494554284e-11
824	4.365056681032523e-11
825	4.192319006849266e-11
826	4.025501839973872e-11
827	3.864552223849669e-11
828	3.7094197424528934e-11
829	3.562378450741084e-11
830	3.418739769169901e-11
831	3.283105473662486e-11
832	3.150786421372677e-11
833	3.0263932311189336e-11
834	2.902908062595362e-11
835	2.7896045156351175e-11
836	2.6771347872298724e-11
837	2.5701223561579526e-11
838	2.46620424769224e-11
839	2.367681311184554e-11
840	2.272191474269985e-11
841	2.182040476106705e-11
842	2.0948669463686245e-11
843	2.0106440539959237e-11
844	1.9293462220490754e-11
845	1.850949068099034e-11
846	1.7777691449407874e-11
847	1.707446205273349e-11
848	1.6376175662012937e-11
849	1.572945179479852e-11
850	1.5087260129040862e-11
851	1.4496270984735425e-11
852	1.390943957507687e-11
853	1.3350030039930962e-11
854	1.2817883147929436e-11
855	1.2289379275368165e-11
856	1.1787827493059929e-11
857	1.133657065502008e-11
858	1.0888521549567546e-11
859	1.0443535302739154e-11
860	1.0001473814580931e-11
861	9.609215190511646e-12
862	9.219646263923438e-12
863	8.85616197711773e-12
864	8.495141814817958e-12
865	8.160001189406878e-12
866	7.827118793534247e-12
867	7.496393933121369e-12
868	7.214808897094891e-12
869	6.935210391821961e-12
870	6.657510132533086e-12
871	6.381623979907177e-12
872	6.107471758061209e-12
873	5.8820922804359985e-12
874	5.634749287022346e-12
875	5.388927187143678e-12
876	5.191692026389151e-12
877	4.972288986875626e-12
878	4.777791838274375e-12
879	4.584575602774202e-12
880	4.392584384350118e-12
881	4.225341842756762e-12
882	4.05922341940867e-12
883	3.894180232681665e-12
884	3.730165714703042e-12
885	3.567135509225871e-12
886	3.4286300147185437e-12
887	3.291027502990839e-12
888	3.177872689931333e-12
889	3.018377806977217e-12
890	2.906842107041689e-12
891	2.796064284431135e-12
892	2.686011813757594e-12
893	2.5766537125739673e-12
894	2.4679604730346457e-12
895	2.3599039965432994e-12
896	2.276037245675484e-12
897	2.1927523692949415e-12
898	2.086447713816933e-12
899	2.004255077688249e-12
900	1.9225735844973534e-12
901	1.8413818110126487e-12
902	1.7606593609346745e-12
903	1.703953248608933e-12
904	1.6476732810023633e-12
905	1.5682403632924301e-12
906	1.4892042000436036e-12
907	1.4341036328264404e-12
908	1.3793620261177214e-12
909	1.324964450695171e-12
910	1.2708966921208774e-12
911	1.21714521885981e-12
912	1.1636971518006861e-12
913	1.1105402351179407e-12
914	1.0811900603034968e-12
915	1.0285763779534924e-12
916	9.997381292883184e-13
917	9.476247443092246e-13
918	8.957492882891482e-13
919	8.911070719531024e-13
920	8.396696485907851e-13
921	7.884439577584878e-13
922	7.843922405983026e-13
923	7.335549598459825e-13
924	7.063795986880839e-13
925	6.793739963285101e-13
926	6.525313381651747e-13
927	6.258451390289233e-13
928	5.993092283834785e-13
929	5.729177361805617e-13
930	5.700965065739007e-13
931	5.205459488373285e-13
932	5.179715896916581e-13
933	4.920967937289214e-13
934	4.663409487825196e-13
935	4.640920237215528e-13
936	4.1516900762320117e-13
937	4.131203423961843e-13
938	4.111572124150744e-13
939	3.859176725626014e-13
940	3.6077383607742835e-13
941	3.590622537804413e-13
942	3.3409114398920206e-13
943	3.0920656675729675e-13
944	3.0771697918844917e-13
945	3.0628897434942e-13
946	2.816283725851424e-13
947	2.570440423062426e-13
948	2.558045599245739e-13
949	2.5461612437804774e-13
950	2.5347632063409983e-13
951	2.2914415363474757e-13
952	2.0487812806336036e-13
953	2.038931453901073e-13
954	2.0294851097674514e-13
955	2.020423118582651e-13
956	2.0117272247700426e-13
957	1.7716778156525012e-13
958	1.7637823990729225e-13
959	1.524743667603373e-13
960	1.5175916119246105e-13
961	1.510729335567434e-13
962	1.5041430472931897e-13
963	1.4978195880130916e-13
964	1.4917464021464532e-13
965	1.255211694312111e-13
966	1.249736037013042e-13
967	1.0140443738007869e-13
968	1.0091288133218635e-13
969	1.0044119748290093e-13
970	9.998843802648534e-14
971	9.955369875520675e-14
972	9.913611707724312e-14
973	9.87348701238921e-14
974	9.834917294209287e-14
975	9.797827676844926e-14
976	9.762146738111254e-14
977	7.437707590379953e-14
978	7.406149691646268e-14
979	7.375820324917461e-14
980	7.346660328643627e-14
981	5.0346315582618e-14
982	5.009209970051324e-14
983	4.984810911022698e-14
984	4.9613853813320614e-14
985	4.9388866495813506e-14
986	4.9172701490544994e-14
987	4.896493378656032e-14
988	4.8765158083406937e-14
989	4.857298788832446e-14
990	4.838805465439874e-14
991	4.821000695783986e-14
992	4.803850971262145e-14
993	4.787324342080283e-14
994	4.771390345692453e-14
995	4.75601993849446e-14
996	4.7411854306247975e-14
997	4.7268604237329026e-14
998	4.713019751580847e-14
999	4.699639423350715e-14
1000	2.4349428876147797e-14