1	0.00008703136198258528
2	0.00025797370364145076
3	0.0005931170745423582
4	0.001164205536223911
5	0.002034843049142212
6	0.0032608996641157956
7	0.004890916064259568
8	0.006966504721843339
9	0.009522746136442954
10	0.012588578807164763
11	0.016187181763561764
12	0.02033634863802204
13	0.02504885240774915
14	0.030332800067780948
15	0.036191976618575164
16	0.04262617786325677
17	0.049631531611360434
18	0.05720080697846824
19	0.06532371155515156
20	0.07398717629466417
21	0.08317562803745007
22	0.0928712496522458
23	0.10305422782886796
24	0.11370298860713252
25	0.1247944207702148
26	0.13630408726950358
27	0.14820642488205243
28	0.16047493233141716
29	0.17308234712835835
30	0.18600081140988164
31	0.199202027073695
32	0.21265740052066934
33	0.22633817733054382
34	0.24021556720618312
35	0.2542608595293876
36	0.26844552987680587
37	0.2827413378480946
38	0.29712041656029636
39	0.31155535416266206
40	0.32601926772494183
41	0.340485869849725
42	0.3549295283558007
43	0.3693253193749037
44	0.3836490741987265
45	0.3978774202067934
46	0.4119878161988586
47	0.4259585824479592
48	0.43976892578222837
49	0.4533989599951499
50	0.4668297218751546
51	0.48004318313640043
52	0.4930222585233446
53	0.5057508103522507
54	0.5182136497432968
55	0.5303965347873255
56	0.542286165881695
57	0.5538701784600819
58	0.5651371333315797
59	0.5760765048349478
60	0.5866786670045493
61	0.5969348779352951
62	0.6068372625248393
63	0.6163787937624116
64	0.6255532727249363
65	0.6343553074326347
66	0.642780290707963
67	0.6508243771737385
68	0.6584844595184193
69	0.6657581441489311
70	0.672643726344095
71	0.6791401650145448
72	0.6852470571682301
73	0.690964612173935
74	0.6962936259088894
75	0.7012354548704451
76	0.7057919903259147
77	0.7099656325690233
78	0.7137592653460733
79	0.7171762305097558
80	0.7202203029536288
81	0.7228956658756215
82	0.7252068864144406
83	0.727158891698563
84	0.7287569453434194
85	0.7300066244286292
86	0.7309137969834955
87	0.7314846000055819
88	0.7317254180339767
89	0.7316428622958079
90	0.7312437504417667
91	0.7305350868836293
92	0.7295240437443947
93	0.7282179424291649
94	0.726624235822824
95	0.7247504911184413
96	0.7226043732784826
97	0.7201936291291153
98	0.717526072086288
99	0.7146095675107283
100	0.7114520186876498
101	0.7080613534256603
102	0.704445511268209
103	0.700612431309849
104	0.6965700406086333
105	0.6923262431850769
106	0.6878889095973643
107	0.6832658670817503
108	0.6784648902465074
109	0.673493692307208
110	0.668359916850708
111	0.6630711301146951
112	0.657634813769397
113	0.6520583581877686
114	0.6463490561901439
115	0.6405140972492755
116	0.6345605621414647
117	0.6284954180294554
118	0.6223255139626481
119	0.6160575767802543
120	0.60969820740298
121	0.6032538774989248
122	0.5967309265094227
123	0.5901355590207067
124	0.5834738424674433
125	0.5767517051542321
126	0.5699749345815172
127	0.5631491760623993
128	0.5562799316171861
129	0.5493725591326661
130	0.5424322717733828
131	0.5354641376324492
132	0.528473079609694
133	0.5214638755052124
134	0.514441158316725
135	0.507409416729375
136	0.5003729957869579
137	0.49333609773383424
138	0.4863027830171242
139	0.4792769714390542
140	0.47226244344968715
141	0.46526284157049863
142	0.45828167193968816
143	0.45132230597029704
144	0.4443879821126318
145	0.4374818077127246
146	0.4306067609588514
147	0.4237656929085475
148	0.4169613295886782
149	0.4101962741616178
150	0.4034730091506632
151	0.3967938987183057
152	0.3901611909910825
153	0.38357702042515734
154	0.37704341020688964
155	0.3705622746830786
156	0.36413542181568315
157	0.35776455565617654
158	0.3514512788348477
159	0.34519709506071167
160	0.3390034116277473
161	0.3328715419236428
162	0.32680270793722055
163	0.32079804276107293
164	0.3148585930860786
165	0.30898532168469756
166	0.3031791098801077
167	0.29744075999848363
168	0.2917709978018248
169	0.28617047489896497
170	0.28063977113258065
171	0.27517939694008653
172	0.26978979568658923
173	0.264471345968107
174	0.2592243638834419
175	0.2540491052732767
176	0.24894576792516346
177	0.24391449374312218
178	0.2389553708808451
179	0.23406843583750514
180	0.22925367551525383
181	0.22451102923776287
182	0.2198403907290099
183	0.21524161005187367
184	0.21071449550597568
185	0.2062588154844314
186	0.2018743002891865
187	0.19756064390468978
188	0.1933175057298203
189	0.1891445122678566
190	0.18504125877461658
191	0.18100731086467992
192	0.177042206075873
193	0.1731454553921154
194	0.16931654472484164
195	0.1655549363533235
196	0.16186007032402938
197	0.15823136580951255
198	0.15466822242713013
199	0.15117002151795472
200	0.1477361273864393
201	0.1443658885012262
202	0.1410586386575527
203	0.13781369810195515
204	0.13463037461956667
205	0.13150796458482866
206	0.12844575397603833
207	0.12544301935441196
208	0.1224990288081798
209	0.11961304286255986
210	0.11678431535599794
211	0.11401209428353909
212	0.11129562260782835
213	0.10863413903852366
214	0.10602687878079761
215	0.10347307425347974
216	0.10097195577765507
217	0.09852275223639967
218	0.09612469170622086
219	0.09377700206098089
220	0.09147891154900575
221	0.08922964934400257
222	0.08702844607043453
223	0.08487453430415848
224	0.08276714904884726
225	0.08070552818898159
226	0.07868891291994087
227	0.07671654815599808
228	0.07478768291673395
229	0.07290157069258817
230	0.0710574697901181
231	0.06925464365766638
232	0.0674923611919231
233	0.06576989702614736
234	0.06408653180053361
235	0.06244155241528869
236	0.0608342522670733
237	0.059263931469347636
238	0.05772989705715966
239	0.05623146317688442
240	0.05476795126154843
241	0.05333869019215562
242	0.05194301644558941
243	0.050580274229574625
244	0.04924981560515974
245	0.047951000597254594
246	0.04668319729367353
247	0.045445781933058885
248	0.044238138982298614
249	0.04305966120365792
250	0.04190974971227915
251	0.04078781402427097
252	0.039693272095855166
253	0.03862555035406218
254	0.037584083719134284
255	0.03656831561924473
256	0.035577697997743365
257	0.03461169131329856
258	0.03366976453334767
259	0.03275139512107033
260	0.03185606901629511
261	0.030983280610682735
262	0.030132532717281668
263	0.0293033365349826
264	0.02849521160813327
265	0.027707685781287374
266	0.026940295149808238
267	0.0261925840062041
268	0.025464104782630014
269	0.02475441798979026
270	0.02406309215229989
271	0.0233897037410053
272	0.022733837102258736
273	0.02209508438439146
274	0.02147304546163285
275	0.02086732785571424
276	0.020277546655125208
277	0.019703324432507836
278	0.01914429116004737
279	0.018600084123288844
280	0.018070347833340786
281	0.017554733937712758
282	0.01705290112993972
283	0.016564515057998674
284	0.016089248231950067
285	0.01562677993045501
286	0.015176796106821022
287	0.01473898929429295
288	0.01431305851085011
289	0.013898709163675046
290	0.01349565295324183
291	0.013103607777255753
292	0.012722297634444506
293	0.012351452528366617
294	0.01199080837122063
295	0.0116401068878645
296	0.011299095519953025
297	0.01096752733038419
298	0.010645160908159219
299	0.010331760273517007
300	0.010027094783666615
301	0.009730939038918623
302	0.009443072789493304
303	0.009163280842870991
304	0.008891352971841727
305	0.008627083823275756
306	0.008370272827643339
307	0.008120724109250079
308	0.00787824639745222
309	0.007642652938529312
310	0.007413761408609431
311	0.007191393827373365
312	0.006975376472840329
313	0.006765539796992426
314	0.006561718342392727
315	0.006363750659931125
316	0.006171479227386223
317	0.005984750369194295
318	0.005803414177207517
319	0.005627324432456076
320	0.0054563385280973365
321	0.0052903173933259925
322	0.005129125418519459
323	0.004972630381274079
324	0.004820703373678545
325	0.004673218730772093
326	0.004530053959872879
327	0.00439108967125809
328	0.004256209509723301
329	0.004125300087473215
330	0.003998250917956299
331	0.003874954350919157
332	0.0037553055084247624
333	0.0036392022220815942
334	0.003526544971403393
335	0.0034172368230761907
336	0.003311183371470819
337	0.003208292680208741
338	0.0031084752246554985
339	0.0030116438357200206
340	0.002917713644450327
341	0.0028266020278718794
342	0.0027382285556577807
343	0.0026525149381172227
344	0.002569384974815444
345	0.0024887645045809387
346	0.002410581356182028
347	0.002334765300173719
348	0.00226124800173622
349	0.0021899629743004664
350	0.002120845534238528
351	0.002053832756531207
352	0.001988863431212914
353	0.001925878020885004
354	0.0018648186189584232
355	0.0018056289090385305
356	0.0017482541247741481
357	0.001692641011043918
358	0.001638737785554322
359	0.0015864941017070964
360	0.001535861011750172
361	0.0014867909312808048
362	0.001439237604208245
363	0.0013931560684933267
364	0.0013485026229774102
365	0.0013052347944983113
366	0.001263311306163146
367	0.0012226920460327907
368	0.0011833380368021591
369	0.0011452114059634212
370	0.0011082753568139635
371	0.0010724941399495559
372	0.0010378330257154935
373	0.001004258277023761
374	0.0009717371229757096
375	0.0009402377330985064
376	0.0009097291921524846
377	0.0008801814754916379
378	0.0008515654252179781
379	0.0008238527267206716
380	0.0007970158858332857
381	0.0007710282065987205
382	0.0007458637695552148
383	0.0007214974105260705
384	0.0006979047000124966
385	0.0006750619229915275
386	0.0006529460593179982
387	0.0006315347645426224
388	0.0006108063512985728
389	0.0005907397710172115
390	0.000571314596289114
391	0.0005525110035057474
392	0.0005343097560809933
393	0.0005166921880039126
394	0.0004996401878681387
395	0.0004831361831996923
396	0.0004671631255393524
397	0.00045170447532020207
398	0.0004367441877405615
399	0.00042226669865399867
400	0.0004082569108799925
401	0.00039470018101579366
402	0.0003815823063671597
403	0.0003688895124708018
404	0.000356608440759364
405	0.0003447261366824073
406	0.0003332300379554356
407	0.00032210796352837056
408	0.00031134810224402014
409	0.0003009390023612807
410	0.00029086956108973763
411	0.0002811290144319276
412	0.00027170692733858177
413	0.0002625931841149378
414	0.00025377797909748365
415	0.0002452518075364498
416	0.0002370054568868119
417	0.00022902999808953827
418	0.0002213167773295873
419	0.0002138574078671075
420	0.0002066437622105474
421	0.0001996679643925362
422	0.00019292238244672782
423	0.00018639962139365971
424	0.0001800925159588411
425	0.00017399412380837565
426	0.00016809771893860553
427	0.00016239678523130826
428	0.00015688500999250563
429	0.00015155627809942742
430	0.00014640466583869073
431	0.00014142443535886289
432	0.0001366100289206593
433	0.00013195606346483833
434	0.0001274573254035923
435	0.00012310876544836992
436	0.00011890549366109695
437	0.00011484277455810087
438	0.000110916022473016
439	0.00010712079689776322
440	0.00010345279818999835
441	0.00009990786316439499
442	0.00009648196095611518
443	0.00009317118894519607
444	0.00008997176880283998
445	0.00008688004281486771
446	0.00008389246993299671
447	0.00008100562233687858
448	0.00007821618195889668
449	0.00007552093695541552
450	0.00007291677856053197
451	0.00007040069778480547
452	0.00006796978239520258
453	0.0000656212138995185
454	0.00006335226451901829
455	0.00006116029451558716
456	0.00005904274936473695
457	0.00005699715710117367
458	0.00005502112574626718
459	0.000053112340743866224
460	0.00005126856265941454
461	0.000049487624682130895
462	0.000047767430416828276
463	0.00004610595169878773
464	0.000044501226296424924
465	0.00004295135599400786
466	0.000041454504549848414
467	0.00004000889554896188
468	0.000038612810765773714
469	0.000037264588151653554
470	0.00003596262006085056
471	0.000034705351620695194
472	0.00003349127898901547
473	0.0000323189476389164
474	0.000031186950955474924
475	0.000030093928584422718
476	0.000029038564996295177
477	0.000028019588026914756
478	0.000027035767517297853
479	0.000026085913973995233
480	0.00002516887718967579
481	0.000024283545050450247
482	0.000023428842307403097
483	0.00002260372931255134
484	0.00002180720098889383
485	0.000021038285582408278
486	0.000020296043713668316
487	0.000019579567233945683
488	0.000018887978259891202
489	0.00001822042818075971
490	0.000017576096638360274
491	0.000016954190796241454
492	0.00001635394418492845
493	0.000015774616091335065
494	0.000015215490503826203
495	0.00001467587550022188
496	0.000014155102339728842
497	0.000013652524660803273
498	0.000013167517958765333
499	0.000012699478595965362
500	0.000012247823306706611
501	0.000011811988514493892
502	0.000011391429545503836
503	0.000010985620214237636
504	0.00001059405196155828
505	0.000010216233584240014
506	9.851690386484446e-6
507	9.49996372952984e-6
508	9.16061054724894e-6
509	8.83320280550362e-6
510	8.517327014839847e-6
511	8.212583620992393e-6
512	7.91858675844569e-6
513	7.634963663205911e-6
514	7.361354228770313e-6
515	7.097410618641727e-6
516	6.842796847193439e-6
517	6.597188462825319e-6
518	6.360271976537278e-6
519	6.131744683700759e-6
520	5.911314254842234e-6
521	5.69869829520292e-6
522	5.4936241214097555e-6
523	5.295828373612791e-6
524	5.105056733170642e-6
525	4.9210636338789795e-6
526	4.74361189845618e-6
527	4.572472550483074e-6
528	4.407424438449688e-6
529	4.248254081929301e-6
530	4.094755283860206e-6
531	3.946729011977323e-6
532	3.803983092191815e-6
533	3.6663319424149487e-6
534	3.5335964400567285e-6
535	3.4056036237217667e-6
536	3.2821865289317175e-6
537	3.163183973601137e-6
538	3.048440362633874e-6
539	2.9378054886284744e-6
540	2.8311343053326084e-6
541	2.7282869080073054e-6
542	2.6291281597972237e-6
543	2.533527641947713e-6
544	2.441359507828198e-6
545	2.352502239598147e-6
546	2.2668386138662126e-6
547	2.1842554288094404e-6
548	2.1046434883254516e-6
549	2.0278973471143684e-6
550	1.9539152663798788e-6
551	1.8825990725967074e-6
552	1.813854013817978e-6
553	1.7475887093157917e-6
554	1.6837148819513634e-6
555	1.6221474232594111e-6
556	1.5628041214813514e-6
557	1.5056057716917135e-6
558	1.4504758516964924e-6
559	1.3973405566883107e-6
560	1.3461286882142604e-6
561	1.2967715413685165e-6
562	1.2492028145295388e-6
563	1.2033585662714421e-6
564	1.1591771225050911e-6
565	1.116598884495154e-6
566	1.0755665257402803e-6
567	1.0360245534296212e-6
568	9.979195765892536e-7
569	9.612000357986185e-7
570	9.258162005614813e-7
571	8.91720067646579e-7
572	8.588654308074293e-7
573	8.272076047226425e-7
574	7.967035668091902e-7
575	7.673117776978069e-7
576	7.389921735050766e-7
577	7.117061576883759e-7
578	6.854164431208934e-7
579	6.600871168429438e-7
580	6.356835053378426e-7
581	6.121722133593002e-7
582	5.895210125877264e-7
583	5.676988042814765e-7
584	5.46675606460083e-7
585	5.264225155890727e-7
586	5.069116677038781e-7
587	4.881161989804494e-7
588	4.700101805185722e-7
589	4.5256860293592963e-7
590	4.357674112531795e-7
591	4.1958333711908466e-7
592	4.039939832711162e-7
593	3.8897773062548047e-7
594	3.7451379711103087e-7
595	3.6058206753067657e-7
596	3.471632025156581e-7
597	3.3423854385987504e-7
598	3.2179007012535327e-7
599	3.098004797815783e-7
600	2.9825301850158994e-7
601	2.8713156168722573e-7
602	2.7642059470062433e-7
603	2.6610514137595096e-7
604	2.561707176548689e-7
605	2.466034395056615e-7
606	2.3738987333192145e-7
607	2.2851711784511424e-7
608	2.1997265352089656e-7
609	2.1174450179864377e-7
610	2.038210740556286e-7
611	1.9619122718148188e-7
612	1.888441374873675e-7
613	1.817695119959386e-7
614	1.7495733212565393e-7
615	1.6839796072793968e-7
616	1.6208211922091542e-7
617	1.5600083836800825e-7
618	1.5014556566453844e-7
619	1.445079066520096e-7
620	1.3907991515141472e-7
621	1.3385386032774402e-7
622	1.2882228125444806e-7
623	1.2397806807245185e-7
624	1.193143066428421e-7
625	1.1482430668294957e-7
626	1.1050168279498684e-7
627	1.0634027749423983e-7
628	1.0233411016575652e-7
629	9.847743151649202e-8
630	9.476480479314875e-8
631	9.11908162997785e-8
632	8.775039450500455e-8
633	8.443854663838024e-8
634	8.125057226894984e-8
635	7.818185231838632e-8
636	7.522795646085885e-8
637	7.238469777584571e-8
638	6.964786750186003e-8
639	6.701363593562569e-8
640	6.447810017085651e-8
641	6.203765868521882e-8
642	5.968877207870297e-8
643	5.742801730227784e-8
644	5.525211533038194e-8
645	5.315793211171027e-8
646	5.114245263839897e-8
647	4.920267420799111e-8
648	4.733584894414545e-8
649	4.553921582878051e-8
650	4.381018957812131e-8
651	4.214625372061005e-8
652	4.054493412761404e-8
653	3.900396150581348e-8
654	3.7521029111879687e-8
655	3.609400927021165e-8
656	3.4720791815421525e-8
657	3.339936564753974e-8
658	3.2127819296705073e-8
659	3.090426007265103e-8
660	2.9726895775498674e-8
661	2.859403523040015e-8
662	2.7503952849900598e-8
663	2.6455079150164886e-8
664	2.5445892527796953e-8
665	2.4474865072417028e-8
666	2.3540599017464354e-8
667	2.264169089012202e-8
668	2.1776813527347695e-8
669	2.0944716450278432e-8
670	2.0144144218657196e-8
671	1.937394594576941e-8
672	1.8632911509554775e-8
673	1.7920017966872267e-8
674	1.7234183587265097e-8
675	1.6574377453135265e-8
676	1.593961970595707e-8
677	1.5328981786482885e-8
678	1.4741559199801208e-8
679	1.4176444180651271e-8
680	1.3632835764133759e-8
681	1.3109930098469218e-8
682	1.2606892976473272e-8
683	1.2122997549685707e-8
684	1.1657542005112026e-8
685	1.1209822118914962e-8
686	1.0779131310262912e-8
687	1.0364871105628268e-8
688	9.96644100353606e-9
689	9.583183260176069e-9
690	9.214548662062154e-9
691	8.859986213511119e-9
692	8.518970848280677e-9
693	8.19097585287537e-9
694	7.87550060166152e-9
695	7.5720983667337e-9
696	7.280265597835425e-9
697	6.999608228496242e-9
698	6.729703230864522e-9
699	6.4701263427952965e-9
700	6.22047986675776e-9
701	5.980392757929199e-9
702	5.7494929197008075e-9
703	5.527462832397661e-9
704	5.313928443038953e-9
705	5.108598192660701e-9
706	4.911124038315011e-9
707	4.7212127423017135e-9
708	4.538625997041805e-9
709	4.363013372889844e-9
710	4.194190859120723e-9
711	4.031806600730173e-9
712	3.8757032065489965e-9
713	3.725555402811081e-9
714	3.5812046738386833e-9
715	3.442436212861892e-9
716	3.3089788499184072e-9
717	3.1806446497443504e-9
718	3.057273169630465e-9
719	2.9386476661432122e-9
720	2.8245788995102874e-9
721	2.7149051863370176e-9
722	2.609492449438952e-9
723	2.5080943745550185e-9
724	2.4106601168341124e-9
725	2.316970661154014e-9
726	2.2268626161583565e-9
727	2.140284301380692e-9
728	2.057015776104083e-9
729	1.976948829831145e-9
730	1.9000310679535793e-9
731	1.8260417534026306e-9
732	1.7549280464808933e-9
733	1.6865528311952821e-9
734	1.6208348604690056e-9
735	1.5576366216411413e-9
736	1.4969326118251738e-9
737	1.4385569225617194e-9
738	1.3824276261017208e-9
739	1.3284626515330968e-9
740	1.2766359288980024e-9
741	1.2267809216005485e-9
742	1.1788713047136162e-9
743	1.1328245012289505e-9
744	1.0885578183905e-9
745	1.0460165391174251e-9
746	1.00508967590591e-9
747	9.658065865245162e-10
748	9.2802801294539e-10
749	8.917269703034963e-10
750	8.568202103525957e-10
751	8.23252503665806e-10
752	7.910247547765971e-10
753	7.600254044034841e-10
754	7.302552357341632e-10
755	7.016587733046146e-10
756	6.74124273687315e-10
757	6.477085764091205e-10
758	6.222998394750673e-10
759	5.978986021715643e-10
760	5.744210403745739e-10
761	5.518676145922121e-10
762	5.30182533550602e-10
763	5.093661880202511e-10
764	4.893627208936391e-10
765	4.70144353430046e-10
766	4.5165517335166937e-10
767	4.3389545567633047e-10
768	4.1683734404675007e-10
769	4.0045295972412534e-10
770	3.8468630291246794e-10
771	3.695375595335175e-10
772	3.5500689202999397e-10
773	3.410101550339009e-10
774	3.2757557700428096e-10
775	3.1467517628756096e-10
776	3.02280960459676e-10
777	2.903649281136033e-10
778	2.788990706407159e-10
779	2.6791153138004616e-10
780	2.573461975020885e-10
781	2.471750380016308e-10
782	2.374261573115612e-10
783	2.2807150102060678e-10
784	2.1905495447912962e-10
785	2.104045907804269e-10
786	2.020923491616415e-10
787	1.9409017334509987e-10
788	1.8642609910879622e-10
789	1.7904401729094506e-10
790	1.7199997874750185e-10
791	1.6518181510804914e-10
792	1.5864556667678517e-10
793	1.5236317022106447e-10
794	1.4633458641935606e-10
795	1.405597667834564e-10
796	1.3498265442391582e-10
797	1.296312130380662e-10
798	1.2450538677261952e-10
799	1.195491504052363e-10
800	1.1481841989154405e-10
801	1.1025718188339888e-10
802	1.0589335147066562e-10
803	1.0169890306253961e-10
804	9.764583334282416e-11
805	9.376203941776208e-11
806	9.004745224989494e-11
807	8.647407404901859e-11
808	8.30418477987255e-11
809	7.975071154751498e-11
810	7.657269997683206e-11
811	7.353565664473588e-11
812	7.061162396615584e-11
813	6.780054717109011e-11
814	6.510236758681324e-11
815	6.251702265029437e-11
816	6.001660052284938e-11
817	5.7628895090085017e-11
818	5.535383266696506e-11
819	5.3135702256097215e-11
820	5.1030095448481625e-11
821	4.8981334327692036e-11
822	4.704496526977703e-11
823	4.516534472898805e-11
824	4.334244098036712e-11
825	4.163173077553018e-11
826	3.997762499315875e-11
827	3.838008527455982e-11
828	3.6839071372679406e-11
829	3.538225223389815e-11
830	3.395415029030545e-11
831	3.261013010281204e-11
832	3.129475601848125e-11
833	3.0063342626689675e-11
834	2.8832844929473195e-11
835	2.7713843529992625e-11
836	2.6595697787770185e-11
837	2.553365620366006e-11
838	2.4500057519750938e-11
839	2.3522470056397605e-11
840	2.257325505176704e-11
841	2.167995257154178e-11
842	2.081494696395496e-11
843	1.997821183731437e-11
844	1.916971989512008e-11
845	1.8389442939223967e-11
846	1.7664848562697593e-11
847	1.69683822078835e-11
848	1.6272543888347704e-11
849	1.5632252964120062e-11
850	1.4992553524748797e-11
851	1.440830625779994e-11
852	1.382461097762674e-11
853	1.3268872465112073e-11
854	1.2741054559440826e-11
855	1.2213754158275113e-11
856	1.1714329892991636e-11
857	1.1270078917985319e-11
858	1.0826275571337825e-11
859	1.038292632762819e-11
860	9.940037649012111e-12
861	9.55216123374132e-12
862	9.164694019047658e-12
863	8.804881959834417e-12
864	8.445457599899842e-12
865	8.113633646721858e-12
866	7.782174475560163e-12
867	7.451084814457755e-12
868	7.174683993068999e-12
869	6.898594031777166e-12
870	6.6228188187061976e-12
871	6.34736223450386e-12
872	6.072228151924297e-12
873	5.851562167240971e-12
874	5.604102471571732e-12
875	5.3569409360618004e-12
876	5.1641158056236625e-12
877	4.944524052924449e-12
878	4.752185164981499e-12
879	4.560084372850874e-12
880	4.368224303932751e-12
881	4.2035332465397135e-12
882	4.03905067604842e-12
883	3.874778815530195e-12
884	3.710719883532404e-12
885	3.5468760938265282e-12
886	3.4100803511323474e-12
887	3.273465408405326e-12
888	3.1638248984299197e-12
889	3.000785191210209e-12
890	2.891475969799911e-12
891	2.782315034337626e-12
892	2.6733038118225945e-12
893	2.564443726466187e-12
894	2.455736199514688e-12
895	2.347182649078569e-12
896	2.2654157688774432e-12
897	2.183764445206083e-12
898	2.0756398089774927e-12
899	1.9942435880655042e-12
900	1.912966163868063e-12
901	1.8318085714412425e-12
902	1.750771843533525e-12
903	1.6963413814161627e-12
904	1.6419909067962971e-12
905	1.5612797713518205e-12
906	1.480693369281259e-12
907	1.4266305108808839e-12
908	1.3726505438246528e-12
909	1.3187541316357707e-12
910	1.2649419365151813e-12
911	1.2112146192499999e-12
912	1.1575728391253502e-12
913	1.104017253839497e-12
914	1.0767902913459083e-12
915	1.0233863135948091e-12
916	9.962665411125522e-13
917	9.4301632700529e-13
918	8.898553442452776e-13
919	8.89038035720237e-13
920	8.360108319584209e-13
921	7.830745730694606e-13
922	7.823431571733242e-13
923	7.295434224726427e-13
924	7.028455608380217e-13
925	6.761932513013222e-13
926	6.49586800409529e-13
927	6.230265140945228e-13
928	5.965126976257374e-13
929	5.700456555645941e-13
930	5.694901120234004e-13
931	5.172531091095962e-13
932	5.167435026136271e-13
933	4.904418655636251e-13
934	4.641884084067552e-13
935	4.63724240833521e-13
936	4.118272324605092e-13
937	4.1141074279289416e-13
938	4.1099313863348406e-13
939	3.8493436577525486e-13
940	3.589253521072219e-13
941	3.585554328865125e-13
942	3.3262116715196074e-13
943	3.067374395387743e-13
944	3.064163214004914e-13
945	3.060944141583509e-13
946	2.8031193626558117e-13
947	2.545809562226306e-13
948	2.543091279207737e-13
949	2.5403667056656445e-13
950	2.5376357548858456e-13
951	2.2816181064421014e-13
952	2.0261267588573354e-13
953	2.0239109687438566e-13
954	2.0216904202743897e-13
955	2.019465040645726e-13
956	2.0172347611918916e-13
957	1.763332146280045e-13
958	1.7613640057536724e-13
959	1.508269540221215e-13
960	1.506567042236067e-13
961	1.504861210135463e-13
962	1.5031519876876803e-13
963	1.5014393218228607e-13
964	1.4997231625133038e-13
965	1.2485390537871078e-13
966	1.247095251163487e-13
967	9.96744173894948e-14
968	9.9557614529401e-14
969	9.944061928193242e-14
970	9.932342731560341e-14
971	9.920603453148733e-14
972	9.9088437054401e-14
973	9.897063122441868e-14
974	9.885261358870418e-14
975	9.873438089364785e-14
976	9.86159300772987e-14
977	7.38920224266916e-14
978	7.380212247249109e-14
979	7.371208056738114e-14
980	7.362189388543488e-14
981	4.90428099892235e-14
982	4.898165581240759e-14
983	4.89204317441429e-14
984	4.8859135096862846e-14
985	4.8797763318772964e-14
986	4.873631398869432e-14
987	4.8674784811100074e-14
988	4.861317361133803e-14
989	4.855147833103345e-14
990	4.848969702366268e-14
991	4.8427827850294624e-14
992	4.836586907549057e-14
993	4.830381906335892e-14
994	4.824167627375749e-14
995	4.817943925863821e-14
996	4.811710665852968e-14
997	4.8054677199151064e-14
998	4.7992149688153266e-14
999	4.792952301198321e-14
1000	2.3948968003077947e-14