# Recoil energy (kev)        Event rate (events/gev)
   1.0000000000000000       0.98491738611791779     
   2.0000000000000000        3.8411804503721090     
   3.0000000000000000        8.4253968673319442     
   4.0000000000000000        14.599403247375532     
   5.0000000000000000        22.230288286531646     
   6.0000000000000000        31.190395969851171     
   7.0000000000000000        41.357310720058180     
   8.0000000000000000        52.613826257825266     
   9.0000000000000000        64.847899821322358     
   10.000000000000000        77.952593280423258     
   11.000000000000000        91.826002574823988     
   12.000000000000000        106.37117680507718     
   13.000000000000000        121.49602821088799     
   14.000000000000000        137.11323418169957     
   15.000000000000000        153.14013236039034     
   16.000000000000000        169.49860982152245     
   17.000000000000000        186.11498723085754     
   18.000000000000000        202.91989882250516     
   19.000000000000000        219.84816896391905     
   20.000000000000000        236.83868601679123     
   21.000000000000000        253.83427414351169     
   22.000000000000000        270.78156365405277     
   23.000000000000000        287.63086043679448     
   24.000000000000000        304.33601496864605     
   25.000000000000000        320.85429135476602     
   26.000000000000000        337.14623680603393     
   27.000000000000000        353.17555192303462     
   28.000000000000000        368.90896211854260     
   29.000000000000000        384.31609047617928     
   30.000000000000000        399.36933231096907     
   31.000000000000000        414.04373166774474     
   32.000000000000000        428.31685996570633     
   33.000000000000000        442.16869697173490     
   34.000000000000000        455.58151426122572     
   35.000000000000000        468.53976130314857     
   36.000000000000000        481.02995428559103     
   37.000000000000000        493.04056777921886     
   38.000000000000000        504.56192931862267     
   39.000000000000000        515.58611696559512     
   40.000000000000000        526.10685990354727     
   41.000000000000000        536.11944209888338     
   42.000000000000000        545.62060905269038     
   43.000000000000000        554.60847765488006     
   44.000000000000000        563.08244914259137     
   45.000000000000000        571.04312515534843     
   46.000000000000000        578.49222687095732     
   47.000000000000000        585.43251719853913     
   48.000000000000000        591.86772599818096     
   49.000000000000000        597.80247829051598     
   50.000000000000000        603.24222541411098     
   51.000000000000000        608.19317908360040     
   52.000000000000000        612.66224829726218     
   53.000000000000000        616.65697903894159     
   54.000000000000000        620.18549671601579     
   55.000000000000000        623.25645127224448     
   56.000000000000000        625.87896491203117     
   57.000000000000000        628.06258237060536     
   58.000000000000000        629.81722366308111     
   59.000000000000000        631.15313924399629     
   60.000000000000000        632.08086750807615     
   61.000000000000000        632.61119456215647     
   62.000000000000000        632.75511619791246     
   63.000000000000000        632.52380199474510     
   64.000000000000000        631.92856148225803     
   65.000000000000000        630.98081229200079     
   66.000000000000000        629.69205022848632     
   67.000000000000000        628.07382119015722     
   68.000000000000000        626.13769487157435     
   69.000000000000000        623.89524017903807     
   70.000000000000000        621.35800229272195     
   71.000000000000000        618.53748130953386     
   72.000000000000000        615.44511240199256     
   73.000000000000000        612.09224742968047     
   74.000000000000000        608.49013794112250     
   75.000000000000000        604.64991950526587     
   76.000000000000000        600.58259731317264     
   77.000000000000000        596.29903299196314     
   78.000000000000000        591.80993257452485     
   79.000000000000000        587.12583557002029     
   80.000000000000000        582.25710508174427     
   81.000000000000000        577.21391892040685     
   82.000000000000000        572.00626166251720     
   83.000000000000000        566.64391760502303     
   84.000000000000000        561.13646456898209     
   85.000000000000000        555.49326850654438     
   86.000000000000000        549.72347886709770     
   87.000000000000000        543.83602467991227     
   88.000000000000000        537.83961131217939     
   89.000000000000000        531.74271786282623     
   90.000000000000000        525.55359515389978     
   91.000000000000000        519.28026428288956     
   92.000000000000000        512.93051570064870     
   93.000000000000000        506.51190878108468     
   94.000000000000000        500.03177185009690     
   95.000000000000000        493.49720264261452     
   96.000000000000000        486.91506915791228     
   97.000000000000000        480.29201088462344     
   98.000000000000000        473.63444036818794     
   99.000000000000000        466.94854509461931     
   100.00000000000000        460.24028966574366     
   101.00000000000000        453.51541824214911     
   102.00000000000000        446.77945723125242     
   103.00000000000000        440.03771819895627     
   104.00000000000000        433.29530098444792     
   105.00000000000000        426.55709699867884     
   106.00000000000000        419.82779268810344     
   107.00000000000000        413.11187314616205     
   108.00000000000000        406.41362585595789     
   109.00000000000000        399.73714454844549     
   110.00000000000000        393.08633316132699     
   111.00000000000000        386.46490988466451     
   112.00000000000000        379.87641128003150     
   113.00000000000000        373.32419646078813     
   114.00000000000000        366.81145132180461     
   115.00000000000000        360.34119280765947     
   116.00000000000000        353.91627320904058     
   117.00000000000000        347.53938447771253     
   118.00000000000000        341.21306255103980     
   119.00000000000000        334.93969167766591     
   120.00000000000000        328.72150873652652     
   121.00000000000000        322.56060754188985     
   122.00000000000000        316.45894312769241     
   123.00000000000000        310.41833600489662     
   124.00000000000000        304.44047638609095     
   125.00000000000000        298.52692837200874     
   126.00000000000000        292.67913409507793     
   127.00000000000000        286.89841781550825     
   128.00000000000000        281.18598996583552     
   129.00000000000000        275.54295114021068     
   130.00000000000000        269.97029602505035     
   131.00000000000000        264.46891726804171     
   132.00000000000000        259.03960928277803     
   133.00000000000000        253.68307198661100     
   134.00000000000000        248.39991446958754     
   135.00000000000000        243.19065859263225     
   136.00000000000000        238.05574251333215     
   137.00000000000000        232.99552413797988     
   138.00000000000000        228.01028449871748     
   139.00000000000000        223.10023105484569     
   140.00000000000000        218.26550091756044     
   141.00000000000000        213.50616399756134     
   142.00000000000000        208.82222607515135     
   143.00000000000000        204.21363179261328     
   144.00000000000000        199.68026756879286     
   145.00000000000000        195.22196443595848     
   146.00000000000000        190.83850079914797     
   147.00000000000000        186.52960511832723     
   148.00000000000000        182.29495851379485     
   149.00000000000000        178.13419729537878     
   150.00000000000000        174.04691541606383     
   151.00000000000000        170.03266685077639     
   152.00000000000000        166.09096790112736     
   153.00000000000000        162.22129942700056     
   154.00000000000000        158.42310900593426     
   155.00000000000000        154.69581302129902     
   156.00000000000000        151.03879868033715     
   157.00000000000000        147.45142596317828     
   158.00000000000000        143.93302950398629     
   159.00000000000000        140.48292040542609     
   160.00000000000000        137.10038798768855     
   161.00000000000000        133.78470147332473     
   162.00000000000000        130.53511160917392     
   163.00000000000000        127.35085222669203     
   164.00000000000000        124.23114174200231     
   165.00000000000000        121.17518459699912     
   166.00000000000000        118.18217264286071     
   167.00000000000000        115.25128646731812     
   168.00000000000000        112.38169666704246     
   169.00000000000000        109.57256506651051     
   170.00000000000000        106.82304588471341     
   171.00000000000000        104.13228685106216     
   172.00000000000000        101.49943027184698     
   173.00000000000000        98.923614048593763     
   174.00000000000000        96.403972649659579     
   175.00000000000000        93.939638036393958     
   176.00000000000000        91.529740545176978     
   177.00000000000000        89.173409726644323     
   178.00000000000000        86.869775143380636     
   179.00000000000000        84.617967127356209     
   180.00000000000000        82.417117498359460     
   181.00000000000000        80.266360244666643     
   182.00000000000000        78.164832167159574     
   183.00000000000000        76.111673488098589     
   184.00000000000000        74.106028425720552     
   185.00000000000000        72.147045735826381     
   186.00000000000000        70.233879221487911     
   187.00000000000000        68.365688211994510     
   188.00000000000000        66.541638012124722     
   189.00000000000000        64.760900322817278     
   190.00000000000000        63.022653634284197     
   191.00000000000000        61.326083592591893     
   192.00000000000000        59.670383340708234     
   193.00000000000000        58.054753834994678     
   194.00000000000000        56.478404138093474     
   195.00000000000000        54.940551689143547     
   196.00000000000000        53.440422552228085     
   197.00000000000000        51.977251643941990     
   198.00000000000000        50.550282940933691     
   199.00000000000000        49.158769668262266     
   200.00000000000000        47.801974469384078     
   201.00000000000000        46.479169558557778     
   202.00000000000000        45.189636856440657     
   203.00000000000000        43.932668109619385     
   204.00000000000000        42.707564994803015     
   205.00000000000000        41.513639208379864     
   206.00000000000000        40.350212542021467     
   207.00000000000000        39.216616944992388     
   208.00000000000000        38.112194573808061     
   209.00000000000000        37.036297829859436     
   210.00000000000000        35.988289385603501     
   211.00000000000000        34.967542199900883     
   212.00000000000000        33.973439523059035     
   213.00000000000000        33.005374892126028     
   214.00000000000000        32.062752116953220     
   215.00000000000000        31.144985257536998     
   216.00000000000000        30.251498593121877     
   217.00000000000000        29.381726583538118     
   218.00000000000000        28.535113823224425     
   219.00000000000000        27.711114988372525     
   220.00000000000000        26.909194777613692     
   221.00000000000000        26.128827846650712     
   222.00000000000000        25.369498737223321     
   223.00000000000000        24.630701800782948     
   224.00000000000000        23.911941117231962     
   225.00000000000000        23.212730409075370     
   226.00000000000000        22.532592951314523     
   227.00000000000000        21.871061477398385     
   228.00000000000000        21.227678081540095     
   229.00000000000000        20.601994117686438     
   230.00000000000000        19.993570095422051     
   231.00000000000000        19.401975573073567     
   232.00000000000000        18.826789048270403     
   233.00000000000000        18.267597846204758     
   234.00000000000000        17.723998005826036     
   235.00000000000000        17.195594164189622     
   236.00000000000000        16.681999439174739     
   237.00000000000000        16.182835310771829     
   238.00000000000000        15.697731501133804     
   239.00000000000000        15.226325853572337     
   240.00000000000000        14.768264210676401     
   241.00000000000000        14.323200291716823     
   242.00000000000000        13.890795569494134     
   243.00000000000000        13.470719146780777     
   244.00000000000000        13.062647632497159     
   245.00000000000000        12.666265017756443     
   246.00000000000000        12.281262551905106     
   247.00000000000000        11.907338618677839     
   248.00000000000000        11.544198612580971     
   249.00000000000000        11.191554815609853     
   250.00000000000000        10.849126274401410     
   251.00000000000000        10.516638677915342     
   252.00000000000000        10.193824235732823     
   253.00000000000000        9.8804215570558416     
   254.00000000000000        9.5761755304842122     
   255.00000000000000        9.2808372046436514     
   256.00000000000000        8.9941636697315559     
   257.00000000000000        8.7159179400445517     
   258.00000000000000        8.4458688375452908     
   259.00000000000000        8.1837908765231688     
   260.00000000000000        7.9294641493988109     
   261.00000000000000        7.6826742137187454     
   262.00000000000000        7.4432119803815828     
   263.00000000000000        7.2108736031359397     
   264.00000000000000        6.9854603693838362     
   265.00000000000000        6.7667785923225612     
   266.00000000000000        6.5546395044531121     
   267.00000000000000        6.3488591524818379     
   268.00000000000000        6.1492582936374758     
   269.00000000000000        5.9556622934242496     
   270.00000000000000        5.7679010248287916     
   271.00000000000000        5.5858087689958955     
   272.00000000000000        5.4092241173862394     
   273.00000000000000        5.2379898754264396     
   274.00000000000000        5.0719529676604589     
   275.00000000000000        4.9109643444087503     
   276.00000000000000        4.7548788899396373     
   277.00000000000000        4.6035553321564793     
   278.00000000000000        4.4568561538012386     
   279.00000000000000        4.3146475051745803     
   280.00000000000000        4.1767991183704538     
   281.00000000000000        4.0431842230219921     
   282.00000000000000        3.9136794635542116     
   283.00000000000000        3.7881648179376253     
   284.00000000000000        3.6665235179358602     
   285.00000000000000        3.5486419708392747     
   286.00000000000000        3.4344096826752373     
   287.00000000000000        3.3237191828853447     
   288.00000000000000        3.2164659504584732     
   289.00000000000000        3.1125483415078472     
   290.00000000000000        3.0118675182796797     
   291.00000000000000        2.9143273795802296     
   292.00000000000000        2.8198344926071099     
   293.00000000000000        2.7282980261705645     
   294.00000000000000        2.6396296852896950     
   295.00000000000000        2.5537436471477490     
   296.00000000000000        2.4705564983908488     
   297.00000000000000        2.3899871737533593     
   298.00000000000000        2.3119568959933572     
   299.00000000000000        2.2363891171207655     
   300.00000000000000        2.1632094609009900     
   301.00000000000000        2.0923456666159508     
   302.00000000000000        2.0237275340649075     
   303.00000000000000        1.9572868697867194     
   304.00000000000000        1.8929574344851394     
   305.00000000000000        1.8306748916389510     
   306.00000000000000        1.7703767572780011     
   307.00000000000000        1.7120023509066904     
   308.00000000000000        1.6554927475561438     
   309.00000000000000        1.6007907309462206     
   310.00000000000000        1.5478407477385054     
   311.00000000000000        1.4965888628617585     
   312.00000000000000        1.4469827158906390     
   313.00000000000000        1.3989714784593226     
   314.00000000000000        1.3525058126911023     
   315.00000000000000        1.3075378306255094     
   316.00000000000000        1.2640210546242652     
   317.00000000000000        1.2219103787378354     
   318.00000000000000        1.1811620310141135     
   319.00000000000000        1.1417335367311352     
   320.00000000000000        1.1035836825357597     
   321.00000000000000        1.0666724814704041     
   322.00000000000000        1.0309611388701250     
   323.00000000000000       0.99641201911244792     
   324.00000000000000       0.96298861320253415     
   325.00000000000000       0.93065550717653578     
   326.00000000000000       0.89937835130600485     
   327.00000000000000       0.86912383008664307     
   328.00000000000000       0.83985963299470012     
   329.00000000000000       0.81155442599462824     
   330.00000000000000       0.78417782378171896     
   331.00000000000000       0.75770036274385588     
   332.00000000000000       0.73209347462650043     
   333.00000000000000       0.70732946088541815     
   334.00000000000000       0.68338146771178554     
   335.00000000000000       0.66022346171464508     
   336.00000000000000       0.63783020624577713     
   337.00000000000000       0.61617723835238392     
   338.00000000000000       0.59524084634322827     
   339.00000000000000       0.57499804795398657     
   340.00000000000000       0.55542656909795296     
   341.00000000000000       0.53650482318835346     
   342.00000000000000       0.51821189101888898     
   343.00000000000000       0.50052750118917444     
   344.00000000000000       0.48343201106219580     
   345.00000000000000       0.46690638824096881     
   346.00000000000000       0.45093219255191180     
   347.00000000000000       0.43549155852262400     
   348.00000000000000       0.42056717834206125     
   349.00000000000000       0.40614228529122487     
   350.00000000000000       0.39220063763283403     
   351.00000000000000       0.37872650294856480     
   352.00000000000000       0.36570464291275528     
   353.00000000000000       0.35312029849162357     
   354.00000000000000       0.34095917555732652     
   355.00000000000000       0.32920743090639065     
   356.00000000000000       0.31785165867220816     
   357.00000000000000       0.30687887712162359     
   358.00000000000000       0.29627651582570946     
   359.00000000000000       0.28603240319515261     
   360.00000000000000       0.27613475437081442     
   361.00000000000000       0.26657215946025198     
   362.00000000000000       0.25733357211120367     
   363.00000000000000       0.24840829841320147     
   364.00000000000000       0.23978598611872590     
   365.00000000000000       0.23145661417543820     
   366.00000000000000       0.22341048256131060     
   367.00000000000000       0.21563820241454926     
   368.00000000000000       0.20813068645049160     
   369.00000000000000       0.20087913965778464     
   370.00000000000000       0.19387505026632729     
   371.00000000000000       0.18711018097968390     
   372.00000000000000       0.18057656046476619     
   373.00000000000000       0.17426647509186025     
   374.00000000000000       0.16817246091811236     
   375.00000000000000       0.16228729590788016     
   376.00000000000000       0.15660399238341410     
   377.00000000000000       0.15111578969954653     
   378.00000000000000       0.14581614713621602     
   379.00000000000000       0.14069873700277236     
   380.00000000000000       0.13575743794820674     
   381.00000000000000       0.13098632847155309     
   382.00000000000000       0.12637968062687263     
   383.00000000000000       0.12193195391737509     
   384.00000000000000       0.11763778937335129     
   385.00000000000000       0.11349200380874193     
   386.00000000000000       0.10948958425129275     
   387.00000000000000       0.10562568254137593     
   388.00000000000000       0.10189561009467832     
   389.00000000000000        9.8294832824093389E-002
   390.00000000000000        9.4818966216263303E-002
   391.00000000000000        9.1463770558339402E-002
   392.00000000000000        8.8225146310650607E-002
   393.00000000000000        8.5099129621059852E-002
   394.00000000000000        8.2081887976949680E-002
   395.00000000000000        7.9169715990813558E-002
   396.00000000000000        7.6359031315605994E-002
   397.00000000000000        7.3646370686060142E-002
   398.00000000000000        7.1028386082305259E-002
   399.00000000000000        6.8501841012207451E-002
   400.00000000000000        6.6063606908951356E-002
   401.00000000000000        6.3710659640486417E-002
   402.00000000000000        6.1440076127535118E-002
   403.00000000000000        5.9249031066963720E-002
   404.00000000000000        5.7134793757402699E-002
   405.00000000000000        5.5094725024081061E-002
   406.00000000000000        5.3126274239931361E-002
   407.00000000000000        5.1226976440096827E-002
   408.00000000000000        4.9394449527055621E-002
   409.00000000000000        4.7626391563652622E-002
   410.00000000000000        4.5920578151408993E-002
   411.00000000000000        4.4274859891538662E-002
   412.00000000000000        4.2687159926198197E-002
   413.00000000000000        4.1155471557540145E-002
   414.00000000000000        3.9677855942225525E-002
   415.00000000000000        3.8252439859108096E-002
   416.00000000000000        3.6877413547877873E-002
   417.00000000000000        3.5551028616499357E-002
   418.00000000000000        3.4271596015357543E-002
   419.00000000000000        3.3037484076073820E-002
   420.00000000000000        3.1847116613016320E-002
   421.00000000000000        3.0698971085585204E-002
   422.00000000000000        2.9591576819410294E-002
   423.00000000000000        2.8523513284648850E-002
   424.00000000000000        2.7493408429628632E-002
   425.00000000000000        2.6499937068127040E-002
   426.00000000000000        2.5541819318630178E-002
   427.00000000000000        2.4617819093966133E-002
   428.00000000000000        2.3726742639746126E-002
   429.00000000000000        2.2867437120103293E-002
   430.00000000000000        2.2038789249252597E-002
   431.00000000000000        2.1239723967450146E-002
   432.00000000000000        2.0469203159961244E-002
   433.00000000000000        1.9726224417695375E-002
   434.00000000000000        1.9009819838204101E-002
   435.00000000000000        1.8319054865773423E-002
   436.00000000000000        1.7653027169386402E-002
   437.00000000000000        1.7010865557360307E-002
   438.00000000000000        1.6391728927506909E-002
   439.00000000000000        1.5794805251692128E-002
   440.00000000000000        1.5219310593708464E-002
   441.00000000000000        1.4664488159406649E-002
   442.00000000000000        1.4129607378061597E-002
   443.00000000000000        1.3613963013984317E-002
   444.00000000000000        1.3116874307414317E-002
   445.00000000000000        1.2637684143763052E-002
   446.00000000000000        1.2175758250302472E-002
   447.00000000000000        1.1730484419423001E-002
   448.00000000000000        1.1301271757611137E-002
   449.00000000000000        1.0887549959322307E-002
   450.00000000000000        1.0488768604951701E-002
   451.00000000000000        1.0104396482127350E-002
   452.00000000000000        9.7339209295774724E-003
   453.00000000000000        9.3768472028433678E-003
   454.00000000000000        9.0326978611335700E-003
   455.00000000000000        8.7010121746378712E-003
   456.00000000000000        8.3813455516376333E-003
   457.00000000000000        8.0732689847731378E-003
   458.00000000000000        7.7763685158453409E-003
   459.00000000000000        7.4902447185518795E-003
   460.00000000000000        7.2145121985729569E-003
   461.00000000000000        6.9487991104430890E-003
   462.00000000000000        6.6927466906616818E-003
   463.00000000000000        6.4460088065125178E-003
   464.00000000000000        6.2082515200784635E-003
   465.00000000000000        5.9791526669549337E-003
   466.00000000000000        5.7584014491805979E-003
   467.00000000000000        5.5456980419184730E-003
   468.00000000000000        5.3407532134368760E-003
   469.00000000000000        5.1432879579524672E-003
   470.00000000000000        4.9530331409120580E-003
   471.00000000000000        4.7697291563036769E-003
   472.00000000000000        4.5931255955996807E-003
   473.00000000000000        4.4229809279480092E-003
   474.00000000000000        4.2590621912396440E-003
   475.00000000000000        4.1011446936918940E-003
   476.00000000000000        3.9490117255995012E-003
   477.00000000000000        3.8024542809158191E-003
   478.00000000000000        3.6612707883378558E-003
   479.00000000000000        3.5252668515787194E-003
   480.00000000000000        3.3942549985221744E-003
   481.00000000000000        3.2680544389628221E-003
   482.00000000000000        3.1464908306456391E-003
   483.00000000000000        3.0293960533279828E-003
   484.00000000000000        2.9166079905951839E-003
   485.00000000000000        2.8079703191707718E-003
   486.00000000000000        2.7033323054700647E-003
   487.00000000000000        2.6025486091540862E-003
   488.00000000000000        2.5054790934487428E-003
   489.00000000000000        2.4119886420020864E-003
   490.00000000000000        2.3219469820595015E-003
   491.00000000000000        2.2352285137440197E-003
   492.00000000000000        2.1517121452361066E-003
   493.00000000000000        2.0712811336536150E-003
   494.00000000000000        1.9938229314395315E-003
   495.00000000000000        1.9192290380710179E-003
   496.00000000000000        1.8473948569100226E-003
   497.00000000000000        1.7782195570208831E-003
   498.00000000000000        1.7116059397865307E-003
   499.00000000000000        1.6474603101606902E-003
   500.00000000000000        1.5856923523980668E-003
   501.00000000000000        1.5262150101107231E-003
   502.00000000000000        1.4689443705028719E-003
   503.00000000000000        1.4137995526421105E-003
   504.00000000000000        1.3607025996290772E-003
   505.00000000000000        1.3095783745327610E-003
   506.00000000000000        1.2603544599624982E-003
   507.00000000000000        1.2129610611524011E-003
   508.00000000000000        1.1673309124380176E-003
   509.00000000000000        1.1233991870089068E-003
   510.00000000000000        1.0811034098247188E-003
   511.00000000000000        1.0403833735863951E-003
   512.00000000000000        1.0011810576572538E-003
   513.00000000000000        9.6344054983281500E-004
   514.00000000000000        9.2710797086096404E-004
   515.00000000000000        8.9213140161809132E-004
   516.00000000000000        8.5846081284929245E-004
   517.00000000000000        8.2604799738443915E-004
   518.00000000000000        7.9484650474438321E-004
   519.00000000000000        7.6481157805477235E-004
   520.00000000000000        7.3590009318772896E-004
   521.00000000000000        7.0807050005401977E-004
   522.00000000000000        6.8128276597148889E-004
   523.00000000000000        6.5549832103746117E-004
   524.00000000000000        6.3068000543578236E-004
   525.00000000000000        6.0679201861115037E-004
   526.00000000000000        5.8379987024584411E-004
   527.00000000000000        5.6167033297619122E-004
   528.00000000000000        5.4037139678810269E-004
   529.00000000000000        5.1987222503323694E-004
   530.00000000000000        5.0014311200918696E-004
   531.00000000000000        4.8115544204917541E-004
   532.00000000000000        4.6288165006846125E-004
   533.00000000000000        4.4529518351655944E-004
   534.00000000000000        4.2837046568608000E-004
   535.00000000000000        4.1208286033066638E-004
   536.00000000000000        3.9640863754617509E-004
   537.00000000000000        3.8132494087082558E-004
   538.00000000000000        3.6680975556144414E-004
   539.00000000000000        3.5284187800459590E-004
   540.00000000000000        3.3940088622267344E-004
   541.00000000000000        3.2646711143640008E-004
   542.00000000000000        3.1402161064660299E-004
   543.00000000000000        3.0204614019932924E-004
   544.00000000000000        2.9052313029963729E-004
   545.00000000000000        2.7943566044059227E-004
   546.00000000000000        2.6876743571518311E-004
   547.00000000000000        2.5850276397990459E-004
   548.00000000000000        2.4862653383997413E-004
   549.00000000000000        2.3912419342704482E-004
   550.00000000000000        2.2998172994138333E-004
   551.00000000000000        2.2118564993143139E-004
   552.00000000000000        2.1272296028460001E-004
   553.00000000000000        2.0458114990405270E-004
   554.00000000000000        1.9674817204713067E-004
   555.00000000000000        1.8921242730191826E-004
   556.00000000000000        1.8196274717923174E-004
   557.00000000000000        1.7498837829817276E-004
   558.00000000000000        1.6827896714408314E-004
   559.00000000000000        1.6182454537852985E-004
   560.00000000000000        1.5561551568161872E-004
   561.00000000000000        1.4964263810765999E-004
   562.00000000000000        1.4389701693585640E-004
   563.00000000000000        1.3837008799833035E-004
   564.00000000000000        1.3305360646842537E-004
   565.00000000000000        1.2793963509281399E-004
   566.00000000000000        1.2302053285154050E-004
   567.00000000000000        1.1828894403065012E-004
   568.00000000000000        1.1373778769264231E-004
   569.00000000000000        1.0936024753045993E-004
   570.00000000000000        1.0514976209125934E-004
   571.00000000000000        1.0110001535669121E-004
   572.00000000000000        9.7204927666859697E-005
   573.00000000000000        9.3458646975635038E-005
   574.00000000000000        8.9855540425367962E-005
   575.00000000000000        8.6390186229524753E-005
   576.00000000000000        8.3057365852147257E-005
   577.00000000000000        7.9852056473446789E-005
   578.00000000000000        7.6769423731189794E-005
   579.00000000000000        7.3804814727951580E-005
   580.00000000000000        7.0953751294618473E-005
   581.00000000000000        6.8211923500880695E-005
   582.00000000000000        6.5575183403799765E-005
   583.00000000000000        6.3039539025819521E-005
   584.00000000000000        6.0601148553931876E-005
   585.00000000000000        5.8256314751977776E-005
   586.00000000000000        5.6001479578358465E-005
   587.00000000000000        5.3833219001720897E-005
   588.00000000000000        5.1748238007416604E-005
   589.00000000000000        4.9743365787823731E-005
   590.00000000000000        4.7815551109842558E-005
   591.00000000000000        4.5961857853132981E-005
   592.00000000000000        4.4179460712878653E-005
   593.00000000000000        4.2465641061095288E-005
   594.00000000000000        4.0817782960706725E-005
   595.00000000000000        3.9233369326830798E-005
   596.00000000000000        3.7709978229897918E-005
   597.00000000000000        3.6245279335440035E-005
   598.00000000000000        3.4837030475562576E-005
   599.00000000000000        3.3483074347278704E-005
   600.00000000000000        3.2181335333090128E-005
   601.00000000000000        3.0929816439332138E-005
   602.00000000000000        2.9726596347982514E-005
   603.00000000000000        2.8569826577779554E-005
   604.00000000000000        2.7457728750649498E-005
   605.00000000000000        2.6388591959587036E-005
   606.00000000000000        2.5360770234264137E-005
   607.00000000000000        2.4372680100791852E-005
   608.00000000000000        2.3422798232173554E-005
   609.00000000000000        2.2509659186126813E-005
   610.00000000000000        2.1631853227058054E-005
   611.00000000000000        2.0788024229103151E-005
   612.00000000000000        1.9976867657250369E-005
   613.00000000000000        1.9197128623674753E-005
   614.00000000000000        1.8447600016514977E-005
   615.00000000000000        1.7727120698423988E-005
   616.00000000000000        1.7034573772324666E-005
   617.00000000000000        1.6368884911893067E-005
   618.00000000000000        1.5729020754378987E-005
   619.00000000000000        1.5113987353466482E-005
   620.00000000000000        1.4522828689958145E-005
   621.00000000000000        1.3954625238144462E-005
   622.00000000000000        1.3408492585801605E-005
   623.00000000000000        1.2883580105835966E-005
   624.00000000000000        1.2379069677663566E-005
   625.00000000000000        1.1894174456482780E-005
   626.00000000000000        1.1428137688668519E-005
   627.00000000000000        1.0980231571578836E-005
   628.00000000000000        1.0549756156126454E-005
   629.00000000000000        1.0136038290530768E-005
   630.00000000000000        9.7384306037206818E-006
   631.00000000000000        9.3563105269193060E-006
   632.00000000000000        8.9890793519886740E-006
   633.00000000000000        8.6361613251720203E-006
   634.00000000000000        8.2970027749152772E-006
   635.00000000000000        7.9710712725016627E-006
   636.00000000000000        7.6578548242781144E-006
   637.00000000000000        7.3568610942968558E-006
   638.00000000000000        7.0676166562405660E-006
   639.00000000000000        6.7896662735381017E-006
   640.00000000000000        6.5225722066218757E-006
   641.00000000000000        6.2659135463128095E-006
   642.00000000000000        6.0192855723592452E-006
   643.00000000000000        5.7822991361897946E-006
   644.00000000000000        5.5545800669764245E-006
   645.00000000000000        5.3357686001360854E-006
   646.00000000000000        5.1255188274331609E-006
   647.00000000000000        4.9234981678734640E-006
   648.00000000000000        4.7293868586127305E-006
   649.00000000000000        4.5428774651302322E-006
   650.00000000000000        4.3636744099459885E-006
   651.00000000000000        4.1914935191864416E-006
   652.00000000000000        4.0260615863299749E-006
   653.00000000000000        3.8671159524882112E-006
   654.00000000000000        3.7144041026015507E-006
   655.00000000000000        3.5676832769532497E-006
   656.00000000000000        3.4267200974257083E-006
   657.00000000000000        3.2912902079450472E-006
   658.00000000000000        3.1611779285818281E-006
   659.00000000000000        3.0361759227930261E-006
   660.00000000000000        2.9160848773121274E-006
   661.00000000000000        2.8007131942104741E-006
   662.00000000000000        2.6898766946724898E-006
   663.00000000000000        2.5833983340425238E-006
   664.00000000000000        2.4811079277197907E-006
   665.00000000000000        2.3828418874914048E-006
   666.00000000000000        2.2884429679104618E-006
   667.00000000000000        2.1977600223401828E-006
   668.00000000000000        2.1106477682988728E-006
   669.00000000000000        2.0269665617549871E-006
   670.00000000000000        1.9465821800337634E-006
   671.00000000000000        1.8693656130103661E-006
   672.00000000000000        1.7951928622758396E-006
   673.00000000000000        1.7239447479748789E-006
   674.00000000000000        1.6555067230244274E-006
   675.00000000000000        1.5897686944343587E-006
   676.00000000000000        1.5266248514607520E-006
   677.00000000000000        1.4659735003334407E-006
   678.00000000000000        1.4077169053081621E-006
   679.00000000000000        1.3517611358037875E-006
   680.00000000000000        1.2980159193939118E-006
   681.00000000000000        1.2463945004302838E-006
   682.00000000000000        1.1968135040847158E-006
   683.00000000000000        1.1491928056033998E-006
   684.00000000000000        1.1034554045757210E-006
   685.00000000000000        1.0595273040269658E-006
   686.00000000000000        1.0173373941515642E-006
   687.00000000000000        9.7681734051022779E-007
   688.00000000000000        9.3790147652135154E-007
   689.00000000000000        9.0052670008291094E-007
   690.00000000000000        8.6463237416787903E-007
   691.00000000000000        8.3016023124155533E-007
   692.00000000000000        7.9705428135529223E-007
   693.00000000000000        7.6526072377636111E-007
   694.00000000000000        7.3472786201919577E-007
   695.00000000000000        7.0540602214814711E-007
   696.00000000000000        6.7724747422690160E-007
   697.00000000000000        6.5020635679450061E-007
   698.00000000000000        6.2423860425217097E-007
   699.00000000000000        5.9930187705000497E-007
   700.00000000000000        5.7535549456613316E-007
   701.00000000000000        5.5236037057579333E-007
   702.00000000000000        5.3027895121088348E-007
   703.00000000000000        5.0907515531493162E-007
   704.00000000000000        4.8871431710162895E-007
   705.00000000000000        4.6916313102887274E-007
   706.00000000000000        4.5038959880320351E-007
   707.00000000000000        4.3236297843322876E-007
   708.00000000000000        4.1505373525331695E-007
   709.00000000000000        3.9843349484209530E-007
   710.00000000000000        3.8247499776294251E-007
   711.00000000000000        3.6715205605669705E-007
   712.00000000000000        3.5243951141917461E-007
   713.00000000000000        3.3831319499882343E-007
   714.00000000000000        3.2474988875231768E-007
   715.00000000000000        3.1172728829814576E-007
   716.00000000000000        2.9922396721060886E-007
   717.00000000000000        2.8721934269886486E-007
   718.00000000000000        2.7569364261768451E-007
   719.00000000000000        2.6462787375866859E-007
   720.00000000000000        2.5400379137264872E-007
   721.00000000000000        2.4380386987581561E-007
   722.00000000000000        2.3401127469399062E-007
   723.00000000000000        2.2460983520117317E-007
   724.00000000000000        2.1558401871013984E-007
   725.00000000000000        2.0691890547454838E-007
   726.00000000000000        1.9860016466352205E-007
   727.00000000000000        1.9061403127113736E-007
   728.00000000000000        1.8294728392477969E-007
   729.00000000000000        1.7558722355758277E-007
   730.00000000000000        1.6852165291163688E-007
   731.00000000000000        1.6173885683977895E-007
   732.00000000000000        1.5522758337516155E-007
   733.00000000000000        1.4897702553886419E-007
   734.00000000000000        1.4297680385699593E-007
   735.00000000000000        1.3721694955984836E-007
   736.00000000000000        1.3168788843666758E-007
   737.00000000000000        1.2638042532069197E-007
   738.00000000000000        1.2128572917999211E-007
   739.00000000000000        1.1639531879067235E-007
   740.00000000000000        1.1170104896985103E-007
   741.00000000000000        1.0719509734668886E-007
   742.00000000000000        1.0286995165062541E-007
   743.00000000000000        9.8718397496734381E-008
   744.00000000000000        9.4733506648907707E-008
   745.00000000000000        9.0908625742306482E-008
   746.00000000000000        8.7237365447248950E-008
   747.00000000000000        8.3713590057388559E-008
   748.00000000000000        8.0331407485666140E-008
   749.00000000000000        7.7085159652210220E-008
   750.00000000000000        7.3969413248929862E-008
   751.00000000000000        7.0978950866141925E-008
   752.00000000000000        6.8108762467143714E-008
   753.00000000000000        6.5354037197194477E-008
   754.00000000000000        6.2710155513873201E-008
   755.00000000000000        6.0172681626298437E-008
   756.00000000000000        5.7737356231175862E-008
   757.00000000000000        5.5400089534101308E-008
   758.00000000000000        5.3156954544993184E-008
   759.00000000000000        5.1004180636973649E-008
   760.00000000000000        4.8938147358410684E-008
   761.00000000000000        4.6955378488239029E-008
   762.00000000000000        4.5052536325073561E-008
   763.00000000000000        4.3226416200974309E-008
   764.00000000000000        4.1473941211092537E-008
   765.00000000000000        3.9792157150762041E-008
   766.00000000000000        3.8178227651926348E-008
   767.00000000000000        3.6629429511104727E-008
   768.00000000000000        3.5143148201418221E-008
   769.00000000000000        3.3716873561452433E-008
   770.00000000000000        3.2348195654061430E-008
   771.00000000000000        3.1034800788440881E-008
   772.00000000000000        2.9774467699089196E-008
   773.00000000000000        2.8565063875505098E-008
   774.00000000000000        2.7404542036714229E-008
   775.00000000000000        2.6290936744957787E-008
   776.00000000000000        2.5222361153073857E-008
   777.00000000000000        2.4197003880341488E-008
   778.00000000000000        2.3213126011736324E-008
   779.00000000000000        2.2269058215767374E-008
   780.00000000000000        2.1363197976227545E-008
   781.00000000000000        2.0494006933395252E-008
   782.00000000000000        1.9660008330385884E-008
   783.00000000000000        1.8859784560517570E-008
   784.00000000000000        1.8091974811727343E-008
   785.00000000000000        1.7355272804222962E-008
   786.00000000000000        1.6648424617697146E-008
   787.00000000000000        1.5970226604591431E-008
   788.00000000000000        1.5319523386015854E-008
   789.00000000000000        1.4695205927077271E-008
   790.00000000000000        1.4096209688486710E-008
   791.00000000000000        1.3521512851444963E-008
   792.00000000000000        1.2970134612917333E-008
   793.00000000000000        1.2441133548527100E-008
   794.00000000000000        1.1933606040400715E-008
   795.00000000000000        1.1446684767404904E-008
   796.00000000000000        1.0979537255315129E-008
   797.00000000000000        1.0531364484553882E-008
   798.00000000000000        1.0101399553222269E-008
   799.00000000000000        9.6889063932483350E-009
   800.00000000000000        9.2931785375518292E-009
   801.00000000000000        8.9135379362111527E-009
   802.00000000000000        8.5493338196991391E-009
   803.00000000000000        8.1999416073249013E-009
   804.00000000000000        7.8647618590976407E-009
   805.00000000000000        7.5432192692948527E-009
   806.00000000000000        7.2347617000859003E-009
   807.00000000000000        6.9388592536270322E-009
   808.00000000000000        6.6550033811046059E-009
   809.00000000000000        6.3827060272665247E-009
   810.00000000000000        6.1214988090346065E-009
   811.00000000000000        5.8709322268498649E-009
   812.00000000000000        5.6305749074542450E-009
   813.00000000000000        5.4000128768625700E-009
   814.00000000000000        5.1788488623292116E-009
   815.00000000000000        4.9667016221595903E-009
   816.00000000000000        4.7632053022623451E-009
   817.00000000000000        4.5680088183827311E-009
   818.00000000000000        4.3807752629967759E-009
   819.00000000000000        4.2011813358892597E-009
   820.00000000000000        4.0289167974739203E-009
   821.00000000000000        3.8636839439549592E-009
   822.00000000000000        3.7051971034600021E-009
   823.00000000000000        3.5531821523135648E-009
   824.00000000000000        3.4073760506498342E-009
   825.00000000000000        3.2675263965961761E-009
   826.00000000000000        3.1333909982890377E-009
   827.00000000000000        3.0047374630138669E-009
   828.00000000000000        2.8813428027866991E-009
   829.00000000000000        2.7629930557245584E-009
   830.00000000000000        2.6494829225753239E-009
   831.00000000000000        2.5406154178044345E-009
   832.00000000000000        2.4362015346579975E-009
   833.00000000000000        2.3360599236467564E-009
   834.00000000000000        2.2400165839151016E-009
   835.00000000000000        2.1479045669825753E-009
   836.00000000000000        2.0595636923642186E-009
   837.00000000000000        1.9748402745966707E-009
   838.00000000000000        1.8935868612146076E-009
   839.00000000000000        1.8156619812413454E-009
   840.00000000000000        1.7409299037735271E-009
   841.00000000000000        1.6692604062576031E-009
   842.00000000000000        1.6005285520709116E-009
   843.00000000000000        1.5346144770359118E-009
   844.00000000000000        1.4714031845108837E-009
   845.00000000000000        1.4107843487143766E-009
   846.00000000000000        1.3526521259545467E-009
   847.00000000000000        1.2969049734473111E-009
   848.00000000000000        1.2434454754198937E-009
   849.00000000000000        1.1921801762088403E-009
   850.00000000000000        1.1430194200720738E-009
   851.00000000000000        1.0958771974470934E-009
   852.00000000000000        1.0506709973967949E-009
   853.00000000000000        1.0073216659956060E-009
   854.00000000000000        9.6575327041796277E-010
   855.00000000000000        9.2589296850074444E-010
   856.00000000000000        8.8767088356054465E-010
   857.00000000000000        8.5101998425504296E-010
   858.00000000000000        8.1587596928652489E-010
   859.00000000000000        7.8217715675335512E-010
   860.00000000000000        7.4986437796302639E-010
   861.00000000000000        7.1888087552794986E-010
   862.00000000000000        6.8917220557207326E-010
   863.00000000000000        6.6068614388352983E-010
   864.00000000000000        6.3337259585474138E-010
   865.00000000000000        6.0718351005825408E-010
   866.00000000000000        5.8207279531192472E-010
   867.00000000000000        5.5799624109372926E-010
   868.00000000000000        5.3491144117128617E-010
   869.00000000000000        5.1277772031720054E-010
   870.00000000000000        4.9155606398597051E-010
   871.00000000000000        4.7120905083363932E-010
   872.00000000000000        4.5170078796566742E-010
   873.00000000000000        4.3299684880347413E-010
   874.00000000000000        4.1506421346420619E-010
   875.00000000000000        3.9787121155263368E-010
   876.00000000000000        3.8138746726808332E-010
   877.00000000000000        3.6558384673328161E-010
   878.00000000000000        3.5043240745553152E-010
   879.00000000000000        3.3590634983439938E-010
   880.00000000000000        3.2197997063354149E-010
   881.00000000000000        3.0862861833737788E-010
   882.00000000000000        2.9582865031678033E-010
   883.00000000000000        2.8355739173077463E-010
   884.00000000000000        2.7179309609431377E-010
   885.00000000000000        2.6051490744487416E-010
   886.00000000000000        2.4970282404342900E-010
   887.00000000000000        2.3933766354784841E-010
   888.00000000000000        2.2940102959933865E-010
   889.00000000000000        2.1987527976484432E-010
   890.00000000000000        2.1074349478070410E-010
   891.00000000000000        2.0198944904497991E-010
   892.00000000000000        1.9359758230801833E-010
   893.00000000000000        1.8555297251287111E-010
   894.00000000000000        1.7784130973905016E-010
   895.00000000000000        1.7044887120506396E-010
   896.00000000000000        1.6336249728690998E-010
   897.00000000000000        1.5656956851142496E-010
   898.00000000000000        1.5005798348510951E-010
   899.00000000000000        1.4381613772051264E-010
   900.00000000000000        1.3783290332391062E-010
   901.00000000000000        1.3209760950940372E-010
   902.00000000000000        1.2660002390594323E-010
   903.00000000000000        1.2133033462523825E-010
   904.00000000000000        1.1627913305967931E-010
   905.00000000000000        1.1143739738071186E-010
   906.00000000000000        1.0679647670930335E-010
   907.00000000000000        1.0234807593123204E-010
   908.00000000000000        9.8084241131079807E-011
   909.00000000000000        9.3997345619837450E-011
   910.00000000000000        9.0080076532044980E-011
   911.00000000000000        8.6325421969366059E-011
   912.00000000000000        8.2726658668430415E-011
   913.00000000000000        7.9277340171660669E-011
   914.00000000000000        7.5971285480679406E-011
   915.00000000000000        7.2802568172687749E-011
   916.00000000000000        6.9765505961036341E-011
   917.00000000000000        6.6854650681922620E-011
   918.00000000000000        6.4064778689927375E-011
   919.00000000000000        6.1390881645764775E-011
   920.00000000000000        5.8828157680297060E-011
   921.00000000000000        5.6372002919546146E-011
   922.00000000000000        5.4018003355992514E-011
   923.00000000000000        5.1761927052101682E-011
   924.00000000000000        4.9599716662549743E-011
   925.00000000000000        4.7527482262193943E-011
   926.00000000000000        4.5541494467333912E-011
   927.00000000000000        4.3638177838335852E-011
   928.00000000000000        4.1814104552162239E-011
   929.00000000000000        4.0065988333808556E-011
   930.00000000000000        3.8390678636122124E-011
   931.00000000000000        3.6785155057860836E-011
   932.00000000000000        3.5246521990298674E-011
   933.00000000000000        3.3772003483070909E-011
   934.00000000000000        3.2358938320297303E-011
   935.00000000000000        3.1004775298437562E-011
   936.00000000000000        2.9707068697638623E-011
   937.00000000000000        2.8463473938681127E-011
   938.00000000000000        2.7271743417960322E-011
   939.00000000000000        2.6129722513228966E-011
   940.00000000000000        2.5035345753142878E-011
   941.00000000000000        2.3986633143911782E-011
   942.00000000000000        2.2981686646647996E-011
   943.00000000000000        2.2018686799260071E-011
   944.00000000000000        2.1095889476978803E-011
   945.00000000000000        2.0211622785862198E-011
   946.00000000000000        1.9364284083839404E-011
   947.00000000000000        1.8552337124082292E-011
   948.00000000000000        1.7774309315704270E-011
   949.00000000000000        1.7028789096991499E-011
   950.00000000000000        1.6314423416557869E-011
   951.00000000000000        1.5629915318019123E-011
   952.00000000000000        1.4974021623941792E-011
   953.00000000000000        1.4345550715009218E-011
   954.00000000000000        1.3743360400508440E-011
   955.00000000000000        1.3166355876396317E-011
   956.00000000000000        1.2613487767360995E-011
   957.00000000000000        1.2083750249439812E-011
   958.00000000000000        1.1576179249892108E-011
   959.00000000000000        1.1089850721162077E-011
   960.00000000000000        1.0623878985896751E-011
   961.00000000000000        1.0177415150107696E-011
   962.00000000000000        9.7496455816796386E-012
   963.00000000000000        9.3397904515500302E-012
   964.00000000000000        8.9471023349886056E-012
   965.00000000000000        8.5708648705103788E-012
   966.00000000000000        8.2103914740603169E-012
   967.00000000000000        7.8650241061982690E-012
   968.00000000000000        7.5341320901130893E-012
   969.00000000000000        7.2171109783749154E-012
   970.00000000000000        6.9133814664289248E-012
   971.00000000000000        6.6223883509074804E-012
   972.00000000000000        6.3435995309228388E-012
   973.00000000000000        6.0765050505720862E-012
   974.00000000000000        5.8206161809624626E-012
   975.00000000000000        5.5754645401336707E-012
   976.00000000000000        5.3406012493165299E-012
   977.00000000000000        5.1155961240374598E-012
   978.00000000000000        4.9000368986337901E-012
   979.00000000000000        4.6935284828061875E-012
   980.00000000000000        4.4956922488904021E-012
   981.00000000000000        4.3061653485851275E-012
   982.00000000000000        4.1246000579223260E-012
   983.00000000000000        3.9506631493187164E-012
   984.00000000000000        3.7840352895933476E-012
   985.00000000000000        3.6244104628815586E-012
   986.00000000000000        3.4714954174207033E-012
   987.00000000000000        3.3250091352240013E-012
   988.00000000000000        3.1846823236990758E-012
   989.00000000000000        3.0502569283083281E-012
   990.00000000000000        2.9214856654020487E-012
   991.00000000000000        2.7981315743942069E-012
   992.00000000000000        2.6799675884825631E-012
   993.00000000000000        2.5667761231490467E-012
   994.00000000000000        2.4583486817060594E-012
   995.00000000000000        2.3544854771867507E-012
   996.00000000000000        2.2549950699038577E-012
   997.00000000000000        2.1596940200309192E-012
   998.00000000000000        2.0684065545860393E-012
   999.00000000000000        1.9809642482231511E-012
   1000.0000000000000        1.8972057172606798E-012
