# Recoil energy (kev)        Event rate (events/gev)
   1.0000000000000000        26127303160.540531     
   2.0000000000000000        25447860411.350616     
   3.0000000000000000        24781327015.644459     
   4.0000000000000000        24127718799.705997     
   5.0000000000000000        23487032292.744812     
   6.0000000000000000        22859246093.497478     
   7.0000000000000000        22244322166.461693     
   8.0000000000000000        21642207070.758018     
   9.0000000000000000        21052833124.546230     
   10.000000000000000        20476119507.819511     
   11.000000000000000        19911973306.297237     
   12.000000000000000        19360290499.036163     
   13.000000000000000        18820956892.278675     
   14.000000000000000        18293849001.961727     
   15.000000000000000        17778834887.216240     
   16.000000000000000        17275774937.096134     
   17.000000000000000        16784522612.687609     
   18.000000000000000        16304925146.666418     
   19.000000000000000        15836824202.286688     
   20.000000000000000        15380056493.706427     
   21.000000000000000        14934454369.478222     
   22.000000000000000        14499846360.959139     
   23.000000000000000        14076057697.322012     
   24.000000000000000        13662910788.781954     
   25.000000000000000        13260225679.584312     
   26.000000000000000        12867820472.236364     
   27.000000000000000        12485511724.402798     
   28.000000000000000        12113114819.824976     
   29.000000000000000        11750444314.566725     
   30.000000000000000        11397314259.832964     
   31.000000000000000        11053538502.554518     
   32.000000000000000        10718930964.880642     
   33.000000000000000        10393305903.670919     
   34.000000000000000        10076478151.030613     
   35.000000000000000        9768263336.8871193     
   36.000000000000000        9468478094.5614529     
   37.000000000000000        9176940250.2454224     
   38.000000000000000        8893468997.2549438     
   39.000000000000000        8617885055.8897095     
   40.000000000000000        8350010819.6925488     
   41.000000000000000        8089670488.8647928     
   42.000000000000000        7836690191.5594139     
   43.000000000000000        7590898093.7399035     
   44.000000000000000        7352124498.2612524     
   45.000000000000000        7120201933.7978821     
   46.000000000000000        6894965234.2142162     
   47.000000000000000        6676251608.9452972     
   48.000000000000000        6463900704.9269142     
   49.000000000000000        6257754660.5897493     
   50.000000000000000        6057658152.4059601     
   51.000000000000000        5863458434.4533844     
   52.000000000000000        5675005371.4393740     
   53.000000000000000        5492151465.6041613     
   54.000000000000000        5314751877.9030533     
   55.000000000000000        5142664443.8460217     
   56.000000000000000        4975749684.3546600     
   57.000000000000000        4813870811.9776039     
   58.000000000000000        4656893732.7881498     
   59.000000000000000        4504687044.2707281     
   60.000000000000000        4357122029.4871721     
   61.000000000000000        4214072647.7980795     
   62.000000000000000        4075415522.3998833     
   63.000000000000000        3941029924.9243960     
   64.000000000000000        3810797757.3341599     
   65.000000000000000        3684603531.3340001     
   66.000000000000000        3562334345.5073233     
   67.000000000000000        3443879860.3736844     
   68.000000000000000        3329132271.5534678     
   69.000000000000000        3217986281.2146835     
   70.000000000000000        3110339067.9669290     
   71.000000000000000        3006090255.3579736     
   72.000000000000000        2905141879.1193266     
   73.000000000000000        2807398353.2983556     
   74.000000000000000        2712766435.4063659     
   75.000000000000000        2621155190.7042098     
   76.000000000000000        2532475955.7392383     
   77.000000000000000        2446642301.2407861     
   78.000000000000000        2363569994.4740925     
   79.000000000000000        2283176961.1464782     
   80.000000000000000        2205383246.9534621     
   81.000000000000000        2130110978.8465633     
   82.000000000000000        2057284326.0991566     
   83.000000000000000        1986829461.2415297     
   84.000000000000000        1918674520.9313369     
   85.000000000000000        1852749566.8209383     
   86.000000000000000        1788986546.4787114     
   87.000000000000000        1727319254.4172153     
   88.000000000000000        1667683293.2770426     
   89.000000000000000        1610016035.2116015     
   90.000000000000000        1554256583.5143151     
   91.000000000000000        1500345734.5264955     
   92.000000000000000        1448225939.8609173     
   93.000000000000000        1397841268.9731715     
   94.000000000000000        1349137372.1099467     
   95.000000000000000        1302061443.6608658     
   96.000000000000000        1256562185.9378791     
   97.000000000000000        1212589773.4038537     
   98.000000000000000        1170095817.3698692     
   99.000000000000000        1129033331.1784875     
   100.00000000000000        1089356695.8884711     
   101.00000000000000        1051021626.4743454     
   102.00000000000000        1013985138.5527430     
   103.00000000000000        978205515.64557672     
   104.00000000000000        943642276.98877692     
   105.00000000000000        910256145.89370501     
   106.00000000000000        878009018.66723371     
   107.00000000000000        846863934.09504867     
   108.00000000000000        816785043.49168634     
   109.00000000000000        787737581.31967080     
   110.00000000000000        759687836.37916851     
   111.00000000000000        732603123.56857419     
   112.00000000000000        706451756.21560383     
   113.00000000000000        681203018.97770834     
   114.00000000000000        656827141.30978119     
   115.00000000000000        633295271.49652719     
   116.00000000000000        610579451.24619305     
   117.00000000000000        588652590.84178138     
   118.00000000000000        567488444.84531498     
   119.00000000000000        547061588.35028958     
   120.00000000000000        527347393.77691060     
   121.00000000000000        508322008.20440751     
   122.00000000000000        489962331.23426533     
   123.00000000000000        472245993.37793833     
   124.00000000000000        455151334.96227831     
   125.00000000000000        438657385.54565632     
   126.00000000000000        422743843.83753097     
   127.00000000000000        407391058.11397386     
   128.00000000000000        392580007.12151998     
   129.00000000000000        378292281.46152329     
   130.00000000000000        364510065.44707960     
   131.00000000000000        351216119.42445374     
   132.00000000000000        338393762.55086523     
   133.00000000000000        326026856.02040380     
   134.00000000000000        314099786.72979325     
   135.00000000000000        302597451.37568808     
   136.00000000000000        291505240.97514123     
   137.00000000000000        280809025.80090028     
   138.00000000000000        270495140.72316748     
   139.00000000000000        260550370.94947404     
   140.00000000000000        250961938.15438023     
   141.00000000000000        241717486.99068105     
   142.00000000000000        232805071.97391763     
   143.00000000000000        224213144.73199582     
   144.00000000000000        215930541.61180249     
   145.00000000000000        207946471.63476512     
   146.00000000000000        200250504.79339066     
   147.00000000000000        192832560.68089393     
   148.00000000000000        185682897.44611359     
   149.00000000000000        178792101.06601438     
   150.00000000000000        172151074.92816472     
   151.00000000000000        165751029.71568811     
   152.00000000000000        159583473.58728385     
   153.00000000000000        153640202.64502978     
   154.00000000000000        147913291.68279055     
   155.00000000000000        142395085.20816001     
   156.00000000000000        137078188.73099613     
   157.00000000000000        131955460.31171478     
   158.00000000000000        127020002.36263342     
   159.00000000000000        122265153.69576766     
   160.00000000000000        117684481.81062561     
   161.00000000000000        113271775.41563973     
   162.00000000000000        109021037.17701818     
   163.00000000000000        104926476.68891416     
   164.00000000000000        100982503.65893725     
   165.00000000000000        97183721.303140879     
   166.00000000000000        93524919.944767132     
   167.00000000000000        90001070.811124787     
   168.00000000000000        86607320.023114070     
   169.00000000000000        83338982.772029489     
   170.00000000000000        80191537.678387910     
   171.00000000000000        77160621.327647731     
   172.00000000000000        74242022.977807209     
   173.00000000000000        71431679.433980525     
   174.00000000000000        68725670.085166231     
   175.00000000000000        66120212.098542385     
   176.00000000000000        63611655.766720034     
   177.00000000000000        61196480.003517494     
   178.00000000000000        58871287.983907096     
   179.00000000000000        56632802.923905917     
   180.00000000000000        54477863.996286310     
   181.00000000000000        52403422.378077604     
   182.00000000000000        50406537.425945185     
   183.00000000000000        48484372.975623898     
   184.00000000000000        46634193.761685498     
   185.00000000000000        44853361.954017490     
   186.00000000000000        43139333.807483889     
   187.00000000000000        41489656.421334274     
   188.00000000000000        39901964.605015919     
   189.00000000000000        38373977.847138330     
   190.00000000000000        36903497.384421572     
   191.00000000000000        35488403.367552064     
   192.00000000000000        34126652.120949484     
   193.00000000000000        32816273.493533250     
   194.00000000000000        31555368.297657590     
   195.00000000000000        30342105.833462328     
   196.00000000000000        29174721.495964866     
   197.00000000000000        28051514.462295189     
   198.00000000000000        26970845.456546169     
   199.00000000000000        25931134.589787502     
   200.00000000000000        24930859.272860840     
   201.00000000000000        23968552.199639965     
   202.00000000000000        23042799.398511216     
   203.00000000000000        22152238.349890783     
   204.00000000000000        21295556.167662747     
   205.00000000000000        20471487.842481092     
   206.00000000000000        19678814.544942338     
   207.00000000000000        18916361.986692179     
   208.00000000000000        18182998.837589227     
   209.00000000000000        17477635.197103526     
   210.00000000000000        16799221.118183862     
   211.00000000000000        16146745.181879519     
   212.00000000000000        15519233.121055141     
   213.00000000000000        14915746.491588421     
   214.00000000000000        14335381.389486782     
   215.00000000000000        13777267.212411396     
   216.00000000000000        13240565.464138990     
   217.00000000000000        12724468.600540631     
   218.00000000000000        12228198.915698467     
   219.00000000000000        11751007.466825351     
   220.00000000000000        11292173.036694031     
   221.00000000000000        10851001.132321836     
   222.00000000000000        10426823.018697483     
   223.00000000000000        10018994.786374483     
   224.00000000000000        9626896.4517917763     
   225.00000000000000        9249931.0892196782     
   226.00000000000000        8887523.9932639655     
   227.00000000000000        8539121.8708930593     
   228.00000000000000        8204192.0619900990     
   229.00000000000000        7882221.7874594107     
   230.00000000000000        7572717.4239511779     
   231.00000000000000        7275203.8042972656     
   232.00000000000000        6989223.5427796934     
   233.00000000000000        6714336.3843828989     
   234.00000000000000        6450118.5772082387     
   235.00000000000000        6196162.2672548993     
   236.00000000000000        5952074.9147990663     
   237.00000000000000        5717478.7316267109     
   238.00000000000000        5492010.1384010399     
   239.00000000000000        5275319.2414682331     
   240.00000000000000        5067069.3284291569     
   241.00000000000000        4866936.3818258801     
   242.00000000000000        4674608.6103140004     
   243.00000000000000        4489785.9967126828     
   244.00000000000000        4312179.8623442389     
   245.00000000000000        4141512.4470946440     
   246.00000000000000        3977516.5046461113     
   247.00000000000000        3819934.9123499887     
   248.00000000000000        3668520.2952272585     
   249.00000000000000        3523034.6636003708     
   250.00000000000000        3383249.0638773753     
   251.00000000000000        3248943.2420250070     
   252.00000000000000        3119905.3192834659     
   253.00000000000000        2995931.4796905997     
   254.00000000000000        2876825.6689977502     
   255.00000000000000        2762399.3045741660     
   256.00000000000000        2652470.9959098799     
   257.00000000000000        2546866.2753412565     
   258.00000000000000        2445417.3386352761     
   259.00000000000000        2347962.7950818101     
   260.00000000000000        2254347.4267547769     
   261.00000000000000        2164421.9566150219     
   262.00000000000000        2078042.8251386434     
   263.00000000000000        1995071.9751659541     
   264.00000000000000        1915376.6446762274     
   265.00000000000000        1838829.1672039526     
   266.00000000000000        1765306.7796220628     
   267.00000000000000        1694691.4370272055     
   268.00000000000000        1626869.6344711960     
   269.00000000000000        1561732.2352918291     
   270.00000000000000        1499174.3058048806     
   271.00000000000000        1439094.9561272897     
   272.00000000000000        1381397.1869097317     
   273.00000000000000        1325987.7417644616     
   274.00000000000000        1272776.9651818885     
   275.00000000000000        1221678.6657365935     
   276.00000000000000        1172609.9843904243     
   277.00000000000000        1125491.2677073439     
   278.00000000000000        1080245.9458008958     
   279.00000000000000        1036800.4148417817     
   280.00000000000000        995083.92395905196     
   281.00000000000000        955028.46637427260     
   282.00000000000000        916568.67461377010     
   283.00000000000000        879641.71964964981     
   284.00000000000000        844187.21382542991     
   285.00000000000000        810147.11742744828     
   286.00000000000000        777465.64876801870     
   287.00000000000000        746089.19765120908     
   288.00000000000000        715966.24209667754     
   289.00000000000000        687047.26820148667     
   290.00000000000000        659284.69302409992     
   291.00000000000000        632632.79037902423     
   292.00000000000000        607047.61943439161     
   293.00000000000000        582486.95600885991     
   294.00000000000000        558910.22646782827     
   295.00000000000000        536278.44412255252     
   296.00000000000000        514554.14803935657     
   297.00000000000000        493701.34416935960     
   298.00000000000000        473685.44871248747     
   299.00000000000000        454473.23363257834     
   300.00000000000000        436032.77424352092     
   301.00000000000000        418333.39878914447     
   302.00000000000000        401345.63994251838     
   303.00000000000000        385041.18815295753     
   304.00000000000000        369392.84677163395     
   305.00000000000000        354374.48888931406     
   306.00000000000000        339961.01582202152     
   307.00000000000000        326128.31718293444     
   308.00000000000000        312853.23248097172     
   309.00000000000000        300113.51418876648     
   310.00000000000000        287887.79222478141     
   311.00000000000000        276155.53979645052     
   312.00000000000000        264897.04055302090     
   313.00000000000000        254093.35699884221     
   314.00000000000000        243726.30011953140     
   315.00000000000000        233778.40017527455     
   316.00000000000000        224232.87861715342     
   317.00000000000000        215073.62108409806     
   318.00000000000000        206285.15143955496     
   319.00000000000000        197852.60680852280     
   320.00000000000000        189761.71357706725     
   321.00000000000000        181998.76431779558     
   322.00000000000000        174550.59560618844     
   323.00000000000000        167404.56669393447     
   324.00000000000000        160548.53900670525     
   325.00000000000000        153970.85643502508     
   326.00000000000000        147660.32638802388     
   327.00000000000000        141606.20158105181     
   328.00000000000000        135798.16252914639     
   329.00000000000000        130226.30071944845     
   330.00000000000000        124881.10243663361     
   331.00000000000000        119753.43321642585     
   332.00000000000000        114834.52290316744     
   333.00000000000000        110115.95128834646     
   334.00000000000000        105589.63430782438     
   335.00000000000000        101247.81077637733     
   336.00000000000000        97083.029638933440     
   337.00000000000000        93088.137718684244     
   338.00000000000000        89256.267943005078     
   339.00000000000000        85580.828028809992     
   340.00000000000000        82055.489609684519     
   341.00000000000000        78674.177787799650     
   342.00000000000000        75431.061094252422     
   343.00000000000000        72320.541842092629     
   344.00000000000000        69337.246856901722     
   345.00000000000000        66476.018570356973     
   346.00000000000000        63731.906462767256     
   347.00000000000000        61100.158841096003     
   348.00000000000000        58576.214939513018     
   349.00000000000000        56155.697329986288     
   350.00000000000000        53834.404630923316     
   351.00000000000000        51608.304502312945     
   352.00000000000000        49473.526916267030     
   353.00000000000000        47426.357692277343     
   354.00000000000000        45463.232286919811     
   355.00000000000000        43580.729828125281     
   356.00000000000000        41775.567384508642     
   357.00000000000000        40044.594460626875     
   358.00000000000000        38384.787709367709     
   359.00000000000000        36793.245853022956     
   360.00000000000000        35267.184804914425     
   361.00000000000000        33803.932983756946     
   362.00000000000000        32400.926813243754     
   363.00000000000000        31055.706399622799     
   364.00000000000000        29765.911380319521     
   365.00000000000000        28529.276936916285     
   366.00000000000000        27343.629966072382     
   367.00000000000000        26206.885402198721     
   368.00000000000000        25117.042685952212     
   369.00000000000000        24072.182372839357     
   370.00000000000000        23070.462876436413     
   371.00000000000000        22110.117340952613     
   372.00000000000000        21189.450638056809     
   373.00000000000000        20306.836483097064     
   374.00000000000000        19460.714666017044     
   375.00000000000000        18649.588392467816     
   376.00000000000000        17872.021730779841     
   377.00000000000000        17126.637160629827     
   378.00000000000000        16412.113219402981     
   379.00000000000000        15727.182242399083     
   380.00000000000000        15070.628193187393     
   381.00000000000000        14441.284580554986     
   382.00000000000000        13838.032458632386     
   383.00000000000000        13259.798506914463     
   384.00000000000000        12705.553187020412     
   385.00000000000000        12174.308973161666     
   386.00000000000000        11665.118653403240     
   387.00000000000000        11177.073698918870     
   388.00000000000000        10709.302698548248     
   389.00000000000000        10260.969856071686     
   390.00000000000000        9831.2735477171536     
   391.00000000000000        9419.4449375120712     
   392.00000000000000        9024.7466481865613     
   393.00000000000000        8646.4714854223585     
   394.00000000000000        8283.9412133326223     
   395.00000000000000        7936.5053791342780     
   396.00000000000000        7603.5401850609987     
   397.00000000000000        7284.4474056367808     
   398.00000000000000        6978.6533485066466     
   399.00000000000000        6685.6078570906702     
   400.00000000000000        6404.7833533956864     
   401.00000000000000        6135.6739193855983     
   402.00000000000000        5877.7944153727285     
   403.00000000000000        5630.6796339541297     
   404.00000000000000        5393.8834880749728     
   405.00000000000000        5166.9782318563448     
   406.00000000000000        4949.5537128794003     
   407.00000000000000        4741.2166546687276     
   408.00000000000000        4541.5899681677429     
   409.00000000000000        4350.3120910468188     
   410.00000000000000        4167.0363537306612     
   411.00000000000000        3991.4303710744002     
   412.00000000000000        3823.1754586624561     
   413.00000000000000        3661.9660727426644     
   414.00000000000000        3507.5092728483887     
   415.00000000000000        3359.5242061987256     
   416.00000000000000        3217.7416130031879     
   417.00000000000000        3081.9033518311458     
   418.00000000000000        2951.7619442407222     
   419.00000000000000        2827.0801378929364     
   420.00000000000000        2707.6304874082311     
   421.00000000000000        2593.1949522516129     
   422.00000000000000        2483.5645109615384     
   423.00000000000000        2378.5387910643794     
   424.00000000000000        2277.9257140429913     
   425.00000000000000        2181.5411547528047     
   426.00000000000000        2089.2086147029490     
   427.00000000000000        2000.7589086436392     
   428.00000000000000        1916.0298639226266     
   429.00000000000000        1834.8660320957074     
   430.00000000000000        1757.1184122961220     
   431.00000000000000        1682.6441858882699     
   432.00000000000000        1611.3064619492718     
   433.00000000000000        1542.9740331408684     
   434.00000000000000        1477.5211415514154     
   435.00000000000000        1414.8272541042611     
   436.00000000000000        1354.7768471455952     
   437.00000000000000        1297.2591998396560     
   438.00000000000000        1242.1681960147407     
   439.00000000000000        1189.4021341172720     
   440.00000000000000        1138.8635449452386     
   441.00000000000000        1090.4590168453683     
   442.00000000000000        1044.0990280711085     
   443.00000000000000        999.69778601080520     
   444.00000000000000        957.17307300675145     
   445.00000000000000        916.44609849761730     
   446.00000000000000        877.44135722691647     
   447.00000000000000        840.08649327099045     
   448.00000000000000        804.31216964968701     
   449.00000000000000        770.05194329248013     
   450.00000000000000        737.24214514204300     
   451.00000000000000        705.82176518589426     
   452.00000000000000        675.73234221542270     
   453.00000000000000        646.91785811949148     
   454.00000000000000        619.32463652764227     
   455.00000000000000        592.90124562559231     
   456.00000000000000        567.59840497256118     
   457.00000000000000        543.36889615715165     
   458.00000000000000        520.16747713488837     
   459.00000000000000        497.95080009707095     
   460.00000000000000        476.67733272650850     
   461.00000000000000        456.30728270163104     
   462.00000000000000        436.80252531613451     
   463.00000000000000        418.12653408661902     
   464.00000000000000        400.24431422585479     
   465.00000000000000        383.12233886435433     
   466.00000000000000        366.72848790763464     
   467.00000000000000        351.03198942108241     
   468.00000000000000        336.00336343885630     
   469.00000000000000        321.61436809732970     
   470.00000000000000        307.83794799771107     
   471.00000000000000        294.64818470632815     
   472.00000000000000        282.02024930477882     
   473.00000000000000        269.93035690576033     
   474.00000000000000        258.35572305376616     
   475.00000000000000        247.27452193317271     
   476.00000000000000        236.66584630938252     
   477.00000000000000        226.50966913171885     
   478.00000000000000        216.78680672968298     
   479.00000000000000        207.47888353695464     
   480.00000000000000        198.56829828023947     
   481.00000000000000        190.03819157257936     
   482.00000000000000        181.87241485325217     
   483.00000000000000        174.05550061874820     
   484.00000000000000        166.57263389153840     
   485.00000000000000        159.40962487559113     
   486.00000000000000        152.55288274963996     
   487.00000000000000        145.98939055122767     
   488.00000000000000        139.70668110645516     
   489.00000000000000        133.69281396225355     
   490.00000000000000        127.93635327971850     
   491.00000000000000        122.42634664877187     
   492.00000000000000        117.15230478604812     
   493.00000000000000        112.10418207944934     
   494.00000000000000        107.27235794433132     
   495.00000000000000        102.64761895769919     
   496.00000000000000        98.221141738211983     
   497.00000000000000        93.984476541063444     
   498.00000000000000        89.929531538122447     
   499.00000000000000        86.048557754925540     
   500.00000000000000        82.334134637256653     
   501.00000000000000        78.779156221213285     
   502.00000000000000        75.376817881688723     
   503.00000000000000        72.120603635275117     
   504.00000000000000        69.004273974536389     
   505.00000000000000        66.021854211599148     
   506.00000000000000        63.167623309870315     
   507.00000000000000        60.436103183597154     
   508.00000000000000        57.822048445813110     
   509.00000000000000        55.320436586012512     
   510.00000000000000        52.926458559662798     
   511.00000000000000        50.635509772423184     
   512.00000000000000        48.443181442616364     
   513.00000000000000        46.345252326209483     
   514.00000000000000        44.337680789181860     
   515.00000000000000        42.416597212815375     
   516.00000000000000        40.578296718008069     
   517.00000000000000        38.819232195317468     
   518.00000000000000        37.136007627965640     
   519.00000000000000        35.525371695580198     
   520.00000000000000        33.984211646955856     
   521.00000000000000        32.509547430587382     
   522.00000000000000        31.098526072218185     
   523.00000000000000        29.748416289066999     
   524.00000000000000        28.456603330849333     
   525.00000000000000        27.220584038099869     
   526.00000000000000        26.037962108709849     
   527.00000000000000        24.906443563965137     
   528.00000000000000        23.823832405731835     
   529.00000000000000        22.788026456789041     
   530.00000000000000        21.797013376631330     
   531.00000000000000        20.848866845394763     
   532.00000000000000        19.941742908855772     
   533.00000000000000        19.073876477750240     
   534.00000000000000        18.243577974942450     
   535.00000000000000        17.449230124237591     
   536.00000000000000        16.689284874897140     
   537.00000000000000        15.962260456159393     
   538.00000000000000        15.266738556303382     
   539.00000000000000        14.601361621028673     
   540.00000000000000        13.964830266135458     
   541.00000000000000        13.355900799700297     
   542.00000000000000        12.773382849145579     
   543.00000000000000        12.216137088790036     
   544.00000000000000        11.683073063653566     
   545.00000000000000        11.173147105465326     
   546.00000000000000        10.685360336995455     
   547.00000000000000        10.218756760987876     
   548.00000000000000        9.7724214301354930     
   549.00000000000000        9.3454786946790307     
   550.00000000000000        8.9370905243600678     
   551.00000000000000        8.5464549015936555     
   552.00000000000000        8.1728042828565890     
   553.00000000000000        7.8154041254138766     
   554.00000000000000        7.4735514766263913     
   555.00000000000000        7.1465736231991306     
   556.00000000000000        6.8338267978373048     
   557.00000000000000        6.5346949408881994     
   558.00000000000000        6.2485885146440259     
   559.00000000000000        5.9749433680816404     
   560.00000000000000        5.7132196499062111     
   561.00000000000000        5.4629007678569446     
   562.00000000000000        5.2234923923180521     
   563.00000000000000        4.9945215023607119     
   564.00000000000000        4.7755354724200938     
   565.00000000000000        4.5661011978872468     
   566.00000000000000        4.3658042579684855     
   567.00000000000000        4.1742481142329853     
   568.00000000000000        3.9910533433375499     
   569.00000000000000        3.8158569024790547     
   570.00000000000000        3.6483114261876826     
   571.00000000000000        3.4880845531321798     
   572.00000000000000        3.3348582816632608     
   573.00000000000000        3.1883283528769111     
   574.00000000000000        3.0482036600286531     
   575.00000000000000        2.9142056831805281     
   576.00000000000000        2.7860679480092840     
   577.00000000000000        2.6635355077495539     
   578.00000000000000        2.5463644472884188     
   579.00000000000000        2.4343214084707760     
   580.00000000000000        2.3271831357131747     
   581.00000000000000        2.2247360410624499     
   582.00000000000000        2.1267757878725928     
   583.00000000000000        2.0331068923069369     
   584.00000000000000        1.9435423419075673     
   585.00000000000000        1.8579032305050827     
   586.00000000000000        1.7760184087727910     
   587.00000000000000        1.6977241497592881     
   588.00000000000000        1.6228638287607193     
   589.00000000000000        1.5512876169220506     
   590.00000000000000        1.4828521879816663     
   591.00000000000000        1.4174204375990773     
   592.00000000000000        1.3548612147288470     
   593.00000000000000        1.2950490645268335     
   594.00000000000000        1.2378639822965014     
   595.00000000000000        1.1831911780041517     
   596.00000000000000        1.1309208509114543     
   597.00000000000000        1.0809479738933936     
   598.00000000000000        1.0331720870279011     
   599.00000000000000       0.98749710006042646     
   600.00000000000000       0.94383110336470555     
   601.00000000000000       0.90208618703594334     
   602.00000000000000       0.86217826776881457     
   603.00000000000000       0.82402692318709891     
   604.00000000000000       0.78755523330614363     
   605.00000000000000       0.75268962882283719     
   606.00000000000000       0.71935974594059215     
   607.00000000000000       0.68749828744967822     
   608.00000000000000       0.65704088979472874     
   609.00000000000000       0.62792599587300424     
   610.00000000000000       0.60009473331763175     
   611.00000000000000       0.57349079803076819     
   612.00000000000000       0.54806034274146576     
   613.00000000000000       0.52375187037273940     
   614.00000000000000       0.50051613201143996     
   615.00000000000000       0.47830602928337901     
   616.00000000000000       0.45707652094459134     
   617.00000000000000       0.43678453350773033     
   618.00000000000000       0.41738887573014627     
   619.00000000000000       0.39885015679781910     
   620.00000000000000       0.38113070804633603     
   621.00000000000000       0.36419450806676690     
   622.00000000000000       0.34800711105092519     
   623.00000000000000       0.33253557823673785     
   624.00000000000000       0.31774841232028489     
   625.00000000000000       0.30361549470686300     
   626.00000000000000       0.29010802547886599     
   627.00000000000000       0.27719846596354275     
   628.00000000000000       0.26486048378860411     
   629.00000000000000       0.25306890031854939     
   630.00000000000000       0.24179964036909932     
   631.00000000000000       0.23102968410160496     
   632.00000000000000       0.22073702100335849     
   633.00000000000000       0.21090060586395107     
   634.00000000000000       0.20150031666151577     
   635.00000000000000       0.19251691427647277     
   636.00000000000000       0.18393200395392981     
   637.00000000000000       0.17572799843921486     
   638.00000000000000       0.16788808271434258     
   639.00000000000000       0.16039618026622182     
   640.00000000000000       0.15323692082048415     
   641.00000000000000       0.14639560947755662     
   642.00000000000000       0.13985819719040721     
   643.00000000000000       0.13361125252593190     
   644.00000000000000       0.12764193465448867     
   645.00000000000000       0.12193796751444037     
   646.00000000000000       0.11648761510089692     
   647.00000000000000       0.11127965782996292     
   648.00000000000000       0.10630336993196823     
   649.00000000000000       0.10154849782911239     
   650.00000000000000        9.7005239454897627E-002
   651.00000000000000        9.2664224474532708E-002
   652.00000000000000        8.8516495367286493E-002
   653.00000000000000        8.4553489333431292E-002
   654.00000000000000        8.0767020990000687E-002
   655.00000000000000        7.7149265821195384E-002
   656.00000000000000        7.3692744350675563E-002
   657.00000000000000        7.0390307004418895E-002
   658.00000000000000        6.7235119634203797E-002
   659.00000000000000        6.4220649673002270E-002
   660.00000000000000        6.1340652894879645E-002
   661.00000000000000        5.8589160753124522E-002
   662.00000000000000        5.5960468271508627E-002
   663.00000000000000        5.3449122464620837E-002
   664.00000000000000        5.1049911264307114E-002
   665.00000000000000        4.8757852930188937E-002
   666.00000000000000        4.6568185923226979E-002
   667.00000000000000        4.4476359222187387E-002
   668.00000000000000        4.2478023063735382E-002
   669.00000000000000        4.0569020087731049E-002
   670.00000000000000        3.8745376870080533E-002
   671.00000000000000        3.7003295826279689E-002
   672.00000000000000        3.5339147469495236E-002
   673.00000000000000        3.3749463007755338E-002
   674.00000000000000        3.2230927265458204E-002
   675.00000000000000        3.0780371915077612E-002
   676.00000000000000        2.9394769005534897E-002
   677.00000000000000        2.8071224774310559E-002
   678.00000000000000        2.6806973730912093E-002
   679.00000000000000        2.5599372999865328E-002
   680.00000000000000        2.4445896911907877E-002
   681.00000000000000        2.3344131832544111E-002
   682.00000000000000        2.2291771217607653E-002
   683.00000000000000        2.1286610885913996E-002
   684.00000000000000        2.0326544499523338E-002
   685.00000000000000        1.9409559242542368E-002
   686.00000000000000        1.8533731689791590E-002
   687.00000000000000        1.7697223857036318E-002
   688.00000000000000        1.6898279424847368E-002
   689.00000000000000        1.6135220128493447E-002
   690.00000000000000        1.5406442306608469E-002
   691.00000000000000        1.4710413601683644E-002
   692.00000000000000        1.4045669805740854E-002
   693.00000000000000        1.3410811844832875E-002
   694.00000000000000        1.2804502896292733E-002
   695.00000000000000        1.2225465632916967E-002
   696.00000000000000        1.1672479588523499E-002
   697.00000000000000        1.1144378639567170E-002
   698.00000000000000        1.0640048597723623E-002
   699.00000000000000        1.0158424908581595E-002
   700.00000000000000        9.6984904517854655E-003
   701.00000000000000        9.2592734381851585E-003
   702.00000000000000        8.8398453997318421E-003
   703.00000000000000        8.4393192680540553E-003
   704.00000000000000        8.0568475378197234E-003
   705.00000000000000        7.6916205111647743E-003
   706.00000000000000        7.3428646196244786E-003
   707.00000000000000        7.0098408201678172E-003
   708.00000000000000        6.6918430620768032E-003
   709.00000000000000        6.3881968215589169E-003
   710.00000000000000        6.0982577011142814E-003
   711.00000000000000        5.8214100908129162E-003
   712.00000000000000        5.5570658887577175E-003
   713.00000000000000        5.3046632781302821E-003
   714.00000000000000        5.0636655583314732E-003
   715.00000000000000        4.8335600278348115E-003
   716.00000000000000        4.6138569164770318E-003
   717.00000000000000        4.4040883650097251E-003
   718.00000000000000        4.2038074498301830E-003
   719.00000000000000        4.0125872509016612E-003
   720.00000000000000        3.8300199609603313E-003
   721.00000000000000        3.6557160341893899E-003
   722.00000000000000        3.4893033726205338E-003
   723.00000000000000        3.3304265485998930E-003
   724.00000000000000        3.1787460617271235E-003
   725.00000000000000        3.0339376287478684E-003
   726.00000000000000        2.8956915049453582E-003
   727.00000000000000        2.7637118356406412E-003
   728.00000000000000        2.6377160364732238E-003
   729.00000000000000        2.5174342011903602E-003
   730.00000000000000        2.4026085357313266E-003
   731.00000000000000        2.2929928174436898E-003
   732.00000000000000        2.1883518783225647E-003
   733.00000000000000        2.0884611112102496E-003
   734.00000000000000        1.9931059979414250E-003
   735.00000000000000        1.9020816584639393E-003
   736.00000000000000        1.8151924200069489E-003
   737.00000000000000        1.7322514054102036E-003
   738.00000000000000        1.6530801397660422E-003
   739.00000000000000        1.5775081745640048E-003
   740.00000000000000        1.5053727285632406E-003
   741.00000000000000        1.4365183446516845E-003
   742.00000000000000        1.3707965619843456E-003
   743.00000000000000        1.3080656027236542E-003
   744.00000000000000        1.2481900727348999E-003
   745.00000000000000        1.1910406756180801E-003
   746.00000000000000        1.1364939394851916E-003
   747.00000000000000        1.0844319559177608E-003
   748.00000000000000        1.0347421305640695E-003
   749.00000000000000        9.8731694486014652E-004
   750.00000000000000        9.4205372838065981E-004
   751.00000000000000        8.9885444134796592E-004
   752.00000000000000        8.5762546684825134E-004
   753.00000000000000        8.1827741232394708E-004
   754.00000000000000        7.8072491993016395E-004
   755.00000000000000        7.4488648536146982E-004
   756.00000000000000        7.1068428477259792E-004
   757.00000000000000        6.7804400943333230E-004
   758.00000000000000        6.4689470777363177E-004
   759.00000000000000        6.1716863449051164E-004
   760.00000000000000        5.8880110640249284E-004
   761.00000000000000        5.6173036475135854E-004
   762.00000000000000        5.3589744366444624E-004
   763.00000000000000        5.1124604450317342E-004
   764.00000000000000        4.8772241583572111E-004
   765.00000000000000        4.6527523878349571E-004
   766.00000000000000        4.4385551750192087E-004
   767.00000000000000        4.2341647456681881E-004
   768.00000000000000        4.0391345104790670E-004
   769.00000000000000        3.8530381106019110E-004
   770.00000000000000        3.6754685059393709E-004
   771.00000000000000        3.5060371043216183E-004
   772.00000000000000        3.3443729297347148E-004
   773.00000000000000        3.1901218278590948E-004
   774.00000000000000        3.0429457072531514E-004
   775.00000000000000        2.9025218145916807E-004
   776.00000000000000        2.7685420424371877E-004
   777.00000000000000        2.6407122680927226E-004
   778.00000000000000        2.5187517221462758E-004
   779.00000000000000        2.4023923853817018E-004
   780.00000000000000        2.2913784127867742E-004
   781.00000000000000        2.1854655834483357E-004
   782.00000000000000        2.0844207751766094E-004
   783.00000000000000        1.9880214627523618E-004
   784.00000000000000        1.8960552387405842E-004
   785.00000000000000        1.8083193558611515E-004
   786.00000000000000        1.7246202899507814E-004
   787.00000000000000        1.6447733225955549E-004
   788.00000000000000        1.5686021425523650E-004
   789.00000000000000        1.4959384651183242E-004
   790.00000000000000        1.4266216686437369E-004
   791.00000000000000        1.3604984474207318E-004
   792.00000000000000        1.2974224802132618E-004
   793.00000000000000        1.2372541137276367E-004
   794.00000000000000        1.1798600603533310E-004
   795.00000000000000        1.1251131095341198E-004
   796.00000000000000        1.0728918521579978E-004
   797.00000000000000        1.0230804173819677E-004
   798.00000000000000        9.7556822133293327E-005
   799.00000000000000        9.3024972715221747E-005
   800.00000000000000        8.8702421587387144E-005
   801.00000000000000        8.4579556765020241E-005
   802.00000000000000        8.0647205285985180E-005
   803.00000000000000        7.6896613265405869E-005
   804.00000000000000        7.3319426851699298E-005
   805.00000000000000        6.9907674043493065E-005
   806.00000000000000        6.6653747328698830E-005
   807.00000000000000        6.3550387108774411E-005
   808.00000000000000        6.0590665872825297E-005
   809.00000000000000        5.7767973087830424E-005
   810.00000000000000        5.5076000772726520E-005
   811.00000000000000        5.2508729725574244E-005
   812.00000000000000        5.0060416374398229E-005
   813.00000000000000        4.7725580223590963E-005
   814.00000000000000        4.5498991869060691E-005
   815.00000000000000        4.3375661556481157E-005
   816.00000000000000        4.1350828258160152E-005
   817.00000000000000        3.9419949245150538E-005
   818.00000000000000        3.7578690132254734E-005
   819.00000000000000        3.5822915374600165E-005
   820.00000000000000        3.4148679195397568E-005
   821.00000000000000        3.2552216925437400E-005
   822.00000000000000        3.1029936735714147E-005
   823.00000000000000        2.9578411745444676E-005
   824.00000000000000        2.8194372488516460E-005
   825.00000000000000        2.6874699722172528E-005
   826.00000000000000        2.5616417562465894E-005
   827.00000000000000        2.4416686931720997E-005
   828.00000000000000        2.3272799303882881E-005
   829.00000000000000        2.2182170734295221E-005
   830.00000000000000        2.1142336161031417E-005
   831.00000000000000        2.0150943965499072E-005
   832.00000000000000        1.9205750780577542E-005
   833.00000000000000        1.8304616535091443E-005
   834.00000000000000        1.7445499723909778E-005
   835.00000000000000        1.6626452893459144E-005
   836.00000000000000        1.5845618332887972E-005
   837.00000000000000        1.5101223961567047E-005
   838.00000000000000        1.4391579404023722E-005
   839.00000000000000        1.3715072243815634E-005
   840.00000000000000        1.3070164448226716E-005
   841.00000000000000        1.2455388956040441E-005
   842.00000000000000        1.1869346420989506E-005
   843.00000000000000        1.1310702103818064E-005
   844.00000000000000        1.0778182906210716E-005
   845.00000000000000        1.0270574540147090E-005
   846.00000000000000        9.7867188265318852E-006
   847.00000000000000        9.3255111172279038E-006
   848.00000000000000        8.8858978348837157E-006
   849.00000000000000        8.4668741252063951E-006
   850.00000000000000        8.0674816165614944E-006
   851.00000000000000        7.6868062820262745E-006
   852.00000000000000        7.3239763992313257E-006
   853.00000000000000        6.9781606035452434E-006
   854.00000000000000        6.6485660303527528E-006
   855.00000000000000        6.3344365423716819E-006
   856.00000000000000        6.0350510381376425E-006
   857.00000000000000        5.7497218379586792E-006
   858.00000000000000        5.4777931438126609E-006
   859.00000000000000        5.2186395698172142E-006
   860.00000000000000        4.9716647400561648E-006
   861.00000000000000        4.7362999506923053E-006
   862.00000000000000        4.5120028934346223E-006
   863.00000000000000        4.2982564375625784E-006
   864.00000000000000        4.0945674678343092E-006
   865.00000000000000        3.9004657757312328E-006
   866.00000000000000        3.7155030016014654E-006
   867.00000000000000        3.5392516253811736E-006
   868.00000000000000        3.3713040036730965E-006
   869.00000000000000        3.2112714510663031E-006
   870.00000000000000        3.0587833636744785E-006
   871.00000000000000        2.9134863829645072E-006
   872.00000000000000        2.7750435980322877E-006
   873.00000000000000        2.6431337845685949E-006
   874.00000000000000        2.5174506788365484E-006
   875.00000000000000        2.3977022850586800E-006
   876.00000000000000        2.2836102146850159E-006
   877.00000000000000        2.1749090560830219E-006
   878.00000000000000        2.0713457732559203E-006
   879.00000000000000        1.9726791322603719E-006
   880.00000000000000        1.8786791540548520E-006
   881.00000000000000        1.7891265925670031E-006
   882.00000000000000        1.7038124368245683E-006
   883.00000000000000        1.6225374360464557E-006
   884.00000000000000        1.5451116466413237E-006
   885.00000000000000        1.4713540001083785E-006
   886.00000000000000        1.4010918908817861E-006
   887.00000000000000        1.3341607832030217E-006
   888.00000000000000        1.2704038361480072E-006
   889.00000000000000        1.2096715459751143E-006
   890.00000000000000        1.1518214049987248E-006
   891.00000000000000        1.0967175762289441E-006
   892.00000000000000        1.0442305830529889E-006
   893.00000000000000        9.9423701326694270E-007
   894.00000000000000        9.4661923679786054E-007
   895.00000000000000        9.0126513648674093E-007
   896.00000000000000        8.5806785133150460E-007
   897.00000000000000        8.1692553161642763E-007
   898.00000000000000        7.7774110538130841E-007
   899.00000000000000        7.4042205570780371E-007
   900.00000000000000        7.0488020832512069E-007
   901.00000000000000        6.7103152905958817E-007
   902.00000000000000        6.3879593067438040E-007
   903.00000000000000        6.0809708866687346E-007
   904.00000000000000        5.7886226561042890E-007
   905.00000000000000        5.5102214364662364E-007
   906.00000000000000        5.2451066475205213E-007
   907.00000000000000        4.9926487842083847E-007
   908.00000000000000        4.7522479642071112E-007
   909.00000000000000        4.5233325429602761E-007
   910.00000000000000        4.3053577930617385E-007
   911.00000000000000        4.0978046450210038E-007
   912.00000000000000        3.9001784865739055E-007
   913.00000000000000        3.7120080178324436E-007
   914.00000000000000        3.5328441596930213E-007
   915.00000000000000        3.3622590130392579E-007
   916.00000000000000        3.1998448663911061E-007
   917.00000000000000        3.0452132497573893E-007
   918.00000000000000        2.8979940325544975E-007
   919.00000000000000        2.7578345635508869E-007
   920.00000000000000        2.6243988508904531E-007
   921.00000000000000        2.4973667803400253E-007
   922.00000000000000        2.3764333699882139E-007
   923.00000000000000        2.2613080597073047E-007
   924.00000000000000        2.1517140337660177E-007
   925.00000000000000        2.0473875750562910E-007
   926.00000000000000        1.9480774494671883E-007
   927.00000000000000        1.8535443190074800E-007
   928.00000000000000        1.7635601823424906E-007
   929.00000000000000        1.6779078414722270E-007
   930.00000000000000        1.5963803933375099E-007
   931.00000000000000        1.5187807451953016E-007
   932.00000000000000        1.4449211526591600E-007
   933.00000000000000        1.3746227793518900E-007
   934.00000000000000        1.3077152771643461E-007
   935.00000000000000        1.2440363861632803E-007
   936.00000000000000        1.1834315532336730E-007
   937.00000000000000        1.1257535685835974E-007
   938.00000000000000        1.0708622192805460E-007
   939.00000000000000        1.0186239590259160E-007
   940.00000000000000        9.6891159341174467E-008
   941.00000000000000        9.2160397993797641E-008
   942.00000000000000        8.7658574210268419E-008
   943.00000000000000        8.3374699690930397E-008
   944.00000000000000        7.9298309516490035E-008
   945.00000000000000        7.5419437397325876E-008
   946.00000000000000        7.1728592085360138E-008
   947.00000000000000        6.8216734894239294E-008
   948.00000000000000        6.4875258276084446E-008
   949.00000000000000        6.1695965405479626E-008
   950.00000000000000        5.8671050723621014E-008
   951.00000000000000        5.5793081397802808E-008
   952.00000000000000        5.3054979653416281E-008
   953.00000000000000        5.0450005937690252E-008
   954.00000000000000        4.7971742876271934E-008
   955.00000000000000        4.5614079985547599E-008
   956.00000000000000        4.3371199105340788E-008
   957.00000000000000        4.1237560518270860E-008
   958.00000000000000        3.9207889723609788E-008
   959.00000000000000        3.7277164834983212E-008
   960.00000000000000        3.5440604572684527E-008
   961.00000000000000        3.3693656822741558E-008
   962.00000000000000        3.2031987736146174E-008
   963.00000000000000        3.0451471342930077E-008
   964.00000000000000        2.8948179656926421E-008
   965.00000000000000        2.7518373248190168E-008
   966.00000000000000        2.6158492261128005E-008
   967.00000000000000        2.4865147857399722E-008
   968.00000000000000        2.3635114063652067E-008
   969.00000000000000        2.2465320005047217E-008
   970.00000000000000        2.1352842506467143E-008
   971.00000000000000        2.0294899044095260E-008
   972.00000000000000        1.9288841030905665E-008
   973.00000000000000        1.8332147420343011E-008
   974.00000000000000        1.7422418613220725E-008
   975.00000000000000        1.6557370653568620E-008
   976.00000000000000        1.5734829699810075E-008
   977.00000000000000        1.4952726758310783E-008
   978.00000000000000        1.4209092666929374E-008
   979.00000000000000        1.3502053316784106E-008
   980.00000000000000        1.2829825101005255E-008
   981.00000000000000        1.2190710579767331E-008
   982.00000000000000        1.1583094351392279E-008
   983.00000000000000        1.1005439119799666E-008
   984.00000000000000        1.0456281949032785E-008
   985.00000000000000        9.9342306960236375E-009
   986.00000000000000        9.4379606131762796E-009
   987.00000000000000        8.9662111127428134E-009
   988.00000000000000        8.5177826853397878E-009
   989.00000000000000        8.0915339653199955E-009
   990.00000000000000        7.6863789360457966E-009
   991.00000000000000        7.3012842684475545E-009
   992.00000000000000        6.9352667865540977E-009
   993.00000000000000        6.5873910539840942E-009
   994.00000000000000        6.2567670756650755E-009
   995.00000000000000        5.9425481093222028E-009
   996.00000000000000        5.6439285815304329E-009
   997.00000000000000        5.3601421033721700E-009
   998.00000000000000        5.0904595809755553E-009
   999.00000000000000        4.8341874164295248E-009
   1000.0000000000000        4.5906657947851719E-009
