# Recoil energy (kev)        Event rate (events/gev)
   1.0000000000000000        29990725788.949299     
   2.0000000000000000        29208573643.984447     
   3.0000000000000000        28441356439.134472     
   4.0000000000000000        27689088981.328377     
   5.0000000000000000        26951763926.026608     
   6.0000000000000000        26229353353.801491     
   7.0000000000000000        25521810265.466976     
   8.0000000000000000        24829069999.237495     
   9.0000000000000000        24151051573.313065     
   10.000000000000000        23487658957.168877     
   11.000000000000000        22838782274.707607     
   12.000000000000000        22204298942.314144     
   13.000000000000000        21584074744.736835     
   14.000000000000000        20977964851.604824     
   15.000000000000000        20385814777.286705     
   16.000000000000000        19807461286.685329     
   17.000000000000000        19242733249.464970     
   18.000000000000000        18691452445.106495     
   19.000000000000000        18153434321.091274     
   20.000000000000000        17628488706.422062     
   21.000000000000000        17116420482.600111     
   22.000000000000000        16617030214.090519     
   23.000000000000000        16130114740.226097     
   24.000000000000000        15655467730.418137     
   25.000000000000000        15192880204.465755     
   26.000000000000000        14742141019.680422     
   27.000000000000000        14303037326.470028     
   28.000000000000000        13875354993.956982     
   29.000000000000000        13458879007.138254     
   30.000000000000000        13053393837.030502     
   31.000000000000000        12658683785.180683     
   32.000000000000000        12274533303.863209     
   33.000000000000000        11900727293.226673     
   34.000000000000000        11537051376.597614     
   35.000000000000000        11183292155.095469     
   36.000000000000000        10839237442.661535     
   37.000000000000000        10504676482.554955     
   38.000000000000000        10179400146.321745     
   39.000000000000000        9863201116.1969185     
   40.000000000000000        9555874051.8558254     
   41.000000000000000        9257215742.3890991     
   42.000000000000000        8967025244.3347301     
   43.000000000000000        8685104006.5620632     
   44.000000000000000        8411255982.7655563     
   45.000000000000000        8145287732.2898846     
   46.000000000000000        7887008509.9741058     
   47.000000000000000        7636230345.6695385     
   48.000000000000000        7392768114.0543842     
   49.000000000000000        7156439595.3381491     
   50.000000000000000        6927065527.4200020     
   51.000000000000000        6704469650.0368900     
   52.000000000000000        6488478741.4116240     
   53.000000000000000        6278922647.8849850     
   54.000000000000000        6075634306.9918089     
   55.000000000000000        5878449764.4178381     
   56.000000000000000        5687208185.2517357     
   57.000000000000000        5501751859.9253836     
   58.000000000000000        5321926205.2152987     
   59.000000000000000        5147579760.6582670     
   60.000000000000000        4978564180.7163076     
   61.000000000000000        4814734223.0074987     
   62.000000000000000        4655947732.9029942     
   63.000000000000000        4502065624.7738590     
   64.000000000000000        4352951860.1561098     
   65.000000000000000        4208473423.0875177     
   66.000000000000000        4068500292.8558831     
   67.000000000000000        3932905414.3845935     
   68.000000000000000        3801564666.4691257     
   69.000000000000000        3674356828.0653000     
   70.000000000000000        3551163542.8191595     
   71.000000000000000        3431869282.0165744     
   72.000000000000000        3316361306.1208534     
   73.000000000000000        3204529625.0559902     
   74.000000000000000        3096266957.3841271     
   75.000000000000000        2991468688.5164547     
   76.000000000000000        2890032828.0881910     
   77.000000000000000        2791859966.6202016     
   78.000000000000000        2696853231.5819769     
   79.000000000000000        2604918242.9630799     
   80.000000000000000        2515963068.4535971     
   81.000000000000000        2429898178.3270326     
   82.000000000000000        2346636400.1128941     
   83.000000000000000        2266092873.1403975     
   84.000000000000000        2188185003.0287409     
   85.000000000000000        2112832416.1942756     
   86.000000000000000        2039956914.4395788     
   87.000000000000000        1969482429.6847351     
   88.000000000000000        1901334978.8966045     
   89.000000000000000        1835442619.2672718     
   90.000000000000000        1771735403.6891947     
   91.000000000000000        1710145336.5703218     
   92.000000000000000        1650606330.0289953     
   93.000000000000000        1593054160.5050511     
   94.000000000000000        1537426425.8201003     
   95.000000000000000        1483662502.7171292     
   96.000000000000000        1431703504.9065111     
   97.000000000000000        1381492241.6428761     
   98.000000000000000        1332973176.8547626     
   99.000000000000000        1286092388.8464456     
   100.00000000000000        1240797530.5892942     
   101.00000000000000        1197037790.6176362     
   102.00000000000000        1154763854.5423372     
   103.00000000000000        1113927867.1933403     
   104.00000000000000        1074483395.4006698     
   105.00000000000000        1036385391.4217682     
   106.00000000000000        999590157.02156997     
   107.00000000000000        964055308.21023560     
   108.00000000000000        929739740.64213991     
   109.00000000000000        896603595.67851734     
   110.00000000000000        864608227.11497998     
   111.00000000000000        833716168.57408226     
   112.00000000000000        803891101.56206632     
   113.00000000000000        775097824.18810439     
   114.00000000000000        747302220.54339206     
   115.00000000000000        720471230.73673081     
   116.00000000000000        694572821.58252609     
   117.00000000000000        669575957.93642402     
   118.00000000000000        645450574.67322564     
   119.00000000000000        622167549.30117154     
   120.00000000000000        599698675.20617735     
   121.00000000000000        578016635.51912916     
   122.00000000000000        557094977.59895635     
   123.00000000000000        536908088.12380660     
   124.00000000000000        517431168.78232503     
   125.00000000000000        498640212.55674380     
   126.00000000000000        480511980.58918601     
   127.00000000000000        463023979.62243164     
   128.00000000000000        446154440.00609881     
   129.00000000000000        429882294.25909567     
   130.00000000000000        414187156.17900616     
   131.00000000000000        399049300.48896307     
   132.00000000000000        384449643.01246715     
   133.00000000000000        370369721.36651546     
   134.00000000000000        356791676.16335887     
   135.00000000000000        343698232.71118093     
   136.00000000000000        331072683.20390737     
   137.00000000000000        318898869.39043599     
   138.00000000000000        307161165.71352065     
   139.00000000000000        295844462.90856987     
   140.00000000000000        284934152.05271298     
   141.00000000000000        274416109.05443710     
   142.00000000000000        264276679.57425857     
   143.00000000000000        254502664.36687899     
   144.00000000000000        245081305.03540143     
   145.00000000000000        236000270.18824130     
   146.00000000000000        227247641.98947725     
   147.00000000000000        218811903.09347895     
   148.00000000000000        210681923.95474178     
   149.00000000000000        202846950.50400230     
   150.00000000000000        195296592.18178979     
   151.00000000000000        188020810.32071707     
   152.00000000000000        181009906.86792046     
   153.00000000000000        174254513.43920296     
   154.00000000000000        167745580.69654948     
   155.00000000000000        161474368.04084173     
   156.00000000000000        155432433.61170790     
   157.00000000000000        149611624.58660251     
   158.00000000000000        144004067.77134982     
   159.00000000000000        138602160.47450861     
   160.00000000000000        133398561.65808788     
   161.00000000000000        128386183.35725363     
   162.00000000000000        123558182.36183377     
   163.00000000000000        118907952.15256584     
   164.00000000000000        114429115.08516917     
   165.00000000000000        110115514.81546937     
   166.00000000000000        105961208.95895697     
   167.00000000000000        101960461.97828349     
   168.00000000000000        98107738.292355180     
   169.00000000000000        94397695.600820258     
   170.00000000000000        90825178.417884916     
   171.00000000000000        87385211.809526995     
   172.00000000000000        84072995.328320265     
   173.00000000000000        80883897.140211314     
   174.00000000000000        77813448.337726712     
   175.00000000000000        74857337.434222773     
   176.00000000000000        72011405.033909976     
   177.00000000000000        69271638.672530785     
   178.00000000000000        66634167.823674612     
   179.00000000000000        64095259.065856479     
   180.00000000000000        61651311.405597590     
   181.00000000000000        59298851.751869604     
   182.00000000000000        57034530.537387006     
   183.00000000000000        54855117.482341722     
   184.00000000000000        52757497.496292852     
   185.00000000000000        50738666.714038119     
   186.00000000000000        48795728.661400184     
   187.00000000000000        46925890.546971008     
   188.00000000000000        45126459.675964989     
   189.00000000000000        43394839.982433014     
   190.00000000000000        41728528.676192947     
   191.00000000000000        40125113.000932403     
   192.00000000000000        38582267.100035578     
   193.00000000000000        37097748.986782789     
   194.00000000000000        35669397.615664355     
   195.00000000000000        34295130.051643059     
   196.00000000000000        32972938.734286025     
   197.00000000000000        31700888.833777092     
   198.00000000000000        30477115.695905413     
   199.00000000000000        29299822.373206668     
   200.00000000000000        28167277.239519957     
   201.00000000000000        27077811.685296059     
   202.00000000000000        26029817.891077556     
   203.00000000000000        25021746.676640168     
   204.00000000000000        24052105.423362728     
   205.00000000000000        23119456.067464110     
   206.00000000000000        22222413.161814276     
   207.00000000000000        21359642.004096109     
   208.00000000000000        20529856.829161141     
   209.00000000000000        19731819.063486315     
   210.00000000000000        18964335.639703248     
   211.00000000000000        18226257.369231578     
   212.00000000000000        17516477.371108588     
   213.00000000000000        16833929.555166468     
   214.00000000000000        16177587.157761896     
   215.00000000000000        15546461.328323025     
   216.00000000000000        14939599.765027184     
   217.00000000000000        14356085.397978203     
   218.00000000000000        13795035.118302455     
   219.00000000000000        13255598.551630102     
   220.00000000000000        12736956.874479648     
   221.00000000000000        12238321.672105709     
   222.00000000000000        11758933.836419474     
   223.00000000000000        11298062.502633447     
   224.00000000000000        10855004.023323661     
   225.00000000000000        10429080.978646593     
   226.00000000000000        10019641.221486580     
   227.00000000000000        9626056.9563483950     
   228.00000000000000        9247723.8508492671     
   229.00000000000000        8884060.1786998976     
   230.00000000000000        8534505.9931004494     
   231.00000000000000        8198522.3295124844     
   232.00000000000000        7875590.4368006075     
   233.00000000000000        7565211.0357714305     
   234.00000000000000        7266903.6041683778     
   235.00000000000000        6980205.6872112947     
   236.00000000000000        6704672.2328012055     
   237.00000000000000        6439874.9505370520     
   238.00000000000000        6185401.6937219966     
   239.00000000000000        5940855.8635613695     
   240.00000000000000        5705855.8347831396     
   241.00000000000000        5480034.4019353110     
   242.00000000000000        5263038.2456405424     
   243.00000000000000        5054527.4181120461     
   244.00000000000000        4854174.8472576812     
   245.00000000000000        4661665.8587219669     
   246.00000000000000        4476697.7152377097     
   247.00000000000000        4298979.1726793470     
   248.00000000000000        4128230.0522314049     
   249.00000000000000        3964180.8281045826     
   250.00000000000000        3806572.2302515116     
   251.00000000000000        3655154.8615527120     
   252.00000000000000        3509688.8289611060     
   253.00000000000000        3369943.3881109999     
   254.00000000000000        3235696.6009140639     
   255.00000000000000        3106735.0056815227     
   256.00000000000000        2982853.2993268445     
   257.00000000000000        2863854.0312193437     
   258.00000000000000        2749547.3082729792     
   259.00000000000000        2639750.5108695896     
   260.00000000000000        2534288.0192291699     
   261.00000000000000        2432990.9498534785     
   262.00000000000000        2335696.9016817547     
   263.00000000000000        2242249.7116104388     
   264.00000000000000        2152499.2190401508     
   265.00000000000000        2066301.0391254330     
   266.00000000000000        1983516.3444136942     
   267.00000000000000        1904011.6545710142     
   268.00000000000000        1827658.6339027036     
   269.00000000000000        1754333.8963869121     
   270.00000000000000        1683918.8179494222     
   271.00000000000000        1616299.3557172818     
   272.00000000000000        1551365.8739980548     
   273.00000000000000        1489012.9767404746     
   274.00000000000000        1429139.3462408916     
   275.00000000000000        1371647.5878681417     
   276.00000000000000        1316444.0805874211     
   277.00000000000000        1263438.8330718651     
   278.00000000000000        1212545.3451974881     
   279.00000000000000        1163680.4747248006     
   280.00000000000000        1116764.3089773071     
   281.00000000000000        1071720.0413336684     
   282.00000000000000        1028473.8523570464     
   283.00000000000000        986954.79539140046     
   284.00000000000000        947094.68646040966     
   285.00000000000000        908827.99831087887     
   286.00000000000000        872091.75844780554     
   287.00000000000000        836825.45101407403     
   288.00000000000000        802970.92237280507     
   289.00000000000000        770472.29025557055     
   290.00000000000000        739275.85634461138     
   291.00000000000000        709330.02216198971     
   292.00000000000000        680585.20814302191     
   293.00000000000000        652993.77577600989     
   294.00000000000000        626509.95269436901     
   295.00000000000000        601089.76061141700     
   296.00000000000000        576690.94599216687     
   297.00000000000000        553272.91336011747     
   298.00000000000000        530796.66114095703     
   299.00000000000000        509224.71994842991     
   300.00000000000000        488521.09322132601     
   301.00000000000000        468651.20012358431     
   302.00000000000000        449581.82062300364     
   303.00000000000000        431281.04266691481     
   304.00000000000000        413718.21137625066     
   305.00000000000000        396863.88018238143     
   306.00000000000000        380689.76383370848     
   307.00000000000000        365168.69320183143     
   308.00000000000000        350274.57181961043     
   309.00000000000000        335982.33408594824     
   310.00000000000000        322267.90507449227     
   311.00000000000000        309108.16188585549     
   312.00000000000000        296480.89648505388     
   313.00000000000000        284364.77996812365     
   314.00000000000000        272739.32820390229     
   315.00000000000000        261584.86879896087     
   316.00000000000000        250882.50933559172     
   317.00000000000000        240614.10683465196     
   318.00000000000000        230762.23839680426     
   319.00000000000000        221310.17297745138     
   320.00000000000000        212241.84425232018     
   321.00000000000000        203541.82453223257     
   322.00000000000000        195195.29968718393     
   323.00000000000000        187188.04504129515     
   324.00000000000000        179506.40220166117     
   325.00000000000000        172137.25678550929     
   326.00000000000000        165068.01701136981     
   327.00000000000000        158286.59312131221     
   328.00000000000000        151781.37760246475     
   329.00000000000000        145541.22617727023     
   330.00000000000000        139555.43953306266     
   331.00000000000000        133813.74576265886     
   332.00000000000000        128306.28348871747     
   333.00000000000000        123023.58564564936     
   334.00000000000000        117956.56389383764     
   335.00000000000000        113096.49364190536     
   336.00000000000000        108434.99965364428     
   337.00000000000000        103964.04221713322     
   338.00000000000000        99675.903854413089     
   339.00000000000000        95563.176550900243     
   340.00000000000000        91618.749484503584     
   341.00000000000000        87835.797235187900     
   342.00000000000000        84207.768456439531     
   343.00000000000000        80728.374990794211     
   344.00000000000000        77391.581412273852     
   345.00000000000000        74191.594979226342     
   346.00000000000000        71122.855981685541     
   347.00000000000000        68180.028467976430     
   348.00000000000000        65357.991335880404     
   349.00000000000000        62651.829774217367     
   350.00000000000000        60056.827041258395     
   351.00000000000000        57568.456566890018     
   352.00000000000000        55182.374365957985     
   353.00000000000000        52894.411750692052     
   354.00000000000000        50700.568330582253     
   355.00000000000000        48597.005288522356     
   356.00000000000000        46580.038922454856     
   357.00000000000000        44646.134442182367     
   358.00000000000000        42791.900011388192     
   359.00000000000000        41014.081025303778     
   360.00000000000000        39309.554614823915     
   361.00000000000000        37675.324368222427     
   362.00000000000000        36108.515261966255     
   363.00000000000000        34606.368792448295     
   364.00000000000000        33166.238300778365     
   365.00000000000000        31785.584483070408     
   366.00000000000000        30461.971078964161     
   367.00000000000000        29193.060731387111     
   368.00000000000000        27976.611010845343     
   369.00000000000000        26810.470597784733     
   370.00000000000000        25692.575616813050     
   371.00000000000000        24620.946116820698     
   372.00000000000000        23593.682691256960     
   373.00000000000000        22608.963233057762     
   374.00000000000000        21665.039818915342     
   375.00000000000000        20760.235717804153     
   376.00000000000000        19892.942518862543     
   377.00000000000000        19061.617373924797     
   378.00000000000000        18264.780350183592     
   379.00000000000000        17501.011888632438     
   380.00000000000000        16768.950364113596     
   381.00000000000000        16067.289742955532     
   382.00000000000000        15394.777334341574     
   383.00000000000000        14750.211631703642     
   384.00000000000000        14132.440240576267     
   385.00000000000000        13540.357889488476     
   386.00000000000000        12972.904520603775     
   387.00000000000000        12429.063456946453     
   388.00000000000000        11907.859643176627     
   389.00000000000000        11408.357956996120     
   390.00000000000000        10929.661588380699     
   391.00000000000000        10470.910483944241     
   392.00000000000000        10031.279853847002     
   393.00000000000000        9609.9787387588149     
   394.00000000000000        9206.2486344918598     
   395.00000000000000        8819.3621720031915     
   396.00000000000000        8448.6218505651195     
   397.00000000000000        8093.3588219833346     
   398.00000000000000        7752.9317238284293     
   399.00000000000000        7426.7255597258581     
   400.00000000000000        7114.1506248259921     
   401.00000000000000        6814.6414746513537     
   402.00000000000000        6527.6559355877707     
   403.00000000000000        6252.6741553550146     
   404.00000000000000        5989.1976918592545     
   405.00000000000000        5736.7486388911293     
   406.00000000000000        5494.8687871952343     
   407.00000000000000        5263.1188194947235     
   408.00000000000000        5041.0775381102358     
   409.00000000000000        4828.3411238676827     
   410.00000000000000        4624.5224250397805     
   411.00000000000000        4429.2502751158536     
   412.00000000000000        4242.1688382441207     
   413.00000000000000        4062.9369812343398     
   414.00000000000000        3891.2276710538986     
   415.00000000000000        3726.7273967929173     
   416.00000000000000        3569.1356151145492     
   417.00000000000000        3418.1642182451205     
   418.00000000000000        3273.5370235975570     
   419.00000000000000        3134.9892841565807     
   420.00000000000000        3002.2672187895164     
   421.00000000000000        2875.1275616794387     
   422.00000000000000        2753.3371301098473     
   423.00000000000000        2636.6724098604122     
   424.00000000000000        2524.9191575031628     
   425.00000000000000        2417.8720189166675     
   426.00000000000000        2315.3341633630948     
   427.00000000000000        2217.1169324994244     
   428.00000000000000        2123.0395037187545     
   429.00000000000000        2032.9285672423855     
   430.00000000000000        1946.6180164059954     
   431.00000000000000        1863.9486506060543     
   432.00000000000000        1784.7678903935014     
   433.00000000000000        1708.9295042226536     
   434.00000000000000        1636.2933463829536     
   435.00000000000000        1566.7251056598789     
   436.00000000000000        1500.0960642900106     
   437.00000000000000        1436.2828667921781     
   438.00000000000000        1375.1672982739301     
   439.00000000000000        1316.6360718283076     
   440.00000000000000        1260.5806246515156     
   441.00000000000000        1206.8969225270027     
   442.00000000000000        1155.4852723356148     
   443.00000000000000        1106.2501422654070     
   444.00000000000000        1059.0999894074200     
   445.00000000000000        1013.9470944369898     
   446.00000000000000        970.70740309167411     
   447.00000000000000        929.30037416891491     
   448.00000000000000        889.64883377765591     
   449.00000000000000        851.67883558870778     
   450.00000000000000        815.31952683922907     
   451.00000000000000        780.50301985628857     
   452.00000000000000        747.16426887427713     
   453.00000000000000        715.24095192978814     
   454.00000000000000        684.67335762645598     
   455.00000000000000        655.40427657073678     
   456.00000000000000        627.37889728747371     
   457.00000000000000        600.54470643200887     
   458.00000000000000        574.85139312290619     
   459.00000000000000        550.25075722664883     
   460.00000000000000        526.69662143230130     
   461.00000000000000        504.14474696087456     
   462.00000000000000        482.55275276038310     
   463.00000000000000        461.88003804364200     
   464.00000000000000        442.08770803159229     
   465.00000000000000        423.13850277065501     
   466.00000000000000        404.99672889788405     
   467.00000000000000        387.62819423277199     
   468.00000000000000        371.00014507964642     
   469.00000000000000        355.08120612916673     
   470.00000000000000        339.84132285206425     
   471.00000000000000        325.25170628260946     
   472.00000000000000        311.28478009343070     
   473.00000000000000        297.91412986739562     
   474.00000000000000        285.11445447603541     
   475.00000000000000        272.86151947774408     
   476.00000000000000        261.13211245249914     
   477.00000000000000        249.90400019327612     
   478.00000000000000        239.15588767757149     
   479.00000000000000        228.86737874556869     
   480.00000000000000        219.01893841455578     
   481.00000000000000        209.59185676197848     
   482.00000000000000        200.56821431237253     
   483.00000000000000        191.93084886604035     
   484.00000000000000        183.66332370984711     
   485.00000000000000        175.74989715301876     
   486.00000000000000        168.17549333312292     
   487.00000000000000        160.92567423967981     
   488.00000000000000        153.98661290498629     
   489.00000000000000        147.34506771385077     
   490.00000000000000        140.98835778586457     
   491.00000000000000        134.90433938578263     
   492.00000000000000        129.08138331939358     
   493.00000000000000        123.50835327401541     
   494.00000000000000        118.17458506443522     
   495.00000000000000        113.06986674671431     
   496.00000000000000        108.18441956385551     
   497.00000000000000        103.50887968876894     
   498.00000000000000        99.034280731425113     
   499.00000000000000        94.752036978457070     
   500.00000000000000        90.653927334742576     
   501.00000000000000        86.732079937802624     
   502.00000000000000        82.978957417010463     
   503.00000000000000        79.387342770800089     
   504.00000000000000        75.950325836133771     
   505.00000000000000        72.661290325590684     
   506.00000000000000        69.513901408415478     
   507.00000000000000        66.502093812873980     
   508.00000000000000        63.620060428188900     
   509.00000000000000        60.862241385226405     
   510.00000000000000        58.223313595960505     
   511.00000000000000        55.698180732590259     
   512.00000000000000        53.281963627943874     
   513.00000000000000        50.969991079602146     
   514.00000000000000        48.757791040858400     
   515.00000000000000        46.641082182381233     
   516.00000000000000        44.615765809065493     
   517.00000000000000        42.677918117244047     
   518.00000000000000        40.823782778013225     
   519.00000000000000        39.049763833038448     
   520.00000000000000        37.352418889768018     
   521.00000000000000        35.728452603513212     
   522.00000000000000        34.174710434397397     
   523.00000000000000        32.688172667648125     
   524.00000000000000        31.265948686212454     
   525.00000000000000        29.905271485110937     
   526.00000000000000        28.603492417401387     
   527.00000000000000        27.358076162038842     
   528.00000000000000        26.166595904322023     
   529.00000000000000        25.026728720009132     
   530.00000000000000        23.936251154548557     
   531.00000000000000        22.893034989238515     
   532.00000000000000        21.895043186459322     
   533.00000000000000        20.940326006456953     
   534.00000000000000        20.027017288468087     
   535.00000000000000        19.153330889276386     
   536.00000000000000        18.317557272580537     
   537.00000000000000        17.518060242831222     
   538.00000000000000        16.753273817453692     
   539.00000000000000        16.021699231635889     
   540.00000000000000        15.321902070097700     
   541.00000000000000        14.652509520492993     
   542.00000000000000        14.012207743321497     
   543.00000000000000        13.399739353438912     
   544.00000000000000        12.813901008461789     
   545.00000000000000        12.253541099558097     
   546.00000000000000        11.717557540307148     
   547.00000000000000        11.204895649486867     
   548.00000000000000        10.714546123828928     
   549.00000000000000        10.245543096939143     
   550.00000000000000        9.7969622807458983     
   551.00000000000000        9.3679191859905160     
   552.00000000000000        8.9575674184188454     
   553.00000000000000        8.5650970474738966     
   554.00000000000000        8.1897330444244538     
   555.00000000000000        7.8307337869931972     
   556.00000000000000        7.4873896276692422     
   557.00000000000000        7.1590215230122665     
   558.00000000000000        6.8449797213641590     
   559.00000000000000        6.5446425064966034     
   560.00000000000000        6.2574149948238666     
   561.00000000000000        5.9827279839121337     
   562.00000000000000        5.7200368501109535     
   563.00000000000000        5.4688204932245918     
   564.00000000000000        5.2285803262280020     
   565.00000000000000        4.9988393081169269     
   566.00000000000000        4.7791410180621146     
   567.00000000000000        4.5690487691137429     
   568.00000000000000        4.3681447597781284     
   569.00000000000000        4.1760292618572130     
   570.00000000000000        3.9923198430108133     
   571.00000000000000        3.8166506225665744     
   572.00000000000000        3.6486715591635206     
   573.00000000000000        3.4880477688768980     
   574.00000000000000        3.3344588725268922     
   575.00000000000000        3.1875983709302940     
   576.00000000000000        3.0471730469060110     
   577.00000000000000        2.9129023928957660     
   578.00000000000000        2.7845180631086937     
   579.00000000000000        2.6617633491463750     
   580.00000000000000        2.5443926781073345     
   581.00000000000000        2.4321711322131017     
   582.00000000000000        2.3248739890390735     
   583.00000000000000        2.2222862814707938     
   584.00000000000000        2.1242023765452061     
   585.00000000000000        2.0304255723706923     
   586.00000000000000        1.9407677123545866     
   587.00000000000000        1.8550488159996159     
   588.00000000000000        1.7730967255614785     
   589.00000000000000        1.6947467678905099     
   590.00000000000000        1.6198414308085158     
   591.00000000000000        1.5482300533998514     
   592.00000000000000        1.4797685296219207     
   593.00000000000000        1.4143190246656312     
   594.00000000000000        1.3517497035205528     
   595.00000000000000        1.2919344712227909     
   596.00000000000000        1.2347527242853795     
   597.00000000000000        1.1800891128328554     
   598.00000000000000        1.1278333129817961     
   599.00000000000000        1.0778798090280513     
   600.00000000000000        1.0301276850212313     
   601.00000000000000       0.98448042532374558     
   602.00000000000000       0.94084572376958853     
   603.00000000000000       0.89913530105400419     
   604.00000000000000       0.85926473000124048     
   605.00000000000000       0.82115326837243263     
   606.00000000000000       0.78472369888992277     
   607.00000000000000       0.74990217616861954     
   608.00000000000000       0.71661808025760376     
   609.00000000000000       0.68480387650835228     
   610.00000000000000       0.65439498149767472     
   611.00000000000000       0.62532963474535830     
   612.00000000000000       0.59754877597743017     
   613.00000000000000       0.57099592769670560     
   614.00000000000000       0.54561708283239385     
   615.00000000000000       0.52136059725030270     
   616.00000000000000       0.49817708691458101     
   617.00000000000000       0.47601932950086800     
   618.00000000000000       0.45484217026913687     
   619.00000000000000       0.43460243201293336     
   620.00000000000000       0.41525882890948379     
   621.00000000000000       0.39677188410254544     
   622.00000000000000       0.37910385085720155     
   623.00000000000000       0.36221863713270935     
   624.00000000000000       0.34608173342598508     
   625.00000000000000       0.33066014374471381     
   626.00000000000000       0.31592231957508859     
   627.00000000000000       0.30183809671501854     
   628.00000000000000       0.28837863484910015     
   629.00000000000000       0.27551635974701960     
   630.00000000000000       0.26322490797210724     
   631.00000000000000       0.25147907399168634     
   632.00000000000000       0.24025475958536202     
   633.00000000000000       0.22952892545205952     
   634.00000000000000       0.21927954492070575     
   635.00000000000000       0.20948555967364021     
   636.00000000000000       0.20012683739572484     
   637.00000000000000       0.19118413126582240     
   638.00000000000000       0.18263904121098634     
   639.00000000000000       0.17447397684701213     
   640.00000000000000       0.16667212203241560     
   641.00000000000000       0.15921740096592604     
   642.00000000000000       0.15209444576068715     
   643.00000000000000       0.14528856543116048     
   644.00000000000000       0.13878571623154054     
   645.00000000000000       0.13257247328707863     
   646.00000000000000       0.12663600346230272     
   647.00000000000000       0.12096403941244718     
   648.00000000000000       0.11554485476680323     
   649.00000000000000       0.11036724039487150     
   650.00000000000000       0.10542048170832630     
   651.00000000000000       0.10069433695382062     
   652.00000000000000        9.6179016453619426E-002
   653.00000000000000        9.1865162752904309E-002
   654.00000000000000        8.7743831634330888E-002
   655.00000000000000        8.3806473962199368E-002
   656.00000000000000        8.0044918320149053E-002
   657.00000000000000        7.6451354407880701E-002
   658.00000000000000        7.3018317163928662E-002
   659.00000000000000        6.9738671582861955E-002
   660.00000000000000        6.6605598196739293E-002
   661.00000000000000        6.3612579191885565E-002
   662.00000000000000        6.0753385133355632E-002
   663.00000000000000        5.8022062270606023E-002
   664.00000000000000        5.5412920399088482E-002
   665.00000000000000        5.2920521253524699E-002
   666.00000000000000        5.0539667409711532E-002
   667.00000000000000        4.8265391672694120E-002
   668.00000000000000        4.6092946930092776E-002
   669.00000000000000        4.4017796450317191E-002
   670.00000000000000        4.2035604606250138E-002
   671.00000000000000        4.0142228005851183E-002
   672.00000000000000        3.8333707011914422E-002
   673.00000000000000        3.6606257634006871E-002
   674.00000000000000        3.4956263776324735E-002
   675.00000000000000        3.3380269825938572E-002
   676.00000000000000        3.1874973566549433E-002
   677.00000000000000        3.0437219403544595E-002
   678.00000000000000        2.9063991886739554E-002
   679.00000000000000        2.7752409517798830E-002
   680.00000000000000        2.6499718829892594E-002
   681.00000000000000        2.5303288727674993E-002
   682.00000000000000        2.4160605076205287E-002
   683.00000000000000        2.3069265527915182E-002
   684.00000000000000        2.2026974577206287E-002
   685.00000000000000        2.1031538832711354E-002
   686.00000000000000        2.0080862497692434E-002
   687.00000000000000        1.9172943049455965E-002
   688.00000000000000        1.8305867109071325E-002
   689.00000000000000        1.7477806493048850E-002
   690.00000000000000        1.6687014439007948E-002
   691.00000000000000        1.5931821997704078E-002
   692.00000000000000        1.5210634584121552E-002
   693.00000000000000        1.4521928680654423E-002
   694.00000000000000        1.3864248685705667E-002
   695.00000000000000        1.3236203901320881E-002
   696.00000000000000        1.2636465653754959E-002
   697.00000000000000        1.2063764541137579E-002
   698.00000000000000        1.1516887802652429E-002
   699.00000000000000        1.0994676803897985E-002
   700.00000000000000        1.0496024633319561E-002
   701.00000000000000        1.0019873804838103E-002
   702.00000000000000        9.5652140620021073E-003
   703.00000000000000        9.1310802792030042E-003
   704.00000000000000        8.7165504556832758E-003
   705.00000000000000        8.3207437982585116E-003
   706.00000000000000        7.9428188888457842E-003
   707.00000000000000        7.5819719330707637E-003
   708.00000000000000        7.2374350863817823E-003
   709.00000000000000        6.9084748542597944E-003
   710.00000000000000        6.5943905632593483E-003
   711.00000000000000        6.2945128997632053E-003
   712.00000000000000        6.0082025134645719E-003
   713.00000000000000        5.7348486827251480E-003
   714.00000000000000        5.4738680390823691E-003
   715.00000000000000        5.2247033482965494E-003
   716.00000000000000        4.9868223454448309E-003
   717.00000000000000        4.7597166216781922E-003
   718.00000000000000        4.5429005603612885E-003
   719.00000000000000        4.3359103204161226E-003
   720.00000000000000        4.1383028647855131E-003
   721.00000000000000        3.9496550320242373E-003
   722.00000000000000        3.7695626491129359E-003
   723.00000000000000        3.5976396836741175E-003
   724.00000000000000        3.4335174338485032E-003
   725.00000000000000        3.2768437541678313E-003
   726.00000000000000        3.1272823158328129E-003
   727.00000000000000        2.9845118998742498E-003
   728.00000000000000        2.8482257217439747E-003
   729.00000000000000        2.7181307859440104E-003
   730.00000000000000        2.5939472693660213E-003
   731.00000000000000        2.4754079320689639E-003
   732.00000000000000        2.3622575542815542E-003
   733.00000000000000        2.2542523984674270E-003
   734.00000000000000        2.1511596953430832E-003
   735.00000000000000        2.0527571527877916E-003
   736.00000000000000        1.9588324866304787E-003
   737.00000000000000        1.8691829723447193E-003
   738.00000000000000        1.7836150167239871E-003
   739.00000000000000        1.7019437486518933E-003
   740.00000000000000        1.6239926281202148E-003
   741.00000000000000        1.5495930726848971E-003
   742.00000000000000        1.4785841005866332E-003
   743.00000000000000        1.4108119897960506E-003
   744.00000000000000        1.3461299522766887E-003
   745.00000000000000        1.2843978227897179E-003
   746.00000000000000        1.2254817615948003E-003
   747.00000000000000        1.1692539704296360E-003
   748.00000000000000        1.1155924211778414E-003
   749.00000000000000        1.0643805966615396E-003
   750.00000000000000        1.0155072430194383E-003
   751.00000000000000        9.6886613315514466E-004
   752.00000000000000        9.2435584076330465E-004
   753.00000000000000        8.8187952446308995E-004
   754.00000000000000        8.4134472158907208E-004
   755.00000000000000        8.0266315120968432E-004
   756.00000000000000        7.6575052596243511E-004
   757.00000000000000        7.3052637231325207E-004
   758.00000000000000        6.9691385886457870E-004
   759.00000000000000        6.6483963235383918E-004
   760.00000000000000        6.3423366099939140E-004
   761.00000000000000        6.0502908486643288E-004
   762.00000000000000        5.7716207294001014E-004
   763.00000000000000        5.5057168660588415E-004
   764.00000000000000        5.2519974925345925E-004
   765.00000000000000        5.0099072172766004E-004
   766.00000000000000        4.7789158336867502E-004
   767.00000000000000        4.5585171839010555E-004
   768.00000000000000        4.3482280735734891E-004
   769.00000000000000        4.1475872353810886E-004
   770.00000000000000        3.9561543390774316E-004
   771.00000000000000        3.7735090460121597E-004
   772.00000000000000        3.5992501061306591E-004
   773.00000000000000        3.4329944955543388E-004
   774.00000000000000        3.2743765929268509E-004
   775.00000000000000        3.1230473927934744E-004
   776.00000000000000        2.9786737543556729E-004
   777.00000000000000        2.8409376840193346E-004
   778.00000000000000        2.7095356502228980E-004
   779.00000000000000        2.5841779291018628E-004
   780.00000000000000        2.4645879796072713E-004
   781.00000000000000        2.3505018467603428E-004
   782.00000000000000        2.2416675917823656E-004
   783.00000000000000        2.1378447478951891E-004
   784.00000000000000        2.0388038006423945E-004
   785.00000000000000        1.9443256916319278E-004
   786.00000000000000        1.8542013446491430E-004
   787.00000000000000        1.7682312131380337E-004
   788.00000000000000        1.6862248480911438E-004
   789.00000000000000        1.6080004854329542E-004
   790.00000000000000        1.5333846520214481E-004
   791.00000000000000        1.4622117894323554E-004
   792.00000000000000        1.3943238947271454E-004
   793.00000000000000        1.3295701774424320E-004
   794.00000000000000        1.2678067320716141E-004
   795.00000000000000        1.2088962253428088E-004
   796.00000000000000        1.1527075976278917E-004
   797.00000000000000        1.0991157778476949E-004
   798.00000000000000        1.0480014112658041E-004
   799.00000000000000        9.9925059959193985E-005
   800.00000000000000        9.5275465284067810E-005
   801.00000000000000        9.0840985241658011E-005
   802.00000000000000        8.6611722492060727E-005
   803.00000000000000        8.2578232619488201E-005
   804.00000000000000        7.8731503514483650E-005
   805.00000000000000        7.5062935689841859E-005
   806.00000000000000        7.1564323488152126E-005
   807.00000000000000        6.8227837140798396E-005
   808.00000000000000        6.5046005640013616E-005
   809.00000000000000        6.2011700387363991E-005
   810.00000000000000        5.9118119583611973E-005
   811.00000000000000        5.6358773326539068E-005
   812.00000000000000        5.3727469384779392E-005
   813.00000000000000        5.1218299617151466E-005
   814.00000000000000        4.8825627008353950E-005
   815.00000000000000        4.6544073293196341E-005
   816.00000000000000        4.4368507142776524E-005
   817.00000000000000        4.2294032887233639E-005
   818.00000000000000        4.0315979750817168E-005
   819.00000000000000        3.8429891576128024E-005
   820.00000000000000        3.6631517015408983E-005
   821.00000000000000        3.4916800167779681E-005
   822.00000000000000        3.3281871642227717E-005
   823.00000000000000        3.1723040027110012E-005
   824.00000000000000        3.0236783747765905E-005
   825.00000000000000        2.8819743294672119E-005
   826.00000000000000        2.7468713805365190E-005
   827.00000000000000        2.6180637984118063E-005
   828.00000000000000        2.4952599344061472E-005
   829.00000000000000        2.3781815757152412E-005
   830.00000000000000        2.2665633298031218E-005
   831.00000000000000        2.1601520368451961E-005
   832.00000000000000        2.0587062089558814E-005
   833.00000000000000        1.9619954949871308E-005
   834.00000000000000        1.8698001697368553E-005
   835.00000000000000        1.7819106464604893E-005
   836.00000000000000        1.6981270116277756E-005
   837.00000000000000        1.6182585809152582E-005
   838.00000000000000        1.5421234754698947E-005
   839.00000000000000        1.4695482175235581E-005
   840.00000000000000        1.4003673444789547E-005
   841.00000000000000        1.3344230406280643E-005
   842.00000000000000        1.2715647857013898E-005
   843.00000000000000        1.2116490194830469E-005
   844.00000000000000        1.1545388217610562E-005
   845.00000000000000        1.1001036069153888E-005
   846.00000000000000        1.0482188324778603E-005
   847.00000000000000        9.9876572102798407E-006
   848.00000000000000        9.5163099481774042E-006
   849.00000000000000        9.0670662254604655E-006
   850.00000000000000        8.6388957772909302E-006
   851.00000000000000        8.2308160813892796E-006
   852.00000000000000        7.8418901580550770E-006
   853.00000000000000        7.4712244710113368E-006
   854.00000000000000        7.1179669244750654E-006
   855.00000000000000        6.7813049520663252E-006
   856.00000000000000        6.4604636933686725E-006
   857.00000000000000        6.1547042541404051E-006
   858.00000000000000        5.8633220463614408E-006
   859.00000000000000        5.5856452044707873E-006
   860.00000000000000        5.3210330743165844E-006
   861.00000000000000        5.0688747714984695E-006
   862.00000000000000        4.8285878059322812E-006
   863.00000000000000        4.5996167696124117E-006
   864.00000000000000        4.3814320846818497E-006
   865.00000000000000        4.1735288090560775E-006
   866.00000000000000        3.9754254969659990E-006
   867.00000000000000        3.7866631119112167E-006
   868.00000000000000        3.6068039896238951E-006
   869.00000000000000        3.4354308487562923E-006
   870.00000000000000        3.2721458471065821E-006
   871.00000000000000        3.1165696812994320E-006
   872.00000000000000        2.9683407279301600E-006
   873.00000000000000        2.8271142242742188E-006
   874.00000000000000        2.6925614867489704E-006
   875.00000000000000        2.5643691653974340E-006
   876.00000000000000        2.4422385327430589E-006
   877.00000000000000        2.3258848054398175E-006
   878.00000000000000        2.2150364972128815E-006
   879.00000000000000        2.1094348016548209E-006
   880.00000000000000        2.0088330035077362E-006
   881.00000000000000        1.9129959171230545E-006
   882.00000000000000        1.8216993508519271E-006
   883.00000000000000        1.7347295961750551E-006
   884.00000000000000        1.6518829404359509E-006
   885.00000000000000        1.5729652020926762E-006
   886.00000000000000        1.4977912874536473E-006
   887.00000000000000        1.4261847679094698E-006
   888.00000000000000        1.3579774767186573E-006
   889.00000000000000        1.2930091244477308E-006
   890.00000000000000        1.2311269322075585E-006
   891.00000000000000        1.1721852818669866E-006
   892.00000000000000        1.1160453824621626E-006
   893.00000000000000        1.0625749520561809E-006
   894.00000000000000        1.0116479143371286E-006
   895.00000000000000        9.6314410927585868E-007
   896.00000000000000        9.1694901719555947E-007
   897.00000000000000        8.7295349563482654E-007
   898.00000000000000        8.3105352841477409E-007
   899.00000000000000        7.9114998634694225E-007
   900.00000000000000        7.5314839904537847E-007
   901.00000000000000        7.1695873733047796E-007
   902.00000000000000        6.8249520573555801E-007
   903.00000000000000        6.4967604465011941E-007
   904.00000000000000        6.1842334165453047E-007
   905.00000000000000        5.8866285162166289E-007
   906.00000000000000        5.6032382518051647E-007
   907.00000000000000        5.3333884515527567E-007
   908.00000000000000        5.0764367061120631E-007
   909.00000000000000        4.8317708815563319E-007
   910.00000000000000        4.5988077015841565E-007
   911.00000000000000        4.3769913957183841E-007
   912.00000000000000        4.1657924104449849E-007
   913.00000000000000        3.9647061803783481E-007
   914.00000000000000        3.7732519566741410E-007
   915.00000000000000        3.5909716900374291E-007
   916.00000000000000        3.4174289657981497E-007
   917.00000000000000        3.2522079886396210E-007
   918.00000000000000        3.0949126146797953E-007
   919.00000000000000        2.9451654287093502E-007
   920.00000000000000        2.8026068644914192E-007
   921.00000000000000        2.6668943661271487E-007
   922.00000000000000        2.5377015885796139E-007
   923.00000000000000        2.4147176355397140E-007
   924.00000000000000        2.2976463328994921E-007
   925.00000000000000        2.1862055361799108E-007
   926.00000000000000        2.0801264703349696E-007
   927.00000000000000        1.9791531004282212E-007
   928.00000000000000        1.8830415317465143E-007
   929.00000000000000        1.7915594379819742E-007
   930.00000000000000        1.7044855161776136E-007
   931.00000000000000        1.6216089671905946E-007
   932.00000000000000        1.5427290004860977E-007
   933.00000000000000        1.4676543621297974E-007
   934.00000000000000        1.3962028848975513E-007
   935.00000000000000        1.3282010594734561E-007
   936.00000000000000        1.2634836257532733E-007
   937.00000000000000        1.2018931833161423E-007
   938.00000000000000        1.1432798201714838E-007
   939.00000000000000        1.0875007589285845E-007
   940.00000000000000        1.0344200195766594E-007
   941.00000000000000        9.8390809810003412E-008
   942.00000000000000        9.3584166018965960E-008
   943.00000000000000        8.9010324934640240E-008
   944.00000000000000        8.4658100870365815E-008
   945.00000000000000        8.0516841592891337E-008
   946.00000000000000        7.6576403059295803E-008
   947.00000000000000        7.2827125342406039E-008
   948.00000000000000        6.9259809689154484E-008
   949.00000000000000        6.5865696658904016E-008
   950.00000000000000        6.2636445291193495E-008
   951.00000000000000        5.9564113254781690E-008
   952.00000000000000        5.6641137932015589E-008
   953.00000000000000        5.3860318394757458E-008
   954.00000000000000        5.1214798230113812E-008
   955.00000000000000        4.8698049176149616E-008
   956.00000000000000        4.6303855529629868E-008
   957.00000000000000        4.4026299289613025E-008
   958.00000000000000        4.1859746002376970E-008
   959.00000000000000        3.9798831274790836E-008
   960.00000000000000        3.7838447924768474E-008
   961.00000000000000        3.5973733738912579E-008
   962.00000000000000        3.4200059808827907E-008
   963.00000000000000        3.2513019418943592E-008
   964.00000000000000        3.0908417459932781E-008
   965.00000000000000        2.9382260343029393E-008
   966.00000000000000        2.7930746391705108E-008
   967.00000000000000        2.6550256688250945E-008
   968.00000000000000        2.5237346353883328E-008
   969.00000000000000        2.3988736241961972E-008
   970.00000000000000        2.2801305024892020E-008
   971.00000000000000        2.1672081656166966E-008
   972.00000000000000        2.0598238189894447E-008
   973.00000000000000        1.9577082940958658E-008
   974.00000000000000        1.8606053969770147E-008
   975.00000000000000        1.7682712876310609E-008
   976.00000000000000        1.6804738888874972E-008
   977.00000000000000        1.5969923233625063E-008
   978.00000000000000        1.5176163771699106E-008
   979.00000000000000        1.4421459891249294E-008
   980.00000000000000        1.3703907642374135E-008
   981.00000000000000        1.3021695103475895E-008
   982.00000000000000        1.2373097968106312E-008
   983.00000000000000        1.1756475341884597E-008
   984.00000000000000        1.1170265739556241E-008
   985.00000000000000        1.0612983272727705E-008
   986.00000000000000        1.0083214019258767E-008
   987.00000000000000        9.5796125657170174E-009
   988.00000000000000        9.1008987147001979E-009
   989.00000000000000        8.6458543492252883E-009
   990.00000000000000        8.2133204467389770E-009
   991.00000000000000        7.8021942356648930E-009
   992.00000000000000        7.4114264877295668E-009
   993.00000000000000        7.0400189396312413E-009
   994.00000000000000        6.6870218379147491E-009
   995.00000000000000        6.3515316012102603E-009
   996.00000000000000        6.0326885942630965E-009
   997.00000000000000        5.7296750084486355E-009
   998.00000000000000        5.4417128437155287E-009
   999.00000000000000        5.1680619871375485E-009
   1000.0000000000000        4.9080183834830470E-009
