   2.9031946886766143E-002   0.0000000000000000     
   2.6690029149398793        4.3550881653821279E-033
   5.3089738829929924        3.4274496472320421E-032
   7.9489448510461056        1.1502537934628346E-031
   10.588915819099219        2.7183695287991387E-031
   13.228886787152332        5.2988154502246290E-031
   15.868857755205445        9.1425554568885004E-031
   18.508828723258560        1.4499602247552545E-030
   21.148799691311673        2.1618823869310848E-030
   23.788770659364786        3.0747748337665739E-030
   26.428741627417899        4.2132366045654310E-030
   29.068712595471013        5.6016929697164523E-030
   31.708683563524126        7.2643751519285292E-030
   34.348654531577239        9.2252997530421359E-030
   36.988625499630352        1.1508247866486016E-029
   39.628596467683465        1.4136743858041587E-029
   42.268567435736578        1.7134033800355996E-029
   44.908538403789692        2.0523063549596366E-029
   47.548509371842805        2.4326456455749833E-029
   50.188480339895918        2.8566490701330619E-029
   52.828451307949031        3.3265076266643936E-029
   55.468422276002144        3.8443731523260199E-029
   58.108393244055257        4.4123559460956450E-029
   60.748364212108370        5.0325223557068587E-029
   63.388335180161484        5.7068923300951094E-029
   66.028306148214597        6.4374369390041816E-029
   68.668277116267703        7.2260758617864720E-029
   71.308248084320809        8.0746748478147107E-029
   73.948219052373929        8.9850431513073177E-029
   76.588190020427049        9.9589309437512136E-029
   79.228160988480155        1.0998026707484113E-028
   81.868131956533261        1.2103954614369982E-028
   84.508102924586382        1.3278271893865797E-028
   87.148073892639502        1.4522466195132597E-028
   89.788044860692608        1.5837952948187262E-028
   92.428015828745714        1.7226072729422396E-028
   95.067986796798834        1.8688088637137428E-028
   97.707957764851955        2.0225183683024113E-028
   100.34792873290506        2.1838458205831782E-028
   102.98789970095817        2.3528927313699937E-028
   105.62787066901129        2.5297518361888328E-028
   108.26784163706441        2.7145068472854097E-028
   110.90781260511751        2.9072322105822284E-028
   113.54778357317062        3.1079928683167871E-028
   116.18775454122374        3.3168440281073300E-028
   118.82772550927686        3.5338309392045316E-028
   121.46769647732997        3.7589886766966729E-028
   124.10766744538307        3.9923419344421766E-028
   126.74763841343619        4.2339048275067885E-028
   129.38760938148931        4.4836807048831963E-028
   132.02758034954243        4.7416619732682560E-028
   134.66755131759552        5.0078299326673760E-028
   137.30752228564864        5.2821546245869611E-028
   139.94749325370177        5.5645946935639122E-028
   142.58746422175486        5.8550972627664444E-028
   145.22743518980798        6.1535978243824450E-028
   147.86740615786110        6.4600201454905410E-028
   150.50737712591422        6.7742761900851593E-028
   153.14734809396734        7.0962660578998001E-028
   155.78731906202043        7.4258779406428066E-028
   158.42729003007355        7.7629880962274048E-028
   161.06726099812667        8.1074608415420591E-028
   163.70723196617976        8.4591485642693894E-028
   166.34720293423288        8.8178917542210224E-028
   168.98717390228600        9.1835190546128535E-028
   171.62714487033912        9.5558473336598089E-028
   174.26711583839224        9.9346817768216549E-028
   176.90708680644534        1.0319815999982012E-027
   179.54705777449846        1.0711032183791321E-027
   182.18702874255158        1.1108101229351422E-027
   184.82699971060467        1.1510782935365046E-027
   187.46697067865779        1.1918826196817447E-027
   190.10694164671091        1.2331969225200503E-027
   192.74691261476403        1.2749939790231589E-027
   195.38688358281715        1.3172455482960827E-027
   198.02685455087024        1.3599224000100968E-027
   200.66682551892336        1.4029943449354530E-027
   203.30679648697648        1.4464302675452944E-027
   205.94676745502957        1.4901981606562820E-027
   208.58673842308269        1.5342651620654851E-027
   211.22670939113581        1.5785975931371748E-027
   213.86668035918893        1.6231609992873592E-027
   216.50665132724205        1.6679201923080961E-027
   219.14662229529515        1.7128392944680492E-027
   221.78659326334827        1.7578817843201763E-027
   224.42656423140139        1.8030105441421284E-027
   227.06653519945448        1.8481879089297197E-027
   229.70650616750760        1.8933757168588340E-027
   232.34647713556072        1.9385353611263153E-027
   234.98644810361384        1.9836278430758388E-027
   237.62641907166696        2.0286138265103840E-027
   240.26639003972005        2.0734536930888780E-027
   242.90636100777317        2.1181075987007370E-027
   245.54633197582629        2.1625355307085155E-027
   248.18630294387938        2.2066973659456333E-027
   250.82627391193250        2.2505529293532260E-027
   253.46624487998562        2.2940620531375593E-027
   256.10621584803874        2.3371846363271644E-027
   258.74618681609189        2.3798807046069408E-027
   261.38615778414498        2.4221104703048320E-027
   264.02612875219813        2.4638343924055222E-027
   266.66609972025122        2.5050132364646222E-027
   269.30607068830432        2.5456081342963822E-027
   271.94604165635747        2.5855806433077804E-027
   274.58601262441056        2.6248928053520258E-027
   277.22598359246365        2.6635072049751417E-027
   279.86595456051680        2.7013870269301951E-027
   282.50592552856989        2.7384961128350571E-027
   285.14589649662298        2.7747990168512547E-027
   287.78586746467613        2.8102610602634486E-027
   290.42583843272922        2.8448483848414846E-027
   293.06580940078237        2.8785280048696336E-027
   295.70578036883546        2.9112678577306433E-027
   298.34575133688855        2.9430368529356624E-027
   300.98572230494170        2.9738049194946311E-027
   303.62569327299479        3.0035430515258154E-027
   306.26566424104794        3.0322233520073318E-027
   308.90563520910104        3.0598190745780138E-027
   311.54560617715413        3.0863046632998342E-027
   314.18557714520728        3.1116557902989880E-027
   316.82554811326037        3.1358493912080567E-027
   319.46551908131346        3.1588636983371175E-027
   322.10549004936661        3.1806782715072430E-027
   324.74546101741970        3.2012740264856913E-027
   327.38543198547279        3.2206332609680396E-027
   330.02540295352594        3.2387396780585675E-027
   332.66537392157903        3.2555784072064523E-027
   335.30534488963218        3.2711360225616182E-027
   337.94531585768527        3.2854005587204375E-027
   340.58528682573836        3.2983615238379428E-027
   343.22525779379151        3.3100099100896731E-027
   345.86522876184461        3.3203382014726975E-027
   348.50519972989775        3.3293403789419439E-027
   351.14517069795085        3.3370119228842523E-027
   353.78514166600394        3.3433498129391508E-027
   356.42511263405709        3.3483525251815162E-027
   359.06508360211018        3.3520200266876580E-027
   361.70505457016327        3.3543537675124583E-027
   364.34502553821642        3.3553566701112275E-027
   366.98499650626951        3.3550331162458560E-027
   369.62496747432260        3.3533889314205454E-027
   372.26493844237575        3.3504313668980019E-027
   374.90490941042884        3.3461690793523222E-027
   377.54488037848199        3.3406121082200160E-027
   380.18485134653508        3.3337718508155248E-027
   382.82482231458818        3.3256610352824174E-027
   385.46479328264132        3.3162936914558406E-027
   388.10476425069442        3.3056851197161265E-027
   390.74473521874756        3.2938518579173997E-027
   393.38470618680066        3.2808116464788104E-027
   396.02467715485375        3.2665833917293549E-027
   398.66464812290690        3.2511871276004873E-027
   401.30461909095999        3.2346439757635887E-027
   403.94459005901308        3.2169761043118483E-027
   406.58456102706623        3.1982066850884715E-027
   409.22453199511932        3.1783598497650480E-027
   411.86450296317241        3.1574606447755704E-027
   414.50447393122556        3.1355349852129775E-027
   417.14444489927865        3.1126096077961146E-027
   419.78441586733180        3.0887120230157659E-027
   422.42438683538489        3.0638704665688648E-027
   425.06435780343799        3.0381138501901146E-027
   427.70432877149113        3.0114717119900884E-027
   430.34429973954423        2.9839741664085108E-027
   432.98427070759737        2.9556518538905905E-027
   435.62424167565047        2.9265358903933607E-027
   438.26421264370356        2.8966578168276864E-027
   440.90418361175671        2.8660495485400236E-027
   443.54415457980980        2.8347433249363284E-027
   446.18412554786289        2.8027716593483536E-027
   448.82409651591604        2.7701672892404598E-027
   451.46406748396913        2.7369631268524421E-027
   454.10403845202222        2.7031922103713047E-027
   456.74400942007537        2.6688876557219160E-027
   459.38398038812846        2.6340826090635287E-027
   462.02395135618161        2.5988102000757392E-027
   464.66392232423470        2.5631034961142147E-027
   467.30389329228780        2.5269954573128294E-027
   469.94386426034094        2.4905188927052396E-027
   472.58383522839404        2.4537064174350882E-027
   475.22380619644719        2.4165904111200766E-027
   477.86377716450028        2.3792029774312361E-027
   480.50374813255337        2.3415759049444917E-027
   483.14371910060652        2.3037406293175921E-027
   485.78369006865961        2.2657281968411990E-027
   488.42366103671270        2.2275692294087027E-027
   491.06363200476585        2.1892938909450711E-027
   493.70360297281894        2.1509318553307337E-027
   496.34357394087203        2.1125122758522611E-027
   498.98354490892518        2.0740637562073166E-027
   501.62351587697827        2.0356143230870913E-027
   504.26348684503142        1.9971914003552797E-027
   506.90345781308451        1.9588217848384995E-027
   509.54342878113761        1.9205316237388921E-027
   512.18339974919070        1.8823463936757412E-027
   514.82337071724385        1.8442908813589041E-027
   517.46334168529700        1.8063891658930728E-027
   520.10331265335003        1.7686646027080682E-027
   522.74328362140318        1.7311398091067892E-027
   525.38325458945633        1.6938366514188975E-027
   528.02322555750948        1.6567762337448769E-027
   530.66319652556251        1.6199788882718857E-027
   533.30316749361566        1.5834641671396548E-027
   535.94313846166881        1.5472508358317087E-027
   538.58310942972184        1.5113568680642988E-027
   541.22308039777499        1.4757994421427846E-027
   543.86305136582814        1.4405949387526380E-027
   546.50302233388118        1.4057589401498324E-027
   549.14299330193433        1.3713062307131802E-027
   551.78296426998747        1.3372507988191269E-027
   554.42293523804051        1.3036058399975499E-027
   557.06290620609366        1.2703837613254243E-027
   559.70287717414681        1.2375961870136309E-027
   562.34284814219984        1.2052539651407389E-027
   564.98281911025299        1.1733671754863710E-027
   567.62279007830614        1.1419451384156795E-027
   570.26276104635917        1.1109964247654946E-027
   572.90273201441232        1.0805288666819530E-027
   575.54270298246547        1.0505495693588261E-027
   578.18267395051862        1.0210649236252385E-027
   580.82264491857165        9.9208061933118846E-028
   583.46261588662480        9.6360165947911023E-028
   586.10258685467795        9.3563237504966877E-028
   588.74255782273099        9.0817644047005808E-028
   591.38252879078414        8.8123688967335446E-028
   594.02249975883728        8.5481613269778353E-028
   596.66247072689032        8.2891597277526717E-028
   599.30244169494347        8.0353762385918088E-028
   601.94241266299662        7.7868172854198464E-028
   604.58238363104965        7.5434837631416470E-028
   607.22235459910280        7.3053712211682784E-028
   609.86232556715595        7.0724700514131503E-028
   612.50229653520910        6.8447656783022318E-028
   615.14226750326213        6.6222387503542745E-028
   617.78223847131528        6.4048653328990621E-028
   620.42220943936843        6.1926171015146995E-028
   623.06218040742147        5.9854615357784824E-028
   625.70215137547461        5.7833621129400240E-028
   628.34212234352776        5.5862785011400789E-028
   630.98209331158080        5.3941667518132257E-028
   633.62206427963395        5.2069794909280832E-028
   636.26203524768709        5.0246661087346726E-028
   638.90200621574013        4.8471729477040581E-028
   641.54197718379328        4.6744434883617736E-028
   644.18194815184643        4.5064185327329181E-028
   646.82191911989946        4.3430363851329048E-028
   649.46189008795261        4.1842330300544466E-028
   652.10186105600576        4.0299423069177542E-028
   654.74183202405879        3.8800960814671141E-028
   657.38180299211194        3.7346244136133994E-028
   660.02177396016509        3.5934557215381754E-028
   662.66174492821824        3.4565169418907439E-028
   665.30171589627128        3.3237336859254850E-028
   667.94168686432442        3.1950303914420018E-028
   670.58165783237757        3.0703304704059348E-028
   673.22162880043061        2.9495564521429293E-028
   675.86159976848376        2.8326301220128523E-028
   678.50157073653691        2.7194726554854535E-028
   681.14154170458994        2.6100047475522083E-028
   683.78151267264309        2.5041467374224609E-028
   686.42148364069624        2.4018187284649074E-028
   689.06145460874927        2.3029407033675371E-028
   691.70142557680242        2.2074326345013619E-028
   694.34139654485557        2.1152145894844432E-028
   696.98136751290872        2.0262068319537690E-028
   699.62133848096175        1.9403299175628087E-028
   702.26130944901490        1.8575047852326163E-028
   704.90128041706805        1.7776528436935902E-028
   707.54125138512109        1.7006960533638981E-028
   710.18122235317423        1.6265570036188934E-028
   712.82119332122738        1.5551589855136971E-028
   715.46116428928042        1.4864260600283203E-028
   718.10113525733357        1.4202831219114920E-028
   720.74110622538672        1.3566559592057540E-028
   723.38107719343975        1.2954713085418742E-028
   726.02104816149290        1.2366569062961250E-028
   728.66101912954605        1.1801415357086411E-028
   731.30099009759908        1.1258550700653329E-028
   733.94096106565223        1.0737285120497169E-028
   736.58093203370538        1.0236940293743817E-028
   739.22090300175842        9.7568498680469079E-029
   741.86087396981156        9.2963597468987384E-029
   744.50084493786471        8.8548283411872030E-029
   747.14081590591786        8.4316267881875350E-029
   749.78078687397090        8.0261391391911602E-029
   752.42075784202405        7.6377625169823844E-029
   755.06072881007719        7.2659072443807665E-029
   757.70069977813023        6.9099969450678285E-029
   760.34067074618338        6.5694686179173566E-029
   762.98064171423653        6.2437726860439648E-029
   765.62061268228956        5.9323730217781474E-029
   768.26058365034271        5.6347469487666198E-029
   770.90055461839586        5.3503852223851630E-029
   773.54052558644889        5.0787919896362111E-029
   776.18049655450204        4.8194847296878347E-029
   778.82046752255519        4.5719941761917515E-029
   781.46043849060834        4.3358642224976990E-029
   784.10040945866137        4.1106518108595558E-029
   786.74038042671452        3.8959268067050018E-029
   789.38035139476767        3.6912718590152576E-029
   792.02032236282071        3.4962822478353798E-029
   794.66029333087386        3.3105657199080171E-029
   797.30026429892700        3.1337423133952284E-029
   799.94023526698004        2.9654441726236588E-029
   802.58020623503319        2.8053153537584017E-029
   805.22017720308634        2.6530116222804916E-029
   807.86014817113937        2.5082002431116062E-029
   810.50011913919252        2.3705597641985727E-029
   813.14009010724567        2.2397797943383701E-029
   815.78006107529870        2.1155607759925745E-029
   818.42003204335185        1.9976137538084278E-029
   821.06000301140500        1.8856601395319346E-029
   823.69997397945804        1.7794314739665840E-029
   826.33994494751119        1.6786691865999151E-029
   828.97991591556433        1.5831243534891233E-029
   831.61988688361748        1.4925574539657442E-029
   834.25985785167052        1.4067381266893837E-029
   836.89982881972367        1.3254449255503140E-029
   839.53979978777681        1.2484650758915654E-029
   842.17977075582985        1.1755942314920938E-029
   844.81974172388300        1.1066362327246886E-029
   847.45971269193615        1.0414028662746370E-029
   850.09968365998918        9.7971362677836433E-030
   852.73965462804233        9.2139548071527907E-030
   855.37962559609548        8.6628263286072984E-030
   858.01959656414851        8.1421629558345754E-030
   860.65956753220166        7.6504446124722232E-030
   863.29953850025481        7.1862167795351932E-030
   865.93950946830796        6.7480882884008772E-030
   868.57948043636100        6.3347291512888229E-030
   871.21945140441414        5.9448684309673905E-030
   873.85942237246729        5.5772921512254766E-030
   876.49939334052033        5.2308412494606430E-030
   879.13936430857348        4.9044095725570917E-030
   881.77933527662663        4.5969419170584060E-030
   884.41930624467966        4.3074321144778833E-030
   887.05927721273281        4.0349211624372720E-030
   889.69924818078596        3.7784954021803441E-030
   892.33921914883899        3.5372847428707020E-030
   894.97919011689214        3.3104609329550777E-030
   897.61916108494529        3.0972358787527104E-030
   900.25913205299832        2.8968600103174776E-030
   902.89910302105147        2.7086206945142960E-030
   905.53907398910462        2.5318406951522014E-030
   908.17904495715766        2.3658766799247404E-030
   910.81901592521081        2.2101177738235624E-030
   913.45898689326395        2.0639841586125861E-030
   916.09895786131710        1.9269257178777023E-030
   918.73892882937014        1.7984207271014701E-030
   921.37889979742329        1.6779745881515209E-030
   924.01887076547644        1.5651186075172476E-030
   926.65884173352947        1.4594088175798768E-030
   929.29881270158262        1.3604248401570827E-030
   931.93878366963577        1.2677687915243422E-030
   934.57875463768880        1.1810642280804415E-030
   937.21872560574195        1.0999551317948828E-030
   939.85869657379510        1.0241049345490061E-030
   942.49866754184814        9.5319558046085750E-031
   945.13863850990128        8.8692662526590506E-031
   947.77860947795443        8.2501437181124179E-031
   950.41858044600758        7.6719104070971185E-031
   953.05855141406062        7.1320397519260928E-031
   955.69852238211377        6.6281487919437298E-031
   958.33849335016691        6.1579908770055497E-031
   960.97846431821995        5.7194486839046400E-031
   963.61843528627310        5.3105275360854818E-031
   966.25840625432625        4.9293490170340961E-031
   968.89837722237928        4.5741448677997475E-031
   971.53834819043243        4.2432511591918508E-031
   974.17831915848558        3.9351027292972939E-031
   976.81829012653861        3.6482278770825300E-031
   979.45826109459176        3.3812433029770861E-031
   982.09823206264491        3.1328492874799297E-031
   984.73820303069795        2.9018250989857051E-031
   987.37817399875109        2.6870246221941151E-031
   990.01814496680424        2.4873721986399418E-031
   992.65811593485728        2.3018586710630297E-031
   995.29808690291043        2.1295376235263011E-031
   997.93805787096358        1.9695218093837096E-031
   1000.5780288390167        1.8209797593983297E-031
   1003.2179998070698        1.6831325625130427E-031
   1005.8579707751229        1.5552508119810440E-031
   1008.4979417431761        1.4366517097703522E-031
   1011.1379127112291        1.3266963223645173E-031
   1013.7778836792822        1.2247869812907562E-031
   1016.4178546473354        1.1303648219154595E-031
   1019.0578256153884        1.0429074542551720E-031
   1021.6977965834416        9.6192675975853202E-032
   1024.3377675514946        8.8696680822009825E-032
   1026.9777385195478        8.1760188919062162E-032
   1029.6177094876009        7.5343465244957365E-032
   1032.2576804556541        6.9409435230411982E-032
   1034.8976514237072        6.3923519067410835E-032
   1037.5376223917604        5.8853475411462709E-032
   1040.1775933598133        5.4169254011608229E-032
   1042.8175643278664        4.9842856820622077E-032
   1045.4575352959196        4.5848207155909460E-032
   1048.0975062639727        4.2161026499217061E-032
   1050.7374772320259        3.8758718540482693E-032
   1053.3774482000790        3.5620260087895787E-032
   1056.0174191681322        3.2726098482535350E-032
   1058.6573901361851        3.0058055171793140E-032
   1061.2973611042382        2.7599235111152213E-032
   1063.9373320722914        2.5333941678798678E-032
   1066.5773030403445        2.3247596801964714E-032
   1069.2172740083977        2.1326666007866489E-032
   1071.8572449764508        1.9558588125583097E-032
   1074.4972159445038        1.7931709378247954E-032
   1077.1371869125569        1.6435221617478654E-032
   1079.7771578806100        1.5059104464075628E-032
   1082.4171288486632        1.3794071130663204E-032
   1085.0570998167163        1.2631517713153649E-032
   1087.6970707847695        1.1563475748677231E-032
   1090.3370417528224        1.0582567847956579E-032
   1092.9770127208756        9.6819662200184009E-033
   1095.6169836889287        8.8553539166391488E-033
   1098.2569546569819        8.0968886330191527E-033
   1100.8969256250350        7.4011689098922738E-033
   1103.5368965930882        6.7632025906035044E-033
   1106.1768675611413        6.1783773946447553E-033
   1108.8168385291942        5.6424334767359575E-033
   1111.4568094972474        5.1514378477865552E-033
   1114.0967804653005        4.7017605409831263E-033
   1116.7367514333537        4.2900524128309677E-033
   1119.3767224014068        3.9132244752463576E-033
   1122.0166933694600        3.5684286607574936E-033
   1124.6566643375129        3.2530399285425546E-033
   1127.2966353055660        2.9646396244173174E-033
   1129.9366062736192        2.7010000130010006E-033
   1132.5765772416723        2.4600699051387242E-033
   1135.2165482097255        2.2399613082618530E-033
   1137.8565191777786        2.0389370317270793E-033
   1140.4964901458316        1.8553991833038901E-033
   1143.1364611138847        1.6878784968889461E-033
   1145.7764320819379        1.5350244352220975E-033
   1148.4164030499910        1.3955960148735367E-033
   1151.0563740180442        1.2684533040727152E-033
   1153.6963449860973        1.1525495470670467E-033
   1156.3363159541505        1.0469238716399372E-033
   1158.9762869222034        9.5069453919131953E-034
   1161.6162578902565        8.6305269939916810E-034
   1164.2562288583097        7.8325661394305034E-034
   1166.8961998263628        7.1062631609004960E-034
   1169.5361707944160        6.4453867512532379E-034
   1172.1761417624691        5.8442283666171162E-034
   1174.8161127305220        5.2975601179175685E-034
   1177.4560836985752        4.8005958985726260E-034
   1180.0960546666283        4.3489555131323763E-034
   1182.7360256346815        3.9386315875915336E-034
   1185.3759966027346        3.5659590570840432E-034
   1188.0159675707878        3.2275870407019912E-034
   1190.6559385388409        2.9204529263363198E-034
   1193.2959095068938        2.6417585007528553E-034
   1195.9358804749470        2.3889479716446737E-034
   1198.5758514430001        2.1596877391886296E-034
   1201.2158224110533        1.9518477847155726E-034
   1203.8557933791064        1.7634845535306748E-034
   1206.4957643471596        1.5928252177215106E-034
   1209.1357353152125        1.4382532130119257E-034
   1211.7757062832657        1.2982949513891595E-034
   1214.4156772513188        1.1716076183854920E-034
   1217.0556482193720        1.0569679705653124E-034
   1219.6956191874251        9.5326205498293516E-035
   1222.3355901554783        8.5947577816494696E-035
   1224.9755611235314        7.7468625755895792E-035
   1227.6155320915843        6.9805389340470770E-035
   1230.2555030596375        6.2881510364654239E-035
   1232.8954740276906        5.6627566884117839E-035
   1235.5354449957438        5.0980463804262870E-035
   1238.1754159637969        4.5882875038709830E-035
   1240.8153869318501        4.1282733057346862E-035
   1243.4553578999030        3.7132761965742235E-035
   1246.0953288679561        3.3390050556583288E-035
   1248.7352998360093        3.0015662050892645E-035
   1251.3752708040624        2.6974277503482985E-035
   1254.0152417721156        2.4233870084934819E-035
   1256.6552127401687        2.1765407672511689E-035
   1259.2951837082217        1.9542581386163308E-035
   1261.9351546762748        1.7541557894204455E-035
   1264.5751256443280        1.5740753487480409E-035
   1267.2150966123811        1.4120628081846596E-035
   1269.8550675804343        1.2663497457520840E-035
   1272.4950385484874        1.1353362181209329E-035
   1275.1350095165405        1.0175751783652389E-035
   1277.7749804845935        9.1175828821803303E-036
   1280.4149514526466        8.1670300456995988E-036
   1283.0549224206998        7.3134082989262975E-036
   1285.6948933887529        6.5470662542645016E-036
   1288.3348643568061        5.8592889440684116E-036
   1290.9748353248592        5.2422095036724284E-036
   1293.6148062929121        4.6887289270178754E-036
   1296.2547772609653        4.1924431824236523E-036
   1298.8947482290184        3.7475770364687102E-036
   1301.5347191970716        3.3489239894811835E-036
   1304.1746901651247        2.9917917771424281E-036
   1306.8146611331779        2.6719529395533147E-036
   1309.4546321012308        2.3856000021073029E-036
   1312.0946030692839        2.1293048519606027E-036
   1314.7345740373371        1.8999819300704534E-036
   1317.3745450053902        1.6948548919380386E-036
   1320.0145159734434        1.5114264205860498E-036
   1322.6544869414965        1.3474509031414417E-036
   1325.2944579095497        1.2009097078843628E-036
   1327.9344288776026        1.0699888219554707E-036
   1330.5743998456558        9.5305863125906661E-037
   1333.2143708137089        8.4865564361933530E-037
   1335.8543417817621        7.5546597409208798E-037
   1338.4943127498152        6.7231042763982150E-037
   1341.1342837178684        5.9813102927256943E-037
   1343.7742546859213        5.3197886535568731E-037
   1346.4142256539744        4.7300311219767607E-037
   1349.0541966220276        4.2044113935479784E-037
   1351.6941675900807        3.7360958541556769E-037
   1354.3341385581339        3.3189631344248844E-037
   1356.9741095261870        2.9475316182637691E-037
   1359.6140804942402        2.6168941412280392E-037
   1362.2540514622931        2.3226591855477244E-037
   1364.8940224303462        2.0608979434159147E-037
   1367.5339933983994        1.8280966790567017E-037
   1370.1739643664525        1.6211138736715171E-037
   1372.8139353345057        1.4371416860784532E-037
   1375.4539063025588        1.2736713061263900E-037
   1378.0938772706118        1.1284618181813203E-037
   1380.7338482386649        9.9951222849830690E-038
   1383.3738192067181        8.8503634344052275E-038
   1386.0137901747712        7.8344021558199359E-038
   1388.6537611428244        6.9330190201130572E-038
   1391.2937321108775        6.1335330388673338E-038
   1393.9337030789306        5.4246387870984959E-038
   1396.5736740469836        4.7962603709405215E-038
   1399.2136450150367        4.2394205419658439E-038
   1401.8536159830899        3.7461234263365944E-038
   1404.4935869511430        3.3092494876585458E-038
   1407.1335579191962        2.9224614787181788E-038
   1409.7735288872493        2.5801202605390135E-038
   1412.4134998553022        2.2772094786077645E-038
   1415.0534708233554        2.0092681867954225E-038
   1417.6934417914085        1.7723306004302775E-038
   1420.3334127594617        1.5628722420845622E-038
   1422.9733837275148        1.3777618177421521E-038
   1425.6133546955680        1.2142182278744326E-038
   1428.2533256636209        1.0697721782541886E-038
   1430.8932966316740        9.4223190970238392E-039
   1433.5332675997272        8.2965261496039319E-039
   1436.1732385677803        7.3030915502000015E-039
   1438.8132095358335        6.4267172699637410E-039
   1441.4531805038866        5.6538417141487625E-039
   1444.0931514719398        4.9724463898652723E-039
   1446.7331224399927        4.3718836591720878E-039
   1449.3730934080459        3.8427233284622843E-039
   1452.0130643760990        3.3766160592797893E-039
   1454.6530353441522        2.9661717961261975E-039
   1457.2930063122053        2.6048515958389784E-039
   1459.9329772802585        2.2868714128449960E-039
   1462.5729482483114        2.0071165469384212E-039
   1465.2129192163645        1.7610655969293078E-039
   1467.8528901844177        1.5447228861175878E-039
   1470.4928611524708        1.3545584354829584E-039
   1473.1328321205240        1.1874546590157949E-039
   1475.7728030885771        1.0406590438994341E-039
   1478.4127740566300        9.1174215732749612E-040
   1481.0527450246832        7.9856039253597923E-040
   1483.6927159927363        6.9922292999438690E-040
   1486.3326869607895        6.1206244639007796E-040
   1488.9726579288426        5.3560915474330924E-040
   1491.6126288968958        4.6856780432017618E-040
   1494.2525998649489        4.0979730952401659E-040
   1496.8925708330019        3.5829271314044670E-040
   1499.5325418010550        3.1316922163611118E-040
   1502.1725127691082        2.7364807907041690E-040
   1504.8124837371613        2.3904407193442250E-040
   1507.4524547052144        2.0875448020847728E-040
   1510.0924256732676        1.8224931042160132E-040
   1512.7323966413205        1.5906266476384742E-040
   1515.3723676093737        1.3878511658333891E-040
   1518.0123385774268        1.2105697710351042E-040
   1520.6523095454800        1.0556235111250582E-040
   1523.2922805135331        9.2023890875552304E-041
   1525.9322514815863        8.0198167754265059E-041
   1528.5722224496394        6.9871590120439376E-041
   1531.2121934176923        6.0856804247714701E-041
   1533.8521643857455        5.2989522061694636E-041
   1536.4921353537986        4.6125726025056061E-041
   1539.1321063218518        4.0139207116178011E-041
   1541.7720772899049        3.4919396905748022E-041
   1544.4120482579581        3.0369459215340034E-041
   1547.0520192260110        2.6404610817242933E-041
   1549.6919901940641        2.2950644161413960E-041
   1552.3319611621173        1.9942628242912666E-041
   1554.9719321301704        1.7323766495661412E-041
   1557.6119030982236        1.5044393055434213E-041
   1560.2518740662767        1.3061090911612350E-041
   1562.8918450343299        1.1335917394883132E-041
   1565.5318160023828        9.8357241545469319E-042
   1568.1717869704360        8.5315602892923681E-042
   1570.8117579384891        7.3981486313356236E-042
   1573.4517289065423        6.4134263653414009E-042
   1576.0916998745954        5.5581422080954017E-042
   1578.7316708426486        4.8155032980099115E-042
   1581.3716418107015        4.1708657590723759E-042
   1584.0116127787546        3.6114636240769694E-042
   1586.6515837468078        3.1261714378222996E-042
   1589.2915547148609        2.7052964221207519E-042
   1591.9315256829141        2.3403965795356741E-042
   1594.5714966509672        2.0241215493874530E-042
   1597.2114676190201        1.7500734145051272E-042
   1599.8514385870733        1.5126849964608563E-042
   1602.4914095551264        1.3071134759185217E-042
   1605.1313805231796        1.1291474379726556E-042
   1607.7713514912327        9.7512567412325868E-043
   1610.4113224592859        8.4186627651523884E-043
   1613.0512934273390        7.2660473954387214E-043
   1615.6912643953920        6.2693994177684869E-043
   1618.3312353634451        5.4078701992927012E-043
   1620.9712063314983        4.6633626861145500E-043
   1623.6111772995514        4.0201730674666939E-043
   1626.2511482676045        3.4646784569439248E-043
   1628.8911192356577        2.9850647677072503E-043
   1631.5310902037106        2.5710896840823047E-043
   1634.1710611717638        2.2138762685643929E-043
   1636.8110321398169        1.9057333016210927E-043
   1639.4510031078701        1.6399989412983342E-043
   1642.0909740759232        1.4109047188074490E-043
   1644.7309450439764        1.2134572623365920E-043
   1647.3709160120293        1.0433354707470222E-043
   1650.0108869800824        8.9680114727578848E-044
   1652.6508579481356        7.7062135587647351E-044
   1655.2908289161887        6.6200098379473952E-044
   1657.9307998842419        5.6852418727343253E-044
   1660.5707708522950        4.8810356631775636E-044
   1663.2107418203482        4.1893606222242860E-044
   1665.8507127884011        3.5946470070012271E-044
   1668.4906837564542        3.0834541626647765E-044
   1671.1306547245074        2.6441829206147181E-044
   1673.7706256925605        2.2668263530084108E-044
   1676.4105966606137        1.9427538361925827E-044
   1679.0505676286668        1.6645240305898159E-044
   1681.6905385967198        1.4257229557702326E-044
   1684.3305095647729        1.2208238374378808E-044
   1686.9704805328261        1.0450658371049778E-044
   1689.6104515008792        8.9434915339862255E-045
   1692.2504224689324        7.6514431332975589E-045
   1694.8903934369855        6.5441375865008097E-045
   1697.5303644050387        5.5954408205223046E-045
   1700.1703353730916        4.7828748517777888E-045
   1702.8103063411447        4.0871121933311156E-045
   1705.4502773091979        3.4915393410122701E-045
   1708.0902482772510        2.9818800184611138E-045
   1710.7302192453042        2.5458701020249732E-045
   1713.3701902133573        2.1729772244406708E-045
   1716.0101611814102        1.8541589923593618E-045
   1718.6501321494634        1.5816545654351191E-045
   1721.2901031175165        1.3488050499419962E-045
   1723.9300740855697        1.1498987717056151E-045
   1726.5700450536228        9.8003802373936262E-046
   1729.2100160216760        8.3502434398494679E-046
   1731.8499869897291        7.1125977723938147E-046
   1734.4899579577821        6.0566192076279534E-046
   1737.1299289258352        5.1559085222650624E-046
   1739.7698998938884        4.3878629768336155E-046
   1742.4098708619415        3.7331362143526286E-046
   1745.0498418299946        3.1751741365718470E-046
   1747.6898127980478        2.6998161942593364E-046
   1750.3297837661007        2.2949529788713260E-046
   1752.9697547341539        1.9502322570500201E-046
   1755.6097257022070        1.6568066730979905E-046
   1758.2496966702602        1.4071172807113564E-046
   1760.8896676383133        1.1947078736581854E-046
   1763.5296386063665        1.0140657829542262E-046
   1766.1696095744194        8.6048541033788819E-047
   1768.8095805424725        7.2995128740975885E-047
   1771.4495515105257        6.1903789788397875E-047
   1774.0895224785788        5.2482388670895459E-047
   1776.7294934466320        4.4481861275968021E-047
   1779.3694644146851        3.7689928866173353E-047
   1782.0094353827383        3.1925719837694545E-047
   1784.6494063507912        2.7035169591177880E-047
   1787.2893773188443        2.2887087161508331E-047
   1789.9293482868975        1.9369793008597475E-047
   1792.5693192549506        1.6388245923688128E-047
   1795.2092902230038        1.3861588659384659E-047
   1797.8492611910569        1.1721051909312467E-047
   1800.4892321591099        9.9081648719219096E-048
   1803.1292031271630        8.3732280282345499E-048
   1805.7691740952162        7.0740101142727441E-048
   1808.4091450632693        5.9746367211857661E-048
   1811.0491160313225        5.0446426353774512E-048
   1813.6890869993756        4.2581640454998126E-048
   1816.3290579674285        3.5932501863420025E-048
   1818.9690289354817        3.0312769417803159E-048
   1821.6089999035348        2.5564474592640485E-048
   1824.2489708715880        2.1553669963753462E-048
   1826.8889418396411        1.8166810770709479E-048
   1829.5289128076943        1.5307676253918233E-048
   1832.1688837757474        1.2894751056264869E-048
   1834.8088547438003        1.0858998627317464E-048
   1837.4488257118535        9.1419685326400873E-049
   1840.0887966799066        7.6941880921259097E-049
   1842.7287676479598        6.4737960562340424E-049
   1845.3687386160129        5.4453822549237152E-049
   1848.0087095840661        4.5790024732052485E-049
   1850.6486805521190        3.8493423501592355E-049
   1853.2886515201722        3.2350079770394315E-049
   1855.9286224882253        2.7179241807086998E-049
   1858.5685934562784        2.2828243034561670E-049
   1861.2085644243316        1.9168176997469166E-049
   1863.8485353923847        1.6090232250403459E-049
   1866.4885063604379        1.3502587432122328E-049
   1869.1284773284908        1.1327781715792529E-049
   1871.7684482965440        9.5004885393146381E-050
   1874.4084192645971        7.9656313472436301E-050
   1877.0483902326503        6.6767892936175069E-050
   1879.6883612007034        5.5948486999896963E-050
   1882.3283321687566        4.6868627373940544E-050
   1884.9683031368095        3.9250874777237669E-050
   1887.6082741048626        3.2861672866577425E-050
   1890.2482450729158        2.7504466328067693E-050
   1892.8882160409689        2.3013888737017546E-050
   1895.5281870090221        1.9250855403283549E-050
   1898.1681579770752        1.6098421563523517E-050
   1900.8081289451284        1.3458287626658628E-050
   1903.4480999131813        1.1247851292508105E-050
   1906.0880708812344        9.3977217303106254E-051
   1908.7280418492876        7.8496240360314288E-051
   1911.3680128173407        6.5546332361791568E-051
   1914.0079837853939        5.4716864701454060E-051
   1916.6479547534470        4.5663299171601994E-051
   1919.2879257215000        3.8096637541059160E-051
   1921.9278966895531        3.1774541205802443E-051
   1924.5678676576063        2.6493858840878966E-051
   1927.2078386256594        2.2084340738973900E-051
   1929.8478095937126        1.8403352997986993E-051
   1932.4877805617657        1.5331433875436709E-051
   1935.1277515298186        1.2768559275148241E-051
   1937.7677224978718        1.0631005161760567E-051
   1940.4076934659249        8.8487122968275682E-052
   1943.0476644339781        7.3630735534147260E-052
   1945.6876354020312        6.1250766151843730E-052
   1948.3276063700844        5.0937454579625567E-052
   1950.9675773381375        4.2348329490415674E-052
   1953.6075483061904        3.5197244381466895E-052
   1956.2475192742436        2.9245185709104382E-052
   1958.8874902422967        2.4292569144193789E-052
   1961.5274612103499        2.0172785002360271E-052
   1964.1674321784030        1.6746791946243911E-052
   1966.8074031464562        1.3898590096164505E-052
   1969.4473741145091        1.1531431659529894E-052
   1972.0873450825623        9.5646498917638765E-053
   1974.7273160506154        7.9310063028202716E-053
   1977.3672870186685        6.5744720896393455E-053
   1980.0072579867217        5.4483732841810979E-053
   1982.6472289547748        4.5138404622691436E-053
   1985.2871999228278        3.7385134007680785E-053
   1987.9271708908809        3.0954590866015803E-053
   1990.5671418589341        2.5622682128148781E-053
   1993.2071128269872        2.1203009482801845E-053
   1995.8470837950404        1.7540575105993101E-053
   1998.4870547630935        1.4506530510565732E-053
   2001.1270257311467        1.1993796980138528E-053
   2003.7669966991996        9.9134140354205811E-054
   2006.4069676672527        8.1914958369760319E-054
   2009.0469386353059        6.7666950832480206E-054
   2011.6869096033590        5.5880904268226044E-054
   2014.3268805714122        4.6134272191580852E-054
   2016.9668515394653        3.8076529358903842E-054
   2019.6068225075182        3.1416982940339278E-054
   2022.2467934755714        2.5914631534494326E-054
   2024.8867644436245        2.1369730535952401E-054
   2027.5267354116777        1.7616778874216351E-054
   2030.1667063797308        1.4518689374230930E-054
   2032.8066773477840        1.1961944453762401E-054
   2035.4466483158371        9.8525718383698136E-055
   2038.0866192838901        8.1128025023376717E-055
   2040.7265902519432        6.6782960234881560E-055
   2043.3665612199964        5.4958377167203393E-055
   2046.0065321880495        4.5214279096265852E-055
   2048.6465031561024        3.7186970662768795E-055
   2051.2864741241556        3.0575915895717586E-055
   2053.9264450922087        2.5132844044129662E-055
   2056.5664160602619        2.0652721493833723E-055
   2059.2063870283150        1.6966272395578261E-055
   2061.8463579963682        1.3933784213985188E-055
   2064.4863289644213        1.1439979011350829E-055
   2067.1262999324745        9.3897683989474182E-056
   2069.7662709005276        7.7047409679439646E-056
   2072.4062418685808        6.3202566930581913E-056
   2075.0462128366339        5.1830441530507148E-056
   2077.6861838046871        4.2492141576987342E-056
   2080.3261547727398        3.4826181151756274E-056
   2082.9661257407929        2.8534917205905511E-056
   2085.6060967088461        2.3373347156539625E-056
   2088.2460676768992        1.9139859108638796E-056
   2090.8860386449524        1.5668596666206706E-056
   2093.5260096130055        1.2823158408877117E-056
   2096.1659805810586        1.0491400303652390E-056
   2098.8059515491118        8.5811492768867865E-057
   2101.4459225171649        7.0166692867743207E-057
   2104.0858934852181        5.7357486740357439E-057
   2106.7258644532712        4.6873002945602659E-057
   2109.3658354213244        3.8293847556042841E-057
   2112.0058063893775        3.1275826540396185E-057
   2114.6457773574302        2.5536546052306779E-057
   2117.2857483254834        2.0844385145367940E-057
   2119.9257192935365        1.7009423620755795E-057
   2122.5656902615897        1.3875980621222505E-057
   2125.2056612296428        1.1316479842147113E-057
   2127.8456321976960        9.2264070163096495E-058
   2130.4856031657491        7.5201664508729038E-058
   2133.1255741338023        6.1276773499822334E-058
   2135.7655451018554        4.9915786847695669E-058
   2138.4055160699086        4.0649345016568366E-058
   2141.0454870379617        3.3093506401168408E-058
   2143.6854580060149        2.6934295663675466E-058
   2146.3254289740676        2.1915030022193924E-058
   2148.9653999421207        1.7825927201492340E-058
   2151.6053709101739        1.4495586849556812E-058
   2154.2453418782270        1.1784009782604967E-058
   2156.8853128462802        9.5768791673966959E-059
   2159.5252838143333        7.7808769301282055E-059
   2162.1652547823865        6.3198491519635268E-059
   2164.8052257504396        5.1316675044117492E-059
   2167.4451967184928        4.1656611578234538E-059
   2170.0851676865459        3.3805161064837976E-059
   2172.7251386545990        2.7425573545410677E-059
   2175.3651096226522        2.2243446077986535E-059
   2178.0050805907053        1.8035246019365572E-059
   2180.6450515587580        1.4618934498801360E-059
   2183.2850225268112        1.1846308066859139E-059
   2185.9249934948643        9.5967455631407189E-060
   2188.5649644629175        7.7721039006309611E-060
   2191.2049354309706        6.2925529267788882E-060
   2193.8449063990238        5.0931776137337385E-060
   2196.4848773670769        4.1212070505919184E-060
   2199.1248483351301        3.3337552908943106E-060
   2201.7648193031832        2.6959800613219386E-060
   2204.4047902712364        2.1795824944866922E-060
   2207.0447612392895        1.7615850931821754E-060
   2209.6847322073427        1.4233366265474250E-060
   2212.3247031753958        1.1497020609006106E-060
   2214.9646741434485        9.2840331748989181E-061
   2217.6046451115017        7.4948293617249027E-061
   2220.2446160795548        6.0486786237304184E-061
   2222.8845870476080        4.8801477307558839E-061
   2225.5245580156611        3.9362178695984786E-061
   2228.1645289837143        3.1739420410126684E-061
   2230.8044999517674        2.5585420660414306E-061
   2233.4444709198206        2.0618631702596225E-061
   2236.0844418878737        1.6611193334965296E-061
   2238.7244128559269        1.3378750046782931E-061
   2241.3643838239800        1.0772189011795280E-061
   2244.0043547920332        8.6709386031413445E-062
   2246.6443257600863        6.9775343136540779E-062
   2249.2842967281390        5.6132137104546493E-062
   2251.9242676961921        4.5143466321226490E-062
   2254.5642386642453        3.6295431270987618E-062
   2257.2042096322984        2.9173111654665230E-062
   2259.8441806003516        2.3441601835735183E-062
   2262.4841515684047        1.8830660626119994E-062
   2265.1241225364579        1.5122290308483254E-062
   2267.7640935045110        1.2140688935974181E-062
   2270.4040644725642        9.7441248878605222E-063
   2273.0440354406173        7.8183679015080095E-063
   2275.6840064086705        6.2713800229826027E-063
   2278.3239773767236        5.0290261137767314E-063
   2280.9639483447763        4.0316091571806104E-063
   2283.6039193128295        3.2310726086716383E-063
   2286.2438902808826        2.5887420448537634E-063
   2288.8838612489358        2.0735026982163183E-063
   2291.5238322169889        1.6603291883594302E-063
   2294.1638031850421        1.3290997425738146E-063
   2296.8037741530952        1.0636401454281151E-063
   2299.4437451211484        8.5095314161333898E-064
   2302.0837160892015        6.8059750436280792E-064
   2304.7236870572547        5.4418785139192673E-064
   2307.3636580253078        4.3499184837458932E-064
   2310.0036289933610        3.4760593551627651E-064
   2312.6435999614141        2.7769434780839413E-064
   2315.2835709294668        2.2177913786926871E-064
   2317.9235418975200        1.7707128470161820E-064
   2320.5635128655731        1.4133488985488772E-064
   2323.2034838336263        1.1277801157362116E-064
   2325.8434548016794        8.9964938169670472E-065
   2328.4834257697325        7.1745711260068029E-065
   2331.1233967377857        5.7199523953902210E-065
   2333.7633677058388        4.5589276004871703E-065
   2336.4033386738920        3.6325097671114459E-065
   2339.0433096419451        2.8935081042001739E-065
   2341.6832806099983        2.3041801711396414E-065
   2344.3232515780514        1.8343490906871423E-065
   2346.9632225461046        1.4598941458280495E-065
   2349.6031935141573        1.1615410753280867E-065
   2352.2431644822104        9.2389285163863716E-066
   2354.8831354502636        7.3465336702428540E-066
   2357.5231064183167        5.8400581866253850E-066
   2360.1630773863699        4.6411511419828961E-066
   2362.8030483544230        3.6872967318381614E-066
   2365.4430193224762        2.9286286512056980E-066
   2368.0829902905293        2.3253823363329030E-066
   2370.7229612585825        1.8458579572560710E-066
   2373.3629322266356        1.4647922576608609E-066
   2376.0029031946888        1.1620575715334913E-066
   2378.6428741627419        9.2162258164433576E-067
   2381.2828451307951        7.3072240881626830E-067
   2383.9228160988478        5.7919606532564106E-067
   2386.5627870669009        4.5895767901206110E-067
   2389.2027580349541        3.6357460540536904E-067
   2391.8427290030072        2.8793092186541262E-067
   2394.4826999710604        2.2795910425674773E-067
   2397.1226709391135        1.8042613499825886E-067
   2399.7626419071667        1.4276305161936260E-067
   2402.4026128752198        1.1292915382652456E-067
   2405.0425838432730        8.9303854153908173E-068
   2407.6825548113261        7.0600570475540215E-068
   2410.3225257793792        5.5798188513730567E-068
   2412.9624967474324        4.4086525524813680E-068
   2415.6024677154855        3.4822947890122105E-068
   2418.2424386835382        2.7497871690658821E-068
   2420.8824096515914        2.1707335575866494E-068
   2423.5223806196445        1.7131202633202734E-068
   2426.1623515876977        1.3515841162903980E-068
   2428.8023225557508        1.0660368175342021E-068
   2431.4422935238040        8.4057259872661045E-069
   2434.0822644918571        6.6260110393806639E-069
   2436.7222354599103        5.2215926190778561E-069
   2439.3622064279634        4.1136536454045864E-069
   2442.0021773960166        3.2398609295853538E-069
   2444.6421483640697        2.5509322543896047E-069
   2447.2821193321229        2.0079153261262554E-069
   2449.9220903001760        1.5800316240002303E-069
   2452.5620612682287        1.2429683820320019E-069
   2455.2020322362819        9.7752596749911035E-070
   2457.8420032043350        7.6854702601718134E-070
   2460.4819741723882        6.0406895078337252E-070
   2463.1219451404413        4.7465330224504334E-070
   2465.7619161084945        3.7285539202497822E-070
   2468.4018870765476        2.9280485911394876E-070
   2471.0418580446008        2.2987411147913506E-070
   2473.6818290126539        1.8041630420335652E-070
   2476.3217999807071        1.4155833221591351E-070
   2478.9617709487602        1.1103733537983346E-070
   2481.6017419168134        8.7071608230212710E-071
   2484.2417128848660        6.8258704869939482E-071
   2486.8816838529192        5.3495033838286892E-071
   2489.5216548209723        4.1912429553294506E-071
   2492.1616257890255        3.2828130831716482E-071
   2494.8015967570786        2.5705344341939763E-071
   2497.4415677251318        2.0122162394617055E-071
   2500.0815386931849        1.5747072561487145E-071
   2502.7215096612381        1.2319666891166549E-071
   2505.3614806292912        9.6354513099024309E-072
   2508.0014515973444        7.5338872890281626E-072
   2510.6414225653975        5.8889808172498707E-072
   2513.2813935334507        4.6018782679184525E-072
   2515.9213645015038        3.5950429260367169E-072
   2518.5613354695565        2.8076760933780824E-072
   2521.2013064376097        2.1921178549279897E-072
   2523.8412774056628        1.7110187484735353E-072
   2526.4812483737160        1.3351178824237722E-072
   2529.1212193417691        1.0414979870181563E-072
   2531.7611903098223        8.1221543145850311E-073
   2534.4011612778754        6.3322495179086693E-073
   2537.0411322459286        4.9353594237146346E-073
   2539.6811032139817        3.8455063978130916E-073
   2542.3210741820349        2.9954513995598924E-073
   2544.9610451500880        2.3326254326966920E-073
   2547.6010161181412        1.8159409679713280E-073
   2550.2409870861943        1.4132937545933723E-073
   2552.8809580542470        1.0996061198385236E-073
   2555.5209290223002        8.5529484358183621E-074
   2558.1608999903533        6.6507183790520303E-074
   2560.8008709584064        5.1700561959647535E-074
   2563.4408419264596        4.0178708425802466E-074
   2566.0808128945127        3.1215527970939655E-074
   2568.7207838625659        2.4244844578900113E-074
   2571.3607548306190        1.8825309823806762E-074
   2574.0007257986722        1.4612982725958553E-074
   2576.6406967667253        1.1339910361386390E-074
   2579.2806677347785        8.7974009623792534E-075
   2581.9206387028316        6.8229653733497179E-075
   2584.5606096708848        5.2901253877323523E-075
   2587.2005806389375        4.1004619314660899E-075
   2589.8405516069906        3.1774126790789613E-075
   2592.4805225750438        2.4614356566072381E-075
   2595.1204935430969        1.9062391120067648E-075
   2597.7604645111501        1.4758434485556677E-075
   2600.4004354792032        1.1422922657489252E-075
   2603.0404064472564        8.8386962967962472E-076
   2605.6803774153095        6.8371202663622340E-076
   2608.3203483833627        5.2872794075961013E-076
   2610.9603193514158        4.0875712857259451E-076
   2613.6002903194690        3.1591660664614830E-076
   2616.2402612875221        2.4409203706523519E-076
   2618.8802322555748        1.8854230372668086E-076
   2621.5202032236280        1.4559218036801851E-076
   2624.1601741916811        1.1239353629486087E-076
   2626.8001451597343        8.6739850352932004E-077
   2629.4401161277874        6.6922175397967562E-077
   2632.0800870958406        5.1617323514840245E-077
   2634.7200580638937        3.9801089951961122E-077
   2637.3600290319469        3.0680928819301366E-077
