   3.8047079622602738E-002   5.5447827073406923E-009
   26.438009032542983        4.2432327688729546E-009
   52.837970985463357        3.1550157831037958E-009
   79.237932938383736        2.2792846777042563E-009
   105.63789489130411        1.5998820315482457E-009
   132.03785684422448        1.0911129382661691E-009
   158.43781879714487        7.2300916973086996E-010
   184.83778075006526        4.6548989766209315E-010
   211.23774270298563        2.9118504739136711E-010
   237.63770465590599        1.7697838777859003E-010
   264.03766660882638        1.0451142134470160E-010
   290.43762856174681        5.9965247257169370E-011
   316.83759051466717        3.3429344312053250E-011
   343.23755246758753        1.8107080940322445E-011
   369.63751442050796        9.5293084019855063E-012
   396.03747637342832        4.8726663767680303E-012
   422.43743832634868        2.4208301883827657E-012
   448.83740027926905        1.1685689188769073E-012
   475.23736223218941        5.4807083272755670E-013
   501.63732418510983        2.4975339747191543E-013
   528.03728613803014        1.1058048086473988E-013
   554.43724809095056        4.7570519970464285E-014
   580.83721004387098        1.9883355517425241E-014
   607.23717199679129        8.0748378883835614E-015
   633.63713394971171        3.1861799575823611E-015
   660.03709590263213        1.2215159597823420E-015
   686.43705785555244        4.5500937491578120E-016
   712.83701980847286        1.6467736113474062E-016
   739.23698176139328        5.7908165670239446E-017
   765.63694371431359        1.9785091921707101E-017
   792.03690566723401        6.5679326610451286E-018
   818.43686762015432        2.1184180370382978E-018
   844.83682957307474        6.6387603970187749E-019
   871.23679152599516        2.0214112509422508E-019
   897.63675347891547        5.9801863534373839E-020
   924.03671543183589        1.7189653067642055E-020
   950.43667738475619        4.8007806192480464E-021
   976.83663933767662        1.3027136520046284E-021
   1003.2366012905970        3.4346178552355395E-022
   1029.6365632435175        8.7983297994122131E-023
   1056.0365251964377        2.1898501935702220E-023
   1082.4364871493581        5.2956701906115887E-024
   1108.8364491022785        1.2442848364426440E-024
   1135.2364110551989        2.8406062767402140E-025
   1161.6363730081193        6.3007845723251791E-026
   1188.0363349610398        1.3579087123772533E-026
   1214.4362969139599        2.8434059864747900E-027
   1240.8362588668804        5.7849489002670678E-028
   1267.2362208198008        1.1435430945856985E-028
   1293.6361827727212        2.1963315454033289E-029
   1320.0361447256416        4.0986007751097679E-030
   1346.4361066785618        7.4313153547325596E-031
   1372.8360686314822        1.3091461108664076E-031
   1399.2360305844027        2.2407990070510668E-032
   1425.6359925373231        3.7265765074585941E-033
   1452.0359544902435        6.0215671702391152E-034
   1478.4359164431639        9.4536905785893113E-035
   1504.8358783960841        1.4420674926539959E-035
   1531.2358403490045        2.1372835608963623E-036
   1557.6358023019250        3.0777338328994140E-037
   1584.0357642548454        4.3061814616757359E-038
   1610.4357262077658        5.8539087742561343E-039
   1636.8356881606860        7.7320014794623520E-040
   1663.2356501136064        9.9227091492041180E-041
   1689.6356120665268        1.2372599350819015E-041
   1716.0355740194473        1.4989391159533136E-042
   1742.4355359723677        1.7644095148724849E-043
   1768.8354979252879        2.0179348662401322E-044
   1795.2354598782083        2.2423698853299057E-045
   1821.6354218311287        2.4210274598004803E-046
   1848.0353837840491        2.5397123646469884E-047
   1874.4353457369696        2.5885806851349098E-048
   1900.8353076898898        2.5634876782940853E-049
   1927.2352696428102        2.4665681382557673E-050
   1953.6352315957306        2.3059365607774237E-051
   1980.0351935486510        2.0945655101595459E-052
   2006.4351555015714        1.8485572100116398E-053
   2032.8351174544919        1.5851274933609160E-054
   2059.2350794074123        1.3206503673041846E-055
   2085.6350413603327        1.0690644037911971E-056
   2112.0350033132527        8.4083781890190724E-058
   2138.4349652661731        6.4255892425592752E-059
   2164.8349272190935        4.7709628779987540E-060
   2191.2348891720139        3.4418462810674596E-061
   2217.6348511249344        2.4125107527240931E-062
   2244.0348130778548        1.6430069491707889E-063
   2270.4347750307752        1.0871811101348438E-064
   2296.8347369836956        6.9896712609802124E-066
   2323.2346989366160        4.3662033443927628E-067
   2349.6346608895365        2.6499856394782271E-068
   2376.0346228424569        1.5626993731073122E-069
   2402.4345847953768        8.9536416844085388E-071
   2428.8345467482973        4.9844396008996476E-072
   2455.2345087012177        2.6960337227679349E-073
   2481.6344706541381        1.4168590794339679E-074
   2508.0344326070585        7.2346970490388455E-076
   2534.4343945599790        3.5892722162226298E-077
   2560.8343565128994        1.7301541526241862E-078
   2587.2343184658198        8.1031813153320131E-080
   2613.6342804187402        3.6873865644649732E-081
   2640.0342423716606        1.6303248044308202E-082
   2666.4342043245811        7.0036100669917574E-084
   2692.8341662775010        2.9232242680081154E-085
   2719.2341282304214        1.1854811903645770E-086
   2745.6340901833419        4.6711041923901090E-088
   2772.0340521362623        1.7882852593217316E-089
   2798.4340140891827        6.6519104463463413E-091
   2824.8339760421031        2.4040768461925403E-092
   2851.2339379950236        8.4419476119469570E-094
   2877.6338999479440        2.8802442260894743E-095
   2904.0338619008644        9.5479103293179799E-097
   2930.4338238537848        3.0752448757270722E-098
   2956.8337858067052        9.6237300064055175E-100
   2983.2337477596252        2.9261697220289868E-101
   3009.6337097125456        8.6446606403526013E-103
   3036.0336716654660        2.4813540795629431E-104
   3062.4336336183865        6.9202516505512710E-106
   3088.8335955713069        1.8751991147745988E-107
   3115.2335575242273        4.9370240863751095E-109
   3141.6335194771477        1.2629188855999119E-110
   3168.0334814300682        3.1389039341215065E-112
   3194.4334433829886        7.5800652828692805E-114
   3220.8334053359090        1.7785260169081713E-115
   3247.2333672888290        4.0545238008166636E-117
   3273.6333292417494        8.9807341543972182E-119
   3300.0332911946698        1.9327522263568962E-120
   3326.4332531475902        4.0414096925316168E-122
   3352.8332151005106        8.2107330069688486E-124
   3379.2331770534311        1.6207772667937120E-125
   3405.6331390063515        3.1085445655795427E-127
   3432.0331009592719        5.7927290388529040E-129
   3458.4330629121923        1.0488217518162211E-130
   3484.8330248651127        1.8450685749867979E-132
   3511.2329868180332        3.1536659811219619E-134
   3537.6329487709531        5.2373455604233998E-136
   3564.0329107238736        8.4508252424154276E-138
   3590.4328726767940        1.3248886117805368E-139
   3616.8328346297144        2.0181431504882707E-141
   3643.2327965826348        2.9868741511141023E-143
   3669.6327585355552        4.2951094536148627E-145
   3696.0327204884757        6.0010037986685729E-147
   3722.4326824413961        8.1464036014384262E-149
   3748.8326443943165        1.0744848559252031E-150
   3775.2326063472369        1.3769780895746285E-152
   3801.6325683001569        1.7145340554099349E-154
   3828.0325302530773        2.0742330831767339E-156
   3854.4324922059977        2.4381552320278323E-158
   3880.8324541589182        2.7845659207001954E-160
   3907.2324161118386        3.0899112782651889E-162
   3933.6323780647590        3.3314006827599832E-164
   3960.0323400176794        3.4897963674101352E-166
   3986.4323019705998        3.5519402949493515E-168
   4012.8322639235203        3.5125586366029370E-170
   4039.2322258764407        3.3750006715694544E-172
   4065.6321878293611        3.1507685317485055E-174
   4092.0321497822811        2.8579293597475193E-176
   4118.4321117352019        2.5187138812426533E-178
   4144.8320736881224        2.1567436911313770E-180
   4171.2320356410428        1.7943641836384075E-182
   4197.6319975939632        1.4504908800560653E-184
   4224.0319595468827        1.1392309315348885E-186
   4250.4319214998031        8.6936247133364401E-189
   4276.8318834527236        6.4458821957361780E-191
   4303.2318454056440        4.6436148845916010E-193
   4329.6318073585644        3.2502920085746830E-195
   4356.0317693114848        2.2104511441736231E-197
   4382.4317312644052        1.4606017474234828E-199
   4408.8316932173257        9.3772407518530453E-202
   4435.2316551702461        5.8493912564173639E-204
   4461.6316171231665        3.5451827863086099E-206
   4488.0315790760869        2.0876560442182481E-208
   4514.4315410290073        1.1944600185932588E-210
   4540.8315029819278        6.6401309274585182E-213
   4567.2314649348482        3.5865263251074989E-215
   4593.6314268877686        1.8821912845107034E-217
   4620.0313888406890        9.5972287919600479E-220
   4646.4313507936095        4.7546690524043096E-222
   4672.8313127465299        2.2886906398144282E-224
   4699.2312746994503        1.0704003650381577E-226
   4725.6312366523707        4.8640469531470192E-229
   4752.0311986052911        2.1475417893551424E-231
   4778.4311605582116        9.2125072698068456E-234
   4804.8311225111311        3.8397806749620016E-236
   4831.2310844640515        1.5549890977576485E-238
   4857.6310464169719        6.1184389837209408E-241
   4884.0310083698923        2.3390864506540058E-243
   4910.4309703228128        8.6884892500078734E-246
   4936.8309322757332        3.1357008082517895E-248
   4963.2308942286536        1.0995559240770642E-250
   4989.6308561815740        3.7462122745902278E-253
   5016.0308181344944        1.2401088226229448E-255
   5042.4307800874149        3.9885915694745473E-258
   5068.8307420403353        1.2464409011574220E-260
   5095.2307039932557        3.7845667660573633E-263
   5121.6306659461761        1.1164852911735226E-265
   5148.0306278990965        3.2002373942011903E-268
   5174.4305898520170        8.9125861361061070E-271
   5200.8305518049374        2.4116686599784606E-273
   5227.2305137578578        6.3405056548816379E-276
   5253.6304757107782        1.6196549539872802E-278
   5280.0304376636986        4.0198835109343337E-281
   5306.4303996166191        9.6938609896084536E-284
   5332.8303615695395        2.2712893370790371E-286
   5359.2303235224590        5.1705946374708432E-289
   5385.6302854753794        1.1436703862302308E-291
   5412.0302474282998        2.4578400411977448E-294
   5438.4302093812203        5.1321425338938043E-297
   5464.8301713341407        1.0412047931892711E-299
   5491.2301332870611        2.0524187001157424E-302
   5517.6300952399815        3.9308649398033038E-305
   5544.0300571929019        7.3148030346759300E-308
   5570.4300191458224        1.3225420996936174E-310
   5596.8299810987428        2.3233183881407663E-313
   5623.2299430516632        3.9655215141372618E-316
   5649.6299050045836        6.5763595920990804E-319
   5676.0298669575041        1.0573004821002676E-321
   5702.4298289104245        0.0000000000000000     
   5728.8297908633449        0.0000000000000000     
   5755.2297528162653        0.0000000000000000     
   5781.6297147691857        0.0000000000000000     
   5808.0296767221062        0.0000000000000000     
   5834.4296386750266        0.0000000000000000     
   5860.8296006279470        0.0000000000000000     
   5887.2295625808674        0.0000000000000000     
   5913.6295245337878        0.0000000000000000     
   5940.0294864867074        0.0000000000000000     
   5966.4294484396278        0.0000000000000000     
   5992.8294103925482        0.0000000000000000     
   6019.2293723454686        0.0000000000000000     
   6045.6293342983890        0.0000000000000000     
   6072.0292962513095        0.0000000000000000     
   6098.4292582042299        0.0000000000000000     
   6124.8292201571503        0.0000000000000000     
   6151.2291821100707        0.0000000000000000     
   6177.6291440629911        0.0000000000000000     
   6204.0291060159116        0.0000000000000000     
   6230.4290679688320        0.0000000000000000     
   6256.8290299217524        0.0000000000000000     
   6283.2289918746728        0.0000000000000000     
   6309.6289538275933        0.0000000000000000     
   6336.0289157805137        0.0000000000000000     
   6362.4288777334341        0.0000000000000000     
   6388.8288396863545        0.0000000000000000     
   6415.2288016392749        0.0000000000000000     
   6441.6287635921954        0.0000000000000000     
   6468.0287255451158        0.0000000000000000     
   6494.4286874980353        0.0000000000000000     
   6520.8286494509557        0.0000000000000000     
   6547.2286114038761        0.0000000000000000     
   6573.6285733567966        0.0000000000000000     
   6600.0285353097170        0.0000000000000000     
   6626.4284972626374        0.0000000000000000     
   6652.8284592155578        0.0000000000000000     
   6679.2284211684782        0.0000000000000000     
   6705.6283831213987        0.0000000000000000     
   6732.0283450743191        0.0000000000000000     
   6758.4283070272395        0.0000000000000000     
   6784.8282689801599        0.0000000000000000     
   6811.2282309330803        0.0000000000000000     
   6837.6281928860008        0.0000000000000000     
   6864.0281548389212        0.0000000000000000     
   6890.4281167918416        0.0000000000000000     
   6916.8280787447620        0.0000000000000000     
   6943.2280406976824        0.0000000000000000     
   6969.6280026506029        0.0000000000000000     
   6996.0279646035233        0.0000000000000000     
   7022.4279265564437        0.0000000000000000     
   7048.8278885093632        0.0000000000000000     
   7075.2278504622836        0.0000000000000000     
   7101.6278124152041        0.0000000000000000     
   7128.0277743681245        0.0000000000000000     
   7154.4277363210449        0.0000000000000000     
   7180.8276982739653        0.0000000000000000     
   7207.2276602268857        0.0000000000000000     
   7233.6276221798062        0.0000000000000000     
   7260.0275841327266        0.0000000000000000     
   7286.4275460856470        0.0000000000000000     
   7312.8275080385674        0.0000000000000000     
   7339.2274699914879        0.0000000000000000     
   7365.6274319444083        0.0000000000000000     
   7392.0273938973287        0.0000000000000000     
   7418.4273558502491        0.0000000000000000     
   7444.8273178031695        0.0000000000000000     
   7471.2272797560900        0.0000000000000000     
   7497.6272417090104        0.0000000000000000     
   7524.0272036619308        0.0000000000000000     
   7550.4271656148512        0.0000000000000000     
   7576.8271275677716        0.0000000000000000     
   7603.2270895206912        0.0000000000000000     
   7629.6270514736116        0.0000000000000000     
   7656.0270134265320        0.0000000000000000     
   7682.4269753794524        0.0000000000000000     
   7708.8269373323728        0.0000000000000000     
   7735.2268992852933        0.0000000000000000     
   7761.6268612382137        0.0000000000000000     
   7788.0268231911341        0.0000000000000000     
   7814.4267851440545        0.0000000000000000     
   7840.8267470969749        0.0000000000000000     
   7867.2267090498954        0.0000000000000000     
   7893.6266710028158        0.0000000000000000     
   7920.0266329557362        0.0000000000000000     
   7946.4265949086566        0.0000000000000000     
   7972.8265568615770        0.0000000000000000     
   7999.2265188144975        0.0000000000000000     
   8025.6264807674179        0.0000000000000000     
   8052.0264427203383        0.0000000000000000     
   8078.4264046732587        0.0000000000000000     
   8104.8263666261792        0.0000000000000000     
   8131.2263285790996        0.0000000000000000     
   8157.6262905320200        0.0000000000000000     
   8184.0262524849395        0.0000000000000000     
   8210.4262144378608        0.0000000000000000     
   8236.8261763907813        0.0000000000000000     
   8263.2261383437017        0.0000000000000000     
   8289.6261002966221        0.0000000000000000     
   8316.0260622495425        0.0000000000000000     
   8342.4260242024629        0.0000000000000000     
   8368.8259861553834        0.0000000000000000     
   8395.2259481083038        0.0000000000000000     
   8421.6259100612242        0.0000000000000000     
   8448.0258720141428        0.0000000000000000     
   8474.4258339670632        0.0000000000000000     
   8500.8257959199836        0.0000000000000000     
   8527.2257578729041        0.0000000000000000     
   8553.6257198258245        0.0000000000000000     
   8580.0256817787449        0.0000000000000000     
   8606.4256437316653        0.0000000000000000     
   8632.8256056845858        0.0000000000000000     
   8659.2255676375062        0.0000000000000000     
   8685.6255295904266        0.0000000000000000     
   8712.0254915433470        0.0000000000000000     
   8738.4254534962674        0.0000000000000000     
   8764.8254154491879        0.0000000000000000     
   8791.2253774021083        0.0000000000000000     
   8817.6253393550287        0.0000000000000000     
   8844.0253013079491        0.0000000000000000     
   8870.4252632608695        0.0000000000000000     
   8896.8252252137900        0.0000000000000000     
   8923.2251871667104        0.0000000000000000     
   8949.6251491196308        0.0000000000000000     
   8976.0251110725512        0.0000000000000000     
   9002.4250730254716        0.0000000000000000     
   9028.8250349783921        0.0000000000000000     
   9055.2249969313125        0.0000000000000000     
   9081.6249588842329        0.0000000000000000     
   9108.0249208371533        0.0000000000000000     
   9134.4248827900738        0.0000000000000000     
   9160.8248447429942        0.0000000000000000     
   9187.2248066959146        0.0000000000000000     
   9213.6247686488350        0.0000000000000000     
   9240.0247306017554        0.0000000000000000     
   9266.4246925546759        0.0000000000000000     
   9292.8246545075963        0.0000000000000000     
   9319.2246164605167        0.0000000000000000     
   9345.6245784134371        0.0000000000000000     
   9372.0245403663575        0.0000000000000000     
   9398.4245023192780        0.0000000000000000     
   9424.8244642721984        0.0000000000000000     
   9451.2244262251188        0.0000000000000000     
   9477.6243881780392        0.0000000000000000     
   9504.0243501309596        0.0000000000000000     
   9530.4243120838801        0.0000000000000000     
   9556.8242740368005        0.0000000000000000     
   9583.2242359897191        0.0000000000000000     
   9609.6241979426395        0.0000000000000000     
   9636.0241598955599        0.0000000000000000     
   9662.4241218484804        0.0000000000000000     
   9688.8240838014008        0.0000000000000000     
   9715.2240457543212        0.0000000000000000     
   9741.6240077072416        0.0000000000000000     
   9768.0239696601620        0.0000000000000000     
   9794.4239316130825        0.0000000000000000     
   9820.8238935660029        0.0000000000000000     
   9847.2238555189233        0.0000000000000000     
   9873.6238174718437        0.0000000000000000     
   9900.0237794247641        0.0000000000000000     
   9926.4237413776846        0.0000000000000000     
   9952.8237033306050        0.0000000000000000     
   9979.2236652835254        0.0000000000000000     
   10005.623627236446        0.0000000000000000     
   10032.023589189366        0.0000000000000000     
   10058.423551142287        0.0000000000000000     
   10084.823513095207        0.0000000000000000     
   10111.223475048128        0.0000000000000000     
   10137.623437001048        0.0000000000000000     
   10164.023398953968        0.0000000000000000     
   10190.423360906889        0.0000000000000000     
   10216.823322859809        0.0000000000000000     
   10243.223284812730        0.0000000000000000     
   10269.623246765650        0.0000000000000000     
   10296.023208718570        0.0000000000000000     
   10322.423170671491        0.0000000000000000     
   10348.823132624411        0.0000000000000000     
   10375.223094577332        0.0000000000000000     
   10401.623056530252        0.0000000000000000     
   10428.023018483173        0.0000000000000000     
   10454.422980436093        0.0000000000000000     
   10480.822942389013        0.0000000000000000     
   10507.222904341934        0.0000000000000000     
   10533.622866294854        0.0000000000000000     
   10560.022828247775        0.0000000000000000     
   10586.422790200695        0.0000000000000000     
   10612.822752153616        0.0000000000000000     
   10639.222714106536        0.0000000000000000     
   10665.622676059456        0.0000000000000000     
   10692.022638012377        0.0000000000000000     
   10718.422599965295        0.0000000000000000     
   10744.822561918216        0.0000000000000000     
   10771.222523871136        0.0000000000000000     
   10797.622485824057        0.0000000000000000     
   10824.022447776977        0.0000000000000000     
   10850.422409729897        0.0000000000000000     
   10876.822371682818        0.0000000000000000     
   10903.222333635738        0.0000000000000000     
   10929.622295588659        0.0000000000000000     
   10956.022257541579        0.0000000000000000     
   10982.422219494500        0.0000000000000000     
   11008.822181447420        0.0000000000000000     
   11035.222143400340        0.0000000000000000     
   11061.622105353261        0.0000000000000000     
   11088.022067306181        0.0000000000000000     
   11114.422029259102        0.0000000000000000     
   11140.821991212022        0.0000000000000000     
   11167.221953164943        0.0000000000000000     
   11193.621915117863        0.0000000000000000     
   11220.021877070783        0.0000000000000000     
   11246.421839023704        0.0000000000000000     
   11272.821800976624        0.0000000000000000     
   11299.221762929545        0.0000000000000000     
   11325.621724882465        0.0000000000000000     
   11352.021686835385        0.0000000000000000     
   11378.421648788306        0.0000000000000000     
   11404.821610741226        0.0000000000000000     
   11431.221572694147        0.0000000000000000     
   11457.621534647067        0.0000000000000000     
   11484.021496599988        0.0000000000000000     
   11510.421458552908        0.0000000000000000     
   11536.821420505828        0.0000000000000000     
   11563.221382458749        0.0000000000000000     
   11589.621344411669        0.0000000000000000     
   11616.021306364590        0.0000000000000000     
   11642.421268317510        0.0000000000000000     
   11668.821230270431        0.0000000000000000     
   11695.221192223351        0.0000000000000000     
   11721.621154176271        0.0000000000000000     
   11748.021116129192        0.0000000000000000     
   11774.421078082112        0.0000000000000000     
   11800.821040035033        0.0000000000000000     
   11827.221001987953        0.0000000000000000     
   11853.620963940872        0.0000000000000000     
   11880.020925893792        0.0000000000000000     
   11906.420887846713        0.0000000000000000     
   11932.820849799633        0.0000000000000000     
   11959.220811752553        0.0000000000000000     
   11985.620773705474        0.0000000000000000     
   12012.020735658394        0.0000000000000000     
   12038.420697611315        0.0000000000000000     
   12064.820659564235        0.0000000000000000     
   12091.220621517155        0.0000000000000000     
   12117.620583470076        0.0000000000000000     
   12144.020545422996        0.0000000000000000     
   12170.420507375917        0.0000000000000000     
   12196.820469328837        0.0000000000000000     
   12223.220431281758        0.0000000000000000     
   12249.620393234678        0.0000000000000000     
   12276.020355187598        0.0000000000000000     
   12302.420317140519        0.0000000000000000     
   12328.820279093439        0.0000000000000000     
   12355.220241046360        0.0000000000000000     
   12381.620202999280        0.0000000000000000     
   12408.020164952201        0.0000000000000000     
   12434.420126905121        0.0000000000000000     
   12460.820088858041        0.0000000000000000     
   12487.220050810962        0.0000000000000000     
   12513.620012763882        0.0000000000000000     
   12540.019974716803        0.0000000000000000     
   12566.419936669723        0.0000000000000000     
   12592.819898622643        0.0000000000000000     
   12619.219860575564        0.0000000000000000     
   12645.619822528484        0.0000000000000000     
   12672.019784481405        0.0000000000000000     
   12698.419746434325        0.0000000000000000     
   12724.819708387246        0.0000000000000000     
   12751.219670340166        0.0000000000000000     
   12777.619632293086        0.0000000000000000     
   12804.019594246007        0.0000000000000000     
   12830.419556198927        0.0000000000000000     
   12856.819518151848        0.0000000000000000     
   12883.219480104768        0.0000000000000000     
   12909.619442057689        0.0000000000000000     
   12936.019404010609        0.0000000000000000     
   12962.419365963528        0.0000000000000000     
   12988.819327916448        0.0000000000000000     
   13015.219289869368        0.0000000000000000     
   13041.619251822289        0.0000000000000000     
   13068.019213775209        0.0000000000000000     
   13094.419175728130        0.0000000000000000     
   13120.819137681050        0.0000000000000000     
   13147.219099633970        0.0000000000000000     
   13173.619061586891        0.0000000000000000     
   13200.019023539811        0.0000000000000000     
   13226.418985492732        0.0000000000000000     
   13252.818947445652        0.0000000000000000     
   13279.218909398573        0.0000000000000000     
   13305.618871351493        0.0000000000000000     
   13332.018833304413        0.0000000000000000     
   13358.418795257334        0.0000000000000000     
   13384.818757210254        0.0000000000000000     
   13411.218719163175        0.0000000000000000     
   13437.618681116095        0.0000000000000000     
   13464.018643069016        0.0000000000000000     
   13490.418605021936        0.0000000000000000     
   13516.818566974856        0.0000000000000000     
   13543.218528927777        0.0000000000000000     
   13569.618490880697        0.0000000000000000     
   13596.018452833618        0.0000000000000000     
   13622.418414786538        0.0000000000000000     
   13648.818376739458        0.0000000000000000     
   13675.218338692379        0.0000000000000000     
   13701.618300645299        0.0000000000000000     
   13728.018262598220        0.0000000000000000     
   13754.418224551140        0.0000000000000000     
   13780.818186504061        0.0000000000000000     
   13807.218148456981        0.0000000000000000     
   13833.618110409901        0.0000000000000000     
   13860.018072362822        0.0000000000000000     
   13886.418034315742        0.0000000000000000     
   13912.817996268663        0.0000000000000000     
   13939.217958221583        0.0000000000000000     
   13965.617920174504        0.0000000000000000     
   13992.017882127424        0.0000000000000000     
   14018.417844080344        0.0000000000000000     
   14044.817806033265        0.0000000000000000     
   14071.217767986185        0.0000000000000000     
   14097.617729939104        0.0000000000000000     
   14124.017691892024        0.0000000000000000     
   14150.417653844945        0.0000000000000000     
   14176.817615797865        0.0000000000000000     
   14203.217577750785        0.0000000000000000     
   14229.617539703706        0.0000000000000000     
   14256.017501656626        0.0000000000000000     
   14282.417463609547        0.0000000000000000     
   14308.817425562467        0.0000000000000000     
   14335.217387515388        0.0000000000000000     
   14361.617349468308        0.0000000000000000     
   14388.017311421228        0.0000000000000000     
   14414.417273374149        0.0000000000000000     
   14440.817235327069        0.0000000000000000     
   14467.217197279990        0.0000000000000000     
   14493.617159232910        0.0000000000000000     
   14520.017121185831        0.0000000000000000     
   14546.417083138751        0.0000000000000000     
   14572.817045091671        0.0000000000000000     
   14599.217007044592        0.0000000000000000     
   14625.616968997512        0.0000000000000000     
   14652.016930950433        0.0000000000000000     
   14678.416892903353        0.0000000000000000     
   14704.816854856273        0.0000000000000000     
   14731.216816809194        0.0000000000000000     
   14757.616778762114        0.0000000000000000     
   14784.016740715035        0.0000000000000000     
   14810.416702667955        0.0000000000000000     
   14836.816664620876        0.0000000000000000     
   14863.216626573796        0.0000000000000000     
   14889.616588526716        0.0000000000000000     
   14916.016550479637        0.0000000000000000     
   14942.416512432557        0.0000000000000000     
   14968.816474385478        0.0000000000000000     
   14995.216436338398        0.0000000000000000     
   15021.616398291319        0.0000000000000000     
   15048.016360244239        0.0000000000000000     
   15074.416322197159        0.0000000000000000     
   15100.816284150080        0.0000000000000000     
   15127.216246103000        0.0000000000000000     
   15153.616208055921        0.0000000000000000     
   15180.016170008841        0.0000000000000000     
   15206.416131961760        0.0000000000000000     
   15232.816093914680        0.0000000000000000     
   15259.216055867601        0.0000000000000000     
   15285.616017820521        0.0000000000000000     
   15312.015979773441        0.0000000000000000     
   15338.415941726362        0.0000000000000000     
   15364.815903679282        0.0000000000000000     
   15391.215865632203        0.0000000000000000     
   15417.615827585123        0.0000000000000000     
   15444.015789538043        0.0000000000000000     
   15470.415751490964        0.0000000000000000     
   15496.815713443884        0.0000000000000000     
   15523.215675396805        0.0000000000000000     
   15549.615637349725        0.0000000000000000     
   15576.015599302646        0.0000000000000000     
   15602.415561255566        0.0000000000000000     
   15628.815523208486        0.0000000000000000     
   15655.215485161407        0.0000000000000000     
   15681.615447114327        0.0000000000000000     
   15708.015409067248        0.0000000000000000     
   15734.415371020168        0.0000000000000000     
   15760.815332973089        0.0000000000000000     
   15787.215294926009        0.0000000000000000     
   15813.615256878929        0.0000000000000000     
   15840.015218831850        0.0000000000000000     
   15866.415180784770        0.0000000000000000     
   15892.815142737691        0.0000000000000000     
   15919.215104690611        0.0000000000000000     
   15945.615066643531        0.0000000000000000     
   15972.015028596452        0.0000000000000000     
   15998.414990549372        0.0000000000000000     
   16024.814952502293        0.0000000000000000     
   16051.214914455213        0.0000000000000000     
   16077.614876408134        0.0000000000000000     
   16104.014838361054        0.0000000000000000     
   16130.414800313974        0.0000000000000000     
   16156.814762266895        0.0000000000000000     
   16183.214724219815        0.0000000000000000     
   16209.614686172736        0.0000000000000000     
   16236.014648125656        0.0000000000000000     
   16262.414610078577        0.0000000000000000     
   16288.814572031497        0.0000000000000000     
   16315.214533984417        0.0000000000000000     
   16341.614495937336        0.0000000000000000     
   16368.014457890256        0.0000000000000000     
   16394.414419843179        0.0000000000000000     
   16420.814381796099        0.0000000000000000     
   16447.214343749019        0.0000000000000000     
   16473.614305701940        0.0000000000000000     
   16500.014267654860        0.0000000000000000     
   16526.414229607781        0.0000000000000000     
   16552.814191560701        0.0000000000000000     
   16579.214153513622        0.0000000000000000     
   16605.614115466542        0.0000000000000000     
   16632.014077419462        0.0000000000000000     
   16658.414039372383        0.0000000000000000     
   16684.814001325303        0.0000000000000000     
   16711.213963278224        0.0000000000000000     
   16737.613925231144        0.0000000000000000     
   16764.013887184065        0.0000000000000000     
   16790.413849136985        0.0000000000000000     
   16816.813811089905        0.0000000000000000     
   16843.213773042826        0.0000000000000000     
   16869.613734995746        0.0000000000000000     
   16896.013696948663        0.0000000000000000     
   16922.413658901583        0.0000000000000000     
   16948.813620854504        0.0000000000000000     
   16975.213582807424        0.0000000000000000     
   17001.613544760345        0.0000000000000000     
   17028.013506713265        0.0000000000000000     
   17054.413468666186        0.0000000000000000     
   17080.813430619106        0.0000000000000000     
   17107.213392572026        0.0000000000000000     
   17133.613354524947        0.0000000000000000     
   17160.013316477867        0.0000000000000000     
   17186.413278430788        0.0000000000000000     
   17212.813240383708        0.0000000000000000     
   17239.213202336628        0.0000000000000000     
   17265.613164289549        0.0000000000000000     
   17292.013126242469        0.0000000000000000     
   17318.413088195390        0.0000000000000000     
   17344.813050148310        0.0000000000000000     
   17371.213012101231        0.0000000000000000     
   17397.612974054151        0.0000000000000000     
   17424.012936007071        0.0000000000000000     
   17450.412897959992        0.0000000000000000     
   17476.812859912912        0.0000000000000000     
   17503.212821865833        0.0000000000000000     
   17529.612783818753        0.0000000000000000     
   17556.012745771674        0.0000000000000000     
   17582.412707724594        0.0000000000000000     
   17608.812669677514        0.0000000000000000     
   17635.212631630435        0.0000000000000000     
   17661.612593583355        0.0000000000000000     
   17688.012555536276        0.0000000000000000     
   17714.412517489196        0.0000000000000000     
   17740.812479442116        0.0000000000000000     
   17767.212441395037        0.0000000000000000     
   17793.612403347957        0.0000000000000000     
   17820.012365300878        0.0000000000000000     
   17846.412327253798        0.0000000000000000     
   17872.812289206719        0.0000000000000000     
   17899.212251159639        0.0000000000000000     
   17925.612213112559        0.0000000000000000     
   17952.012175065480        0.0000000000000000     
   17978.412137018400        0.0000000000000000     
   18004.812098971321        0.0000000000000000     
   18031.212060924241        0.0000000000000000     
   18057.612022877162        0.0000000000000000     
   18084.011984830082        0.0000000000000000     
   18110.411946783002        0.0000000000000000     
   18136.811908735923        0.0000000000000000     
   18163.211870688843        0.0000000000000000     
   18189.611832641764        0.0000000000000000     
   18216.011794594684        0.0000000000000000     
   18242.411756547604        0.0000000000000000     
   18268.811718500525        0.0000000000000000     
   18295.211680453445        0.0000000000000000     
   18321.611642406366        0.0000000000000000     
   18348.011604359286        0.0000000000000000     
   18374.411566312207        0.0000000000000000     
   18400.811528265127        0.0000000000000000     
   18427.211490218047        0.0000000000000000     
   18453.611452170968        0.0000000000000000     
   18480.011414123888        0.0000000000000000     
   18506.411376076809        0.0000000000000000     
   18532.811338029729        0.0000000000000000     
   18559.211299982650        0.0000000000000000     
   18585.611261935570        0.0000000000000000     
   18612.011223888490        0.0000000000000000     
   18638.411185841411        0.0000000000000000     
   18664.811147794331        0.0000000000000000     
   18691.211109747252        0.0000000000000000     
   18717.611071700172        0.0000000000000000     
   18744.011033653092        0.0000000000000000     
   18770.410995606013        0.0000000000000000     
   18796.810957558933        0.0000000000000000     
   18823.210919511854        0.0000000000000000     
   18849.610881464774        0.0000000000000000     
   18876.010843417695        0.0000000000000000     
   18902.410805370615        0.0000000000000000     
   18928.810767323535        0.0000000000000000     
   18955.210729276456        0.0000000000000000     
   18981.610691229376        0.0000000000000000     
   19008.010653182297        0.0000000000000000     
   19034.410615135217        0.0000000000000000     
   19060.810577088138        0.0000000000000000     
   19087.210539041058        0.0000000000000000     
   19113.610500993978        0.0000000000000000     
   19140.010462946899        0.0000000000000000     
   19166.410424899816        0.0000000000000000     
   19192.810386852736        0.0000000000000000     
   19219.210348805656        0.0000000000000000     
   19245.610310758577        0.0000000000000000     
   19272.010272711497        0.0000000000000000     
   19298.410234664418        0.0000000000000000     
   19324.810196617338        0.0000000000000000     
   19351.210158570258        0.0000000000000000     
   19377.610120523179        0.0000000000000000     
   19404.010082476099        0.0000000000000000     
   19430.410044429020        0.0000000000000000     
   19456.810006381940        0.0000000000000000     
   19483.209968334861        0.0000000000000000     
   19509.609930287781        0.0000000000000000     
   19536.009892240701        0.0000000000000000     
   19562.409854193622        0.0000000000000000     
   19588.809816146542        0.0000000000000000     
   19615.209778099463        0.0000000000000000     
   19641.609740052383        0.0000000000000000     
   19668.009702005304        0.0000000000000000     
   19694.409663958224        0.0000000000000000     
   19720.809625911144        0.0000000000000000     
   19747.209587864065        0.0000000000000000     
   19773.609549816985        0.0000000000000000     
   19800.009511769906        0.0000000000000000     
   19826.409473722826        0.0000000000000000     
   19852.809435675746        0.0000000000000000     
   19879.209397628667        0.0000000000000000     
   19905.609359581587        0.0000000000000000     
   19932.009321534508        0.0000000000000000     
   19958.409283487428        0.0000000000000000     
   19984.809245440349        0.0000000000000000     
   20011.209207393269        0.0000000000000000     
   20037.609169346189        0.0000000000000000     
   20064.009131299110        0.0000000000000000     
   20090.409093252030        0.0000000000000000     
   20116.809055204951        0.0000000000000000     
   20143.209017157871        0.0000000000000000     
   20169.608979110792        0.0000000000000000     
   20196.008941063712        0.0000000000000000     
   20222.408903016632        0.0000000000000000     
   20248.808864969553        0.0000000000000000     
   20275.208826922473        0.0000000000000000     
   20301.608788875394        0.0000000000000000     
   20328.008750828314        0.0000000000000000     
   20354.408712781234        0.0000000000000000     
   20380.808674734155        0.0000000000000000     
   20407.208636687075        0.0000000000000000     
   20433.608598639996        0.0000000000000000     
   20460.008560592916        0.0000000000000000     
   20486.408522545837        0.0000000000000000     
   20512.808484498757        0.0000000000000000     
   20539.208446451677        0.0000000000000000     
   20565.608408404598        0.0000000000000000     
   20592.008370357518        0.0000000000000000     
   20618.408332310439        0.0000000000000000     
   20644.808294263359        0.0000000000000000     
   20671.208256216280        0.0000000000000000     
   20697.608218169200        0.0000000000000000     
   20724.008180122120        0.0000000000000000     
   20750.408142075041        0.0000000000000000     
   20776.808104027961        0.0000000000000000     
   20803.208065980882        0.0000000000000000     
   20829.608027933802        0.0000000000000000     
   20856.007989886722        0.0000000000000000     
   20882.407951839643        0.0000000000000000     
   20908.807913792563        0.0000000000000000     
   20935.207875745484        0.0000000000000000     
   20961.607837698404        0.0000000000000000     
   20988.007799651325        0.0000000000000000     
   21014.407761604245        0.0000000000000000     
   21040.807723557165        0.0000000000000000     
   21067.207685510086        0.0000000000000000     
   21093.607647463006        0.0000000000000000     
   21120.007609415927        0.0000000000000000     
   21146.407571368847        0.0000000000000000     
   21172.807533321768        0.0000000000000000     
   21199.207495274688        0.0000000000000000     
   21225.607457227608        0.0000000000000000     
   21252.007419180529        0.0000000000000000     
   21278.407381133449        0.0000000000000000     
   21304.807343086370        0.0000000000000000     
   21331.207305039290        0.0000000000000000     
   21357.607266992210        0.0000000000000000     
   21384.007228945131        0.0000000000000000     
   21410.407190898048        0.0000000000000000     
   21436.807152850968        0.0000000000000000     
   21463.207114803889        0.0000000000000000     
   21489.607076756809        0.0000000000000000     
   21516.007038709729        0.0000000000000000     
   21542.407000662650        0.0000000000000000     
   21568.806962615570        0.0000000000000000     
   21595.206924568491        0.0000000000000000     
   21621.606886521411        0.0000000000000000     
   21648.006848474331        0.0000000000000000     
   21674.406810427252        0.0000000000000000     
   21700.806772380172        0.0000000000000000     
   21727.206734333093        0.0000000000000000     
   21753.606696286013        0.0000000000000000     
   21780.006658238934        0.0000000000000000     
   21806.406620191854        0.0000000000000000     
   21832.806582144774        0.0000000000000000     
   21859.206544097695        0.0000000000000000     
   21885.606506050615        0.0000000000000000     
   21912.006468003536        0.0000000000000000     
   21938.406429956456        0.0000000000000000     
   21964.806391909377        0.0000000000000000     
   21991.206353862297        0.0000000000000000     
   22017.606315815217        0.0000000000000000     
   22044.006277768138        0.0000000000000000     
   22070.406239721058        0.0000000000000000     
   22096.806201673979        0.0000000000000000     
   22123.206163626899        0.0000000000000000     
   22149.606125579819        0.0000000000000000     
   22176.006087532740        0.0000000000000000     
   22202.406049485660        0.0000000000000000     
   22228.806011438581        0.0000000000000000     
   22255.205973391501        0.0000000000000000     
   22281.605935344422        0.0000000000000000     
   22308.005897297342        0.0000000000000000     
   22334.405859250262        0.0000000000000000     
   22360.805821203183        0.0000000000000000     
   22387.205783156103        0.0000000000000000     
   22413.605745109024        0.0000000000000000     
   22440.005707061944        0.0000000000000000     
   22466.405669014865        0.0000000000000000     
   22492.805630967785        0.0000000000000000     
   22519.205592920705        0.0000000000000000     
   22545.605554873626        0.0000000000000000     
   22572.005516826546        0.0000000000000000     
   22598.405478779467        0.0000000000000000     
   22624.805440732387        0.0000000000000000     
   22651.205402685307        0.0000000000000000     
   22677.605364638228        0.0000000000000000     
   22704.005326591148        0.0000000000000000     
   22730.405288544069        0.0000000000000000     
   22756.805250496989        0.0000000000000000     
   22783.205212449910        0.0000000000000000     
   22809.605174402830        0.0000000000000000     
   22836.005136355750        0.0000000000000000     
   22862.405098308671        0.0000000000000000     
   22888.805060261591        0.0000000000000000     
   22915.205022214512        0.0000000000000000     
   22941.604984167432        0.0000000000000000     
   22968.004946120353        0.0000000000000000     
   22994.404908073273        0.0000000000000000     
   23020.804870026193        0.0000000000000000     
   23047.204831979114        0.0000000000000000     
   23073.604793932034        0.0000000000000000     
   23100.004755884955        0.0000000000000000     
   23126.404717837875        0.0000000000000000     
   23152.804679790795        0.0000000000000000     
   23179.204641743716        0.0000000000000000     
   23205.604603696636        0.0000000000000000     
   23232.004565649557        0.0000000000000000     
   23258.404527602477        0.0000000000000000     
   23284.804489555398        0.0000000000000000     
   23311.204451508318        0.0000000000000000     
   23337.604413461238        0.0000000000000000     
   23364.004375414159        0.0000000000000000     
   23390.404337367079        0.0000000000000000     
   23416.804299320000        0.0000000000000000     
   23443.204261272920        0.0000000000000000     
   23469.604223225841        0.0000000000000000     
   23496.004185178761        0.0000000000000000     
   23522.404147131681        0.0000000000000000     
   23548.804109084602        0.0000000000000000     
   23575.204071037522        0.0000000000000000     
   23601.604032990443        0.0000000000000000     
   23628.003994943363        0.0000000000000000     
   23654.403956896283        0.0000000000000000     
   23680.803918849200        0.0000000000000000     
   23707.203880802121        0.0000000000000000     
   23733.603842755041        0.0000000000000000     
   23760.003804707962        0.0000000000000000     
   23786.403766660882        0.0000000000000000     
   23812.803728613802        0.0000000000000000     
   23839.203690566723        0.0000000000000000     
   23865.603652519643        0.0000000000000000     
   23892.003614472564        0.0000000000000000     
   23918.403576425484        0.0000000000000000     
   23944.803538378404        0.0000000000000000     
   23971.203500331325        0.0000000000000000     
   23997.603462284245        0.0000000000000000     
   24024.003424237166        0.0000000000000000     
   24050.403386190086        0.0000000000000000     
   24076.803348143007        0.0000000000000000     
   24103.203310095927        0.0000000000000000     
   24129.603272048847        0.0000000000000000     
   24156.003234001768        0.0000000000000000     
   24182.403195954688        0.0000000000000000     
   24208.803157907609        0.0000000000000000     
   24235.203119860529        0.0000000000000000     
   24261.603081813450        0.0000000000000000     
   24288.003043766370        0.0000000000000000     
   24314.403005719290        0.0000000000000000     
   24340.802967672211        0.0000000000000000     
   24367.202929625131        0.0000000000000000     
   24393.602891578052        0.0000000000000000     
   24420.002853530972        0.0000000000000000     
   24446.402815483892        0.0000000000000000     
   24472.802777436813        0.0000000000000000     
   24499.202739389733        0.0000000000000000     
   24525.602701342654        0.0000000000000000     
   24552.002663295574        0.0000000000000000     
   24578.402625248495        0.0000000000000000     
   24604.802587201415        0.0000000000000000     
   24631.202549154335        0.0000000000000000     
   24657.602511107256        0.0000000000000000     
   24684.002473060176        0.0000000000000000     
   24710.402435013097        0.0000000000000000     
   24736.802396966017        0.0000000000000000     
   24763.202358918938        0.0000000000000000     
   24789.602320871858        0.0000000000000000     
   24816.002282824778        0.0000000000000000     
   24842.402244777699        0.0000000000000000     
   24868.802206730619        0.0000000000000000     
   24895.202168683540        0.0000000000000000     
   24921.602130636460        0.0000000000000000     
   24948.002092589380        0.0000000000000000     
   24974.402054542301        0.0000000000000000     
   25000.802016495221        0.0000000000000000     
   25027.201978448142        0.0000000000000000     
   25053.601940401062        0.0000000000000000     
   25080.001902353983        0.0000000000000000     
   25106.401864306903        0.0000000000000000     
   25132.801826259823        0.0000000000000000     
   25159.201788212744        0.0000000000000000     
   25185.601750165664        0.0000000000000000     
   25212.001712118585        0.0000000000000000     
   25238.401674071505        0.0000000000000000     
   25264.801636024426        0.0000000000000000     
   25291.201597977346        0.0000000000000000     
   25317.601559930266        0.0000000000000000     
   25344.001521883187        0.0000000000000000     
   25370.401483836107        0.0000000000000000     
   25396.801445789028        0.0000000000000000     
   25423.201407741948        0.0000000000000000     
   25449.601369694868        0.0000000000000000     
   25476.001331647789        0.0000000000000000     
   25502.401293600709        0.0000000000000000     
   25528.801255553630        0.0000000000000000     
   25555.201217506550        0.0000000000000000     
   25581.601179459471        0.0000000000000000     
   25608.001141412391        0.0000000000000000     
   25634.401103365311        0.0000000000000000     
   25660.801065318232        0.0000000000000000     
   25687.201027271152        0.0000000000000000     
   25713.600989224073        0.0000000000000000     
   25740.000951176993        0.0000000000000000     
   25766.400913129914        0.0000000000000000     
   25792.800875082834        0.0000000000000000     
   25819.200837035754        0.0000000000000000     
   25845.600798988675        0.0000000000000000     
   25872.000760941595        0.0000000000000000     
   25898.400722894516        0.0000000000000000     
   25924.800684847432        0.0000000000000000     
   25951.200646800353        0.0000000000000000     
   25977.600608753273        0.0000000000000000     
   26004.000570706194        0.0000000000000000     
   26030.400532659114        0.0000000000000000     
   26056.800494612035        0.0000000000000000     
   26083.200456564955        0.0000000000000000     
   26109.600418517875        0.0000000000000000     
   26136.000380470796        0.0000000000000000     
   26162.400342423716        0.0000000000000000     
   26188.800304376637        0.0000000000000000     
   26215.200266329557        0.0000000000000000     
   26241.600228282477        0.0000000000000000     
   26268.000190235398        0.0000000000000000     
   26294.400152188318        0.0000000000000000     
   26320.800114141239        0.0000000000000000     
   26347.200076094159        0.0000000000000000     
   26373.600038047080        0.0000000000000000     
