WIMPMass 7 maxEnergy 3
0 1 2 3 4
3.85807e3 7.80217e2 1.17519e2 1.13884e1
WIMPMass 10 maxEnergy 5
0 1 2 3 4 5 6
3.57933e3 1.64175e3 6.8943e2 2.6895e2 9.71056e1 3.1689e1
WIMPMass 12 maxEnergy 7
0 1 2 3 4 5 6 7 8 9
3.25519e3 1.87062e3 1.02148e3 5.35371e2 2.70297e2 1.31371e2 6.11388e1 2.69307e1 1.0988e1
WIMPMass 14 maxEnergy 9
0 1 2 3 4 5 6 7 8 9 10 11
2.9442e3 1.93049e3 1.2257e3 7.58077e2 4.58243e2 2.71108e2 1.56994e2 8.88662e1 4.90213e1 2.62157e1 1.34787e1
WIMPMass 17 maxEnergy 12
0 1 2 3 4 5 6 7 8 9 10 11 12 13 14 15
2.54574e3 1.87246e3 1.35279e3 9.62601e2 6.75956e2 4.69039e2 3.2183e2 2.18437e2 1.46665e2 9.73848e1 6.39024e1 4.13914e1 2.64207e1 1.65804e1 1.01964e1
WIMPMass 21 maxEnergy 16
0 1 2 3 4 5 6 7 8 9 10 11 12 13 14 15 16 17 18 19 20
2.13681e3 1.70623e3 1.34958e3 1.05859e3 8.2414e2 6.37265e2 4.89695e2 3.74097e2 2.84185e2 2.14707e2 1.61346e2 1.20599e2 8.96549e1 6.62803e1 4.8716e1 3.55867e1 2.58248e1 1.86065e1 1.33e1 9.42323e
WIMPMass 33 maxEnergy 28
0 1 2 3 4 5 6 7 8 9 10 11 12 13 14 15 16 17 18 19 20 21 22 23 24 25 26 27 28 29 30 31 32 33 34
1.41917e3 1.24378e3 1.08726e3 9.48134e2 8.24913e2 7.16141e2 6.2042e2 5.36424e2 4.62914e2 3.98743e2 3.42858e2 2.94299e2 2.52197e2 2.15767e2 1.84305e2 1.57182e2 1.33842e2 1.13791e2 9.6596e1 8.18737e1 6.9289e1 5.85489e1 4.93973e1 4.16115e1 3.49979e1 2.93887e1 2.46386e1 2.06223e1 1.72317e1 1.43738e1 1.19687e1 9.9479e 8.25275e 6.83316e
WIMPMass 50 maxEnergy 40
0 1 2 3 4 5 6 7 8 9 10 11 12 13 14 15 16 17 18 19 20 21 22 23 24 25 26 27 28 29 30 31 32 33 34 35 36 37 38 39 40 41 42 43 44 45 46 47 48
9.53552e2 8.67709e2 7.88835e2 7.16458e2 6.50123e2 5.89397e2 5.33871e2 4.83154e2 4.3688e2 3.94704e2 3.56301e2 3.21368e2 2.89624e2 2.60803e2 2.3466e2 2.1097e2 1.8952e2 1.70115e2 1.52577e2 1.36739e2 1.22448e2 1.09565e2 9.7959e1 8.75134e1 7.81196e1 6.96782e1 6.20989e1 5.5299e1 4.92031e1 4.37428e1 3.88558e1 3.44854e1 3.05801e1 2.70933e1 2.39827e1 2.12101e1 1.87407e1 1.65433e1 1.45897e1 1.28542e1 1.13138e1 9.94795e 8.73785e 7.66677e 6.71962e 5.88286e 5.14436e 4.49323e
WIMPMass 100 maxEnergy 52
0 1 2 3 4 5 6 7 8 9 10 11 12 13 14 15 16 17 18 19 20 21 22 23 24 25 26 27 28 29 30 31 32 33 34 35 36 37 38 39 40 41 42 43 44 45 46 47 48 49 50 51 52 53 54 55 56 57 58 59 60 61 62 63
4.82543e2 4.50113e2 4.197e2 3.91188e2 3.64469e2 3.3944e2 3.16003e2 2.94064e2 2.73536e2 2.54336e2 2.36385e2 2.19607e2 2.03933e2 1.89295e2 1.75631e2 1.6288e2 1.50987e2 1.39898e2 1.29563e2 1.19935e2 1.10969e2 1.02623e2 9.48575e1 8.76354e1 8.09215e1 7.46828e1 6.88883e1 6.35086e1 5.85166e1 5.38863e1 4.95936e1 4.56158e1 4.19315e1 3.8521e1 3.53653e1 3.2447e1 2.97496e1 2.72578e1 2.49571e1 2.2834e1 2.08761e1 1.90714e1 1.7409e1 1.58786e1 1.44707e1 1.31761e1 1.19867e1 1.08946e1 9.89254e 8.97375e 8.13195e 7.36128e 6.65628e 6.01188e 5.42336e 4.88635e 4.39678e 3.95088e 3.54515e 3.17634e 2.84145e 2.53768e 2.26246e
WIMPMass 400 maxEnergy 60
0 1 2 3 4 5 6 7 8 9 10 11 12 13 14 15 16 17 18 19 20 21 22 23 24 25 26 27 28 29 30 31 32 33 34 35 36 37 38 39 40 41 42 43 44 45 46 47 48 49 50 51 52 53 54 55 56 57 58 59 60 61 62 63 64 65 66 67 68 69 70 71 72
1.21312e2 1.14454e2 1.07953e2 1.01793e2 9.5956e1 9.04273e1 8.51916e1 8.02345e1 7.55423e1 7.11019e1 6.69008e1 6.29272e1 5.91697e1 5.56174e1 5.226e1 4.90878e1 4.60913e1 4.32615e1 4.05899e1 3.80685e1 3.56895e1 3.34455e1 3.13295e1 2.93348e1 2.74551e1 2.56844e1 2.40168e1 2.24469e1 2.09695e1 1.95796e1 1.82725e1 1.70438e1 1.58891e1 1.48045e1 1.37861e1 1.28303e1 1.19335e1 1.10926e1 1.03043e1 9.56571e 8.87404e 8.2266e 7.62086e 7.05442e 6.52502e 6.0305e 5.56881e 5.13803e 4.73633e 4.36196e 4.0133e 3.68879e 3.38696e 3.10643e 2.84588e 2.60407e 2.37985e 2.17208e 1.97975e 1.80185e 1.63746e 1.4857e 1.34574e 1.21681e 1.09818e 9.89142e-1 8.89055e-1 7.97306e-1 7.13317e-1 6.36548e-1 5.66489e-1 5.02663e-1
WIMPMass 1000 maxEnergy 62
0 1 2 3 4 5 6 7 8 9 10 11 12 13 14 15 16 17 18 19 20 21 22 23 24 25 26 27 28 29 30 31 32 33 34 35 36 37 38 39 40 41 42 43 44 45 46 47 48 49 50 51 52 53 54 55 56 57 58 59 60 61 62 63 64 65 66 67 68 69 70 71 72 73 74 75
4.85621e1 4.58879e1 4.33492e1 4.09395e1 3.86529e1 3.64834e1 3.44256e1 3.24742e1 3.0624e1 2.88702e1 2.72083e1 2.56337e1 2.41423e1 2.27299e1 2.13929e1 2.01274e1 1.89299e1 1.77972e1 1.67259e1 1.57131e1 1.47558e1 1.38513e1 1.29969e1 1.219e1 1.14283e1 1.07094e1 1.00313e1 9.39164e 8.78861e 8.22026e 7.68481e 7.18051e 6.70574e 6.25894e 5.83863e 5.44339e 5.07187e 4.72281e 4.39499e 4.08725e 3.79849e 3.52767e 3.2738e 3.03594e 2.81318e 2.6047e 2.40966e 2.22732e 2.05694e 1.89783e 1.74935e 1.61086e 1.48179e 1.36158e 1.2497e 1.14565e 1.04896e 9.59183e-1 8.75892e-1 7.98688e-1 7.27193e-1 6.61048e-1 5.99915e-1 5.43474e-1 4.91424e-1 4.4348e-1 3.99373e-1 3.58848e-1 3.21667e-1 2.87605e-1 2.56448e-1 2.27998e-1 2.02065e-1 1.78472e-1 1.57052e-1
WIMPMass 4000 maxEnergy 62
0 1 2 3 4 5 6 7 8 9 10 11 12 13 14 15 16 17 18 19 20 21 22 23 24 25 26 27 28 29 30 31 32 33 34 35 36 37 38 39 40 41 42 43 44 45 46 47 48 49 50 51 52 53 54 55 56 57 58 59 60 61 62 63 64 65 66 67 68 69 70 71 72 73 74 75
1.21446e1 1.14838e1 1.08559e1 1.02596e1 9.69325e 9.15558e 8.64521e 8.16087e 7.70134e 7.26543e 6.85204e 6.46009e 6.08856e 5.73648e 5.40291e 5.08695e 4.78776e 4.50453e 4.23646e 3.98283e 3.74292e 3.51606e 3.30159e 3.0989e 2.90741e 2.72655e 2.55578e 2.3946e 2.24252e 2.09907e 1.96382e 1.83633e 1.71621e 1.60307e 1.49655e 1.39631e 1.302e 1.21332e 1.12997e 1.05166e 9.78112e-1 9.09079e-1 8.4431e-1 7.83574e-1 7.26648e-1 6.7332e-1 6.23391e-1 5.7667e-1 5.32976e-1 4.92138e-1 4.53992e-1 4.18384e-1 3.85167e-1 3.54202e-1 3.25357e-1 2.98507e-1 2.73533e-1 2.50323e-1 2.2877e-1 2.08774e-1 1.9024e-1 1.73076e-1 1.57198e-1 1.42525e-1 1.2898e-1 1.16492e-1 1.04992e-1 9.44164e-2 8.47037e-2 7.57969e-2 6.76419e-2 6.01877e-2 5.33863e-2 4.71924e-2 4.15635e-2
