WIMPMass 7 maxEnergy 3
0 1 2 3 4
1.87893e3 3.81984e2 5.78396e1 5.63326e
WIMPMass 10 maxEnergy 5
0 1 2 3 4 5 6
1.74376e3 8.04162e2 3.39546e2 1.3319e2 4.83561e1 1.5868e1
WIMPMass 12 maxEnergy 7
0 1 2 3 4 5 6 7 8 9
1.586e3 9.16396e2 5.03175e2 2.6519e2 1.34642e2 6.58108e1 3.0803e1 1.36463e1 5.59983e
WIMPMass 14 maxEnergy 9
0 1 2 3 4 5 6 7 8 9 10 11
1.43457e3 9.45802e2 6.03838e2 3.75557e2 2.28302e2 1.35841e2 7.91177e1 4.50455e1 2.49947e1 1.34461e1 6.95453e
WIMPMass 17 maxEnergy 12
0 1 2 3 4 5 6 7 8 9 10 11 12 13 14 15
1.24048e3 9.17443e2 6.66512e2 4.76938e2 3.36819e2 2.35058e2 1.62221e2 1.10752e2 7.48033e1 4.9967e1 3.29865e1 2.14974e1 1.38072e1 8.71903e 5.39589e
WIMPMass 21 maxEnergy 16
0 1 2 3 4 5 6 7 8 9 10 11 12 13 14 15 16 17 18 19 20
1.04126e3 8.3604e2 6.6498e2 5.24545e2 4.10703e2 3.19406e2 2.46873e2 1.89707e2 1.44971e2 1.10189e2 8.33086e1 6.26538e1 4.68686e1 3.48682e1 2.57921e1 1.89631e1 1.38516e1 1.00463e1 7.22948e 5.1571e
WIMPMass 33 maxEnergy 29
0 1 2 3 4 5 6 7 8 9 10 11 12 13 14 15 16 17 18 19 20 21 22 23 24 25 26 27 28 29 30 31 32 33 34 35
6.9159e2 6.09485e2 5.35776e2 4.69867e2 4.11144e2 3.58998e2 3.12834e2 2.72082e2 2.36203e2 2.04692e2 1.77082e2 1.52945e2 1.31887e2 1.13553e2 9.76193e1 8.3796e1 7.18241e1 6.14729e1 5.25374e1 4.48362e1 3.8209e1 3.25146e1 2.76291e1 2.34438e1 1.98634e1 1.68049e1 1.41961e1 1.19741e1 1.00841e1 8.47892e 7.11762e 5.96485e 4.99011e 4.16718e 3.47348e
WIMPMass 50 maxEnergy 42
0 1 2 3 4 5 6 7 8 9 10 11 12 13 14 15 16 17 18 19 20 21 22 23 24 25 26 27 28 29 30 31 32 33 34 35 36 37 38 39 40 41 42 43 44 45 46 47 48 49 50 51
4.64695e2 4.25214e2 3.88735e2 3.55073e2 3.24048e2 2.95484e2 2.69217e2 2.45088e2 2.22944e2 2.02643e2 1.8405e2 1.67037e2 1.51484e2 1.37278e2 1.24314e2 1.12493e2 1.01724e2 9.19211e1 8.30043e1 7.49003e1 6.75407e1 6.08622e1 5.48063e1 4.93191e1 4.43509e1 3.98557e1 3.57914e1 3.21193e1 2.88038e1 2.58124e1 2.31154e1 2.06854e1 1.84976e1 1.65291e1 1.47594e1 1.31693e1 1.17418e1 1.0461e1 9.31278e 8.28411e 7.36321e 6.5394e 5.803e 5.14522e 4.55812e 4.03451e 3.56788e 3.15236e 2.78265e 2.45398e 2.16203e
WIMPMass 100 maxEnergy 57
0 1 2 3 4 5 6 7 8 9 10 11 12 13 14 15 16 17 18 19 20 21 22 23 24 25 26 27 28 29 30 31 32 33 34 35 36 37 38 39 40 41 42 43 44 45 46 47 48 49 50 51 52 53 54 55 56 57 58 59 60 61 62 63 64 65 66 67 68 69
2.35162e2 2.2058e2 2.06833e2 1.93879e2 1.81675e2 1.70183e2 1.59363e2 1.4918e2 1.396e2 1.30591e2 1.2212e2 1.14158e2 1.06678e2 9.96526e1 9.30561e1 8.68646e1 8.10552e1 7.56063e1 7.04971e1 6.57081e1 6.12209e1 5.70179e1 5.30824e1 4.93988e1 4.59521e1 4.27283e1 3.97141e1 3.68968e1 3.42645e1 3.18061e1 2.95109e1 2.73689e1 2.53707e1 2.35073e1 2.17703e1 2.01518e1 1.86443e1 1.72408e1 1.59347e1 1.47198e1 1.359e1 1.25401e1 1.15646e1 1.06589e1 9.81824e 9.03836e 8.31522e 7.64502e 7.02419e 6.44941e 5.91752e 5.4256e 4.97089e 4.55082e 4.16297e 3.80508e 3.47504e 3.17088e 2.89074e 2.6329e 2.39574e 2.17777e 1.97756e 1.79382e 1.62532e 1.47092e 1.32956e 1.20024e 1.08205e
WIMPMass 400 maxEnergy 67
0 1 2 3 4 5 6 7 8 9 10 11 12 13 14 15 16 17 18 19 20 21 22 23 24 25 26 27 28 29 30 31 32 33 34 35 36 37 38 39 40 41 42 43 44 45 46 47 48 49 50 51 52 53 54 55 56 57 58 59 60 61 62 63 64 65 66 67 68 69 70 71 72 73 74 75 76 77 78 79 80 81
5.91205e1 5.60893e1 5.32017e1 5.04514e1 4.78323e1 4.53386e1 4.29648e1 4.07054e1 3.85555e1 3.651e1 3.45643e1 3.27138e1 3.09543e1 2.92817e1 2.76919e1 2.61812e1 2.47459e1 2.33826e1 2.2088e1 2.08588e1 1.96921e1 1.85848e1 1.75343e1 1.65378e1 1.55928e1 1.46968e1 1.38476e1 1.30429e1 1.22805e1 1.15585e1 1.08748e1 1.02276e1 9.6152e 9.03581e 8.48783e 7.96972e 7.48e 7.01726e 6.58014e 6.16738e 5.77773e 5.41004e 5.06318e 4.73609e 4.42776e 4.13723e 3.86356e 3.60589e 3.36337e 3.13522e 2.92067e 2.71899e 2.52952e 2.35158e 2.18455e 2.02785e 1.88092e 1.74321e 1.61421e 1.49345e 1.38047e 1.27482e 1.17609e 1.08389e 9.97843e-1 9.17598e-1 8.42815e-1 7.73176e-1 7.08378e-1 6.48135e-1 5.92172e-1 5.40235e-1 4.92077e-1 4.47468e-1 4.06189e-1 3.68033e-1 3.32805e-1 3.00319e-1 2.70399e-1 2.42882e-1 2.17609e-1
WIMPMass 1000 maxEnergy 69
0 1 2 3 4 5 6 7 8 9 10 11 12 13 14 15 16 17 18 19 20 21 22 23 24 25 26 27 28 29 30 31 32 33 34 35 36 37 38 39 40 41 42 43 44 45 46 47 48 49 50 51 52 53 54 55 56 57 58 59 60 61 62 63 64 65 66 67 68 69 70 71 72 73 74 75 76 77 78 79 80 81 82 83
2.36664e1 2.24879e1 2.13635e1 2.02909e1 1.92679e1 1.82923e1 1.73621e1 1.64753e1 1.56301e1 1.48247e1 1.40573e1 1.33263e1 1.26301e1 1.19671e1 1.1336e1 1.07352e1 1.01635e1 9.61947e 9.10199e 8.60983e 8.14186e 7.69699e 7.27417e 6.87239e 6.49071e 6.1282e 5.78398e 5.45721e 5.14708e 4.85282e 4.5737e 4.309e 4.05805e 3.82019e 3.59482e 3.38133e 3.17916e 2.98777e 2.80664e 2.63527e 2.47319e 2.31995e 2.17511e 2.03827e 1.90902e 1.78699e 1.67182e 1.56317e 1.4607e 1.36411e 1.2731e 1.18737e 1.10667e 1.03073e 9.59299e-1 8.92147e-1 8.29048e-1 7.69789e-1 7.14164e-1 6.6198e-1 6.13053e-1 5.67205e-1 5.2427e-1 4.84088e-1 4.46507e-1 4.11384e-1 3.7858e-1 3.47966e-1 3.19417e-1 2.92816e-1 2.6805e-1 2.45014e-1 2.23606e-1 2.03731e-1 1.85298e-1 1.6822e-1 1.52416e-1 1.37808e-1 1.24324e-1 1.11892e-1 1.00448e-1 8.99284e-2 8.0275e-2
WIMPMass 4000 maxEnergy 70
0 1 2 3 4 5 6 7 8 9 10 11 12 13 14 15 16 17 18 19 20 21 22 23 24 25 26 27 28 29 30 31 32 33 34 35 36 37 38 39 40 41 42 43 44 45 46 47 48 49 50 51 52 53 54 55 56 57 58 59 60 61 62 63 64 65 66 67 68 69 70 71 72 73 74 75 76 77 78 79 80 81 82 83 84
5.91861e 5.62776e 5.35007e 5.08497e 4.83195e 4.59049e 4.3601e 4.14032e 3.93069e 3.73078e 3.54017e 3.35846e 3.18527e 3.02023e 2.863e 2.71322e 2.57057e 2.43474e 2.30544e 2.18237e 2.06526e 1.95385e 1.84787e 1.74709e 1.65128e 1.56021e 1.47367e 1.39145e 1.31336e 1.2392e 1.1688e 1.10199e 1.03859e 9.78459e-1 9.21434e-1 8.67372e-1 8.16134e-1 7.67589e-1 7.21607e-1 6.78068e-1 6.36855e-1 5.97857e-1 5.60966e-1 5.26082e-1 4.93106e-1 4.61946e-1 4.32512e-1 4.0472e-1 3.78488e-1 3.53738e-1 3.30398e-1 3.08395e-1 2.87662e-1 2.68135e-1 2.49752e-1 2.32455e-1 2.16187e-1 2.00895e-1 1.86528e-1 1.73038e-1 1.60378e-1 1.48504e-1 1.37374e-1 1.26949e-1 1.17189e-1 1.08059e-1 9.95235e-2 9.15504e-2 8.41082e-2 7.71671e-2 7.06989e-2 6.46764e-2 5.90744e-2 5.38683e-2 4.90351e-2 4.4553e-2 4.04011e-2 3.65596e-2 3.30099e-2 2.97341e-2 2.67154e-2 2.39379e-2 2.13863e-2 1.90465e-2
