WIMPMass 7 maxEnergy 3
0 1 2 3 4
2.77994e3 5.63409e2 8.50473e1 8.25877e
WIMPMass 10 maxEnergy 5
0 1 2 3 4 5 6
2.57945e3 1.18577e3 4.99072e2 1.95134e2 7.06158e1 2.30975e1
WIMPMass 12 maxEnergy 7
0 1 2 3 4 5 6 7 8 9
2.34595e3 1.35115e3 7.39497e2 3.88471e2 1.96587e2 9.57703e1 4.46764e1 1.97263e1 8.06778e
WIMPMass 14 maxEnergy 9
0 1 2 3 4 5 6 7 8 9 10 11
2.12188e3 1.39444e3 8.8738e2 5.501e2 3.33303e2 1.97657e2 1.14734e2 6.51023e1 3.60004e1 1.93e1 9.94775e
WIMPMass 17 maxEnergy 12
0 1 2 3 4 5 6 7 8 9 10 11 12 13 14 15
1.83475e3 1.35257e3 9.79428e2 6.98549e2 4.91687e2 3.41988e2 2.35219e2 1.60041e2 1.07722e2 7.17055e1 4.71713e1 3.06326e1 1.9604e1 1.23349e1 7.60579e
WIMPMass 21 maxEnergy 16
0 1 2 3 4 5 6 7 8 9 10 11 12 13 14 15 16 17 18 19 20
1.54005e3 1.23252e3 9.77134e2 7.68236e2 5.99503e2 4.64671e2 3.57932e2 2.74108e2 2.08744e2 1.58106e2 1.19115e2 8.92629e1 6.65329e1 4.93172e1 3.63457e1 2.66228e1 1.93733e1 1.39975e1 1.00341e1 7.12983e
WIMPMass 33 maxEnergy 29
0 1 2 3 4 5 6 7 8 9 10 11 12 13 14 15 16 17 18 19 20 21 22 23 24 25 26 27 28 29 30 31 32 33 34 35
1.02285e3 8.98489e2 7.87238e2 6.88109e2 6.00099e2 5.2222e2 4.53518e2 3.93082e2 3.4006e2 2.9366e2 2.53149e2 2.17859e2 1.87184e2 1.60572e2 1.37529e2 1.17612e2 1.00427e2 8.5624e1 7.2894e1 6.19644e1 5.25955e1 4.45768e1 3.77244e1 3.18774e1 2.68959e1 2.2658e1 1.90581e1 1.60048e1 1.34189e1 1.12322e1 9.3858e 7.8292e 6.51896e 5.41785e 4.494e
WIMPMass 50 maxEnergy 43
0 1 2 3 4 5 6 7 8 9 10 11 12 13 14 15 16 17 18 19 20 21 22 23 24 25 26 27 28 29 30 31 32 33 34 35 36 37 38 39 40 41 42 43 44 45 46 47 48 49 50 51 52
6.87269e2 6.26829e2 5.71171e2 5.19981e2 4.72957e2 4.2981e2 3.90266e2 3.54062e2 3.20951e2 2.907e2 2.63089e2 2.37913e2 2.14977e2 1.94102e2 1.75119e2 1.57873e2 1.42217e2 1.28018e2 1.1515e2 1.03499e2 9.29575e1 8.34278e1 5.46923e1 6.705e1 6.00427e1 5.37276e1 4.80407e1 4.29233e1 3.83218e1 3.41873e1 3.04753e1 2.71451e1 2.41596e1 2.14853e1 1.90915e1 1.69504e1 1.50369e1 1.33281e1 1.18033e1 1.04438e1 9.23255e 8.15437e 7.19541e 6.34319e 5.58648e 4.91515e 4.32009e 3.79312e 3.32686e 2.9147e 2.55072e 2.2296e
WIMPMass 100 maxEnergy 54
0 1 2 3 4 5 6 7 8 9 10 11 12 13 14 15 16 17 18 19 20 21 22 23 24 25 26 27 28 29 30 31 32 33 34 35 36 37 38 39 40 41 42 43 44 45 46 47 48 49 50 51 52 53 54 55 56 57 58 59 60 61 62 63 64 65
3.47793e2 3.25163e2 3.03896e2 2.83916e2 2.65153e2 2.47538e2 2.31008e2 2.15501e2 2.00959e2 1.87327e2 1.74552e2 1.62586e2 1.5138e2 1.4089e2 1.31075e2 1.21894e2 1.1331e2 1.05286e2 9.7789e1 9.0787e1 8.42498e1 7.81489e1 7.24574e1 6.71499e1 6.22024e1 5.75924e1 5.32986e1 4.93009e1 4.55805e1 4.21197e1 3.89016e1 3.59105e1 3.31317e1 3.05512e1 2.8156e1 2.59337e1 2.38729e1 2.19628e1 2.01931e1 1.85544e1 1.70377e1 1.56347e1 1.43375e1 1.31388e1 1.20318e1 1.10099e1 1.00671e1 9.19793e 8.39703e 7.65951e 6.98078e 6.35656e 5.78286e 5.25594e 3.44088e 3.2372e 2.44077e 3.23154e 3.20958e 2.89821e 2.6138e 2.35423e 2.11755e 1.90196e 1.70577e
WIMPMass 400 maxEnergy 63
0 1 2 3 4 5 6 7 8 9 10 11 12 13 14 15 16 17 18 19 20 21 22 23 24 25 26 27 28 29 30 31 32 33 34 35 36 37 38 39 40 41 42 43 44 45 46 47 48 49 50 51 52 53 54 55 56 57 58 59 60 61 62 63 64 65 66 67 68 69 70 71 72 73 74 75 76
8.7436e1 8.26822e1 7.81672e1 7.38798e1 6.98093e1 6.59456e1 6.2279e1 5.88001e1 5.55e1 5.23702e1 4.94026e1 4.65894e1 4.39232e1 4.13969e1 3.90037e1 3.67372e1 3.45912e1 3.25597e1 3.06371e1 2.88181e1 2.70976e1 2.54706e1 2.39325e1 2.24788e1 2.11053e1 1.98079e1 1.85828e1 1.74263e1 1.63349e1 1.53052e1 1.4334e1 1.34184e1 1.25554e1 1.17424e1 1.09765e1 1.02555e1 9.57687e 8.93839e 8.33791e 7.7734e 7.24291e 6.7446e 6.27671e 5.83757e 5.42561e 5.03931e 4.67726e 4.33808e 4.0205e 3.72329e 3.4453e 3.18542e 2.94261e 2.71588e 2.50429e 2.30696e 2.12304e 1.95174e 1.7923e 1.64401e 1.50619e 1.37821e 1.25945e 1.14934e 1.04736e 9.52973e-1 8.65712e-1 7.85117e-1 7.10759e-1 6.42232e-1 5.79154e-1 5.21164e-1 4.67922e-1 4.19107e-1 3.74418e-1 3.3357e-1
WIMPMass 1000 maxEnergy 64
0 1 2 3 4 5 6 7 8 9 10 11 12 13 14 15 16 17 18 19 20 21 22 23 24 25 26 27 28 29 30 31 32 33 34 35 36 37 38 39 40 41 42 43 44 45 46 47 48 49 50 51 52 53 54 55 56 57 58 59 60 61 62 63 64 65 66 67 68 69 70 71 72 73 74 75 76 77
3.50013e1 3.31498e1 3.13885e1 2.97134e1 2.81205e1 2.66062e1 2.51668e1 2.37989e1 2.24992e1 2.12645e1 2.00919e1 1.89785e1 1.79216e1 1.69184e1 1.59665e1 1.50634e1 1.42069e1 1.33947e1 1.26248e1 1.1895e1 1.12036e1 1.05486e1 9.92837e 9.34111e 8.78525e 8.25927e 7.7617e 7.29114e 6.84626e 6.42578e 6.02849e 5.65322e 5.29888e 4.9644e 4.64878e 4.35106e 4.07032e 3.80568e 3.55633e 3.32146e 3.10033e 2.8922e 2.6964e 2.51228e 2.33921e 2.1766e 2.0239e 1.88056e 1.74607e 1.61997e 1.50177e 1.39105e 1.28739e 1.1904e 1.0997e 1.01494e 9.3577e-1 8.61879e-1 7.92959e-1 7.28722e-1 6.68894e-1 6.13214e-1 5.61438e-1 5.13331e-1 4.68673e-1 4.27254e-1 3.88876e-1 3.53351e-1 3.20502e-1 2.90161e-1 2.6217e-1 2.36377e-1 2.12642e-1 1.90831e-1 1.70816e-1 1.5248e-1 1.35709e-1
WIMPMass 4000 maxEnergy 53
0 1 2 3 4 5 6 7 8 9 10 11 12 13 14 15 16 17 18 19 20 21 22 23 24 25 26 27 28 29 30 31 32 33 34 35 36 37 38 39 40 41 42 43 44 45 46 47 48 49 50 51 52 53 54 55 56 57 58 59 60 61 62 63 64
8.75329e 8.29596e 7.86062e 7.44627e 7.052e 6.67689e 6.32008e 5.98075e 5.65811e 5.3514e 5.05989e 4.7829e 4.51974e 4.26979e 4.03244e 3.80711e 3.59322e 3.39026e 3.19771e 3.01507e 2.84189e 2.67771e 2.52211e 2.37468e 2.23502e 2.10276e 1.97755e 1.85905e 1.74692e 1.64085e 1.54056e 1.44575e 1.35616e 1.27151e 1.19158e 1.11612e 1.0449e 9.77712e-1 9.14352e-1 8.54623e-1 7.98339e-1 7.45323e-1 6.95404e-1 6.48422e-1 6.04222e-1 5.6266e-1 5.23594e-1 4.86893e-1 4.5243e-1 4.20085e-1 3.89742e-1 3.61294e-1 3.34637e-1 3.09672e-1 2.86306e-1 2.64449e-1 2.44016e-1 2.24928e-1 2.07109e-1 1.90485e-1 1.74987e-1 1.60551e-1 1.47115e-1 1.34619e-1
