WIMPMass 7 maxEnergy 3
0 1 2 3 4
8.85584e1 1.76913e1 2.63203e 2.52052e-1
WIMPMass 10 maxEnergy 5
0 1 2 3 4 5 6
8.20978e1 3.71852e1 1.54164e1 5.93605e 2.11504e 6.81051e-1
WIMPMass 12 maxEnergy 7
0 1 2 3 4 5 6 7 8 9
7.46459e1 4.23551e1 2.28316e1 1.18097e1 5.88297e 2.82044e 1.29448e 5.62205e-1 2.26137e-1
WIMPMass 14 maxEnergy 9
0 1 2 3 4 5 6 7 8 9 10 11
6.75052e1 4.37019e1 2.7389e1 1.67169e1 9.9695e 5.81754e 3.32185e 1.85357e 1.00766e 5.30919e-1 2.68868e-1
WIMPMass 17 maxEnergy 12
0 1 2 3 4 5 6 7 8 9 10 11 12 13 14 15
5.8362e1 4.23808e1 3.02218e1 2.12207e1 1.47007e1 1.00604e1 6.80606e 4.55333e 3.01251e 1.97039e 1.27319e 8.11813e-1 5.09926e-1 3.1479e-1 1.90364e-1
WIMPMass 21 maxEnergy 16
0 1 2 3 4 5 6 7 8 9 10 11 12 13 14 15 16 17 18 19 20
4.89824e1 3.86131e1 3.01448e1 2.33316e1 1.79186e1 1.36643e1 1.03522e1 7.79465e 5.83421e 4.34164e 3.21251e 2.36349e 1.72881e 1.25706e 9.08375e-1 6.52114e-1 4.64864e-1 3.2886e-1 2.30702e-1 1.60339e-1
WIMPMass 33 maxEnergy 26
0 1 2 3 4 5 6 7 8 9 10 11 12 13 14 15 16 17 18 19 20 21 22 23 24 25 26 27 28 29 30 31 32
3.25283e1 2.81431e1 2.42804e1 2.08915e1 1.79295e1 1.53495e1 1.31096e1 1.11709e1 9.49765e 8.05754e 6.8213e 5.76274e 4.85853e 4.08794e 3.43268e 2.87668e 2.40592e 2.00815e 1.67275e 1.39053e 1.15354e 9.54933e-1 7.88838e-1 6.50218e-1 5.34767e-1 4.38813e-1 3.59234e-1 2.93377e-1 2.38997e-1 1.94195e-1 1.57368e-1 1.2717e-1
WIMPMass 50 maxEnergy 35
0 1 2 3 4 5 6 7 8 9 10 11 12 13 14 15 16 17 18 19 20 21 22 23 24 25 26 27 28 29 30 31 32 33 34 35 36 37 38 39 40 41 42
2.1855e1 1.96323e1 1.76143e1 1.57847e1 1.41282e1 1.26306e1 1.12784e1 1.0059e1 8.96097e 7.97337e 7.08623e 6.29032e 5.57715e 4.93888e 4.36835e 3.85898e 3.40478e 3.00026e 2.64041e 2.3207e 2.03701e 1.78557e 1.21143e 1.36626e 1.19255e 1.03937e 9.04477e-1 7.85845e-1 6.81656e-1 5.90281e-1 5.10257e-1 4.40279e-1 3.79179e-1 3.25913e-1 2.79552e-1 2.39269e-1 2.04328e-1 1.74075e-1 1.4793e-1 1.2538e-1 1.05971e-1 8.93008e-2
WIMPMass 100 maxEnergy 42
0 1 2 3 4 5 6 7 8 9 10 11 12 13 14 15 16 17 18 19 20 21 22 23 24 25 26 27 28 29 30 31 32 33 34 35 36 37 38 39 40 41 42 43 44 45 46 47 48 49 50 51
1.10593e1 1.01835e1 9.37097e 8.61763e 7.91953e 7.27301e 6.6746e 6.12106e 5.60932e 5.13652e 4.69998e 4.29717e 3.92571e 3.58341e 3.26818e 2.97807e 2.71129e 2.46611e 2.24097e 2.03438e 1.84496e 1.67142e 1.51255e 1.36724e 1.23445e 1.1132e 1.00259e 9.01789e-1 8.10011e-1 7.26534e-1 6.50687e-1 5.81848e-1 5.1944e-1 4.62929e-1 4.11821e-1 3.65658e-1 3.24018e-1 2.8651e-1 2.52775e-1 2.22479e-1 1.95318e-1 1.71008e-1 1.4929e-1 1.29925e-1 1.12695e-1 9.73975e-2 8.3848e-2 7.18776e-2 6.1331e-2 5.20668e-2 4.39553e-2
WIMPMass 400 maxEnergy 52
0 1 2 3 4 5 6 7 8 9 10 11 12 13 14 15 16 17 18 19 20 21 22 23 24 25 26 27 28 29 30 31 32 33 34 35 36 37 38 39 40 41 42 43 44 45 46 47 48 49 50 51 52 53 54 55 56 57 58 59 60 61 62 63
2.78027e 2.58935e 2.41024e 2.24229e 2.08486e 1.93736e 1.79922e 1.6699e 1.5489e 1.43573e 1.32994e 1.23109e 1.13878e 1.05262e 9.72231e-1 8.9728e-1 8.27436e-1 7.62387e-1 7.01841e-1 6.45521e-1 5.93166e-1 5.44527e-1 4.99373e-1 4.57483e-1 4.18649e-1 3.82676e-1 3.49379e-1 3.18584e-1 2.90127e-1 2.63853e-1 2.39618e-1 2.17284e-1 1.96724e-1 1.77815e-1 1.60444e-1 1.44505e-1 1.29896e-1 1.16525e-1 1.04301e-1 9.31437e-2 8.29739e-2 7.3719e-2 6.53109e-2 5.76858e-2 5.07841e-2 4.45499e-2 3.8931e-2 3.38787e-2 2.93477e-2 2.52954e-2 2.16825e-2 1.8472e-2 1.56298e-2 1.3124e-2 1.09251e-2 9.00537e-3 7.3395e-3 5.9038e-3 4.67639e-3 3.637e-3 2.76692e-3 2.04886e-3 1.46689e-3
WIMPMass 1000 maxEnergy 57
0 1 2 3 4 5 6 7 8 9 10 11 12 13 14 15 16 17 18 19 20 21 22 23 24 25 26 27 28 29 30 31 32 33 34 35 36 37 38 39 40 41 42 43 44 45 46 47 48 49 50 51 52 53 54 55 56 57 58 59 60 61 62 63 64 65 66 67 68 69
1.11296e 1.03814e 9.67837e-1 9.01805e-1 8.39809e-1 7.81626e-1 7.27044e-1 6.75863e-1 6.27892e-1 5.8295e-1 5.40865e-1 5.01475e-1 4.64626e-1 4.3017e-1 3.9797e-1 3.67893e-1 3.39815e-1 3.13619e-1 2.89192e-1 2.66429e-1 2.45229e-1 2.25499e-1 2.07148e-1 1.90092e-1 1.74252e-1 1.5955e-1 1.45916e-1 1.33283e-1 1.21586e-1 1.10766e-1 1.00766e-1 9.15331e-2 8.30161e-2 7.51679e-2 6.79437e-2 6.13015e-2 5.52016e-2 4.96068e-2 4.4482e-2 3.97943e-2 3.55128e-2 3.16083e-2 2.80536e-2 2.4823e-2 2.18927e-2 1.924e-2 1.6844e-2 1.46849e-2 1.27442e-2 1.10048e-2 9.45037e-3 8.06602e-3 6.83765e-3 5.75217e-3 4.79736e-3 3.96185e-3 3.23509e-3 2.60723e-3 2.06914e-3 1.61236e-3 1.22903e-3 9.11875e-4 6.54169e-4 4.49693e-4 2.92709e-4 1.77924e-4 1.00468e-4 5.58639e-5 4.00005e-5
WIMPMass 4000 maxEnergy 43
0 1 2 3 4 5 6 7 8 9 10 11 12 13 14 15 16 17 18 19 20 21 22 23 24 25 26 27 28 29 30 31 32 33 34 35 36 37 38 39 40 41 42 43 44 45 46 47 48 49 50 51 52
2.78333e-1 2.59801e-1 2.42374e-1 2.25994e-1 2.10603e-1 1.96149e-1 1.82579e-1 1.69845e-1 1.57901e-1 1.46702e-1 1.36207e-1 1.26377e-1 1.17174e-1 1.08562e-1 1.00508e-1 9.29784e-2 8.59442e-2 7.9376e-2 7.32467e-2 6.75303e-2 6.22023e-2 5.72395e-2 5.262e-2 4.8323e-2 4.43288e-2 4.06187e-2 3.71754e-2 3.3982e-2 3.10229e-2 2.82834e-2 2.57493e-2 2.34075e-2 2.12454e-2 1.92515e-2 1.74145e-2 1.5724e-2 1.41701e-2 1.27437e-2 1.14359e-2 1.02386e-2 9.14409e-3 8.14502e-3 7.23462e-3 6.40649e-3 5.65461e-3 4.97335e-3 4.35742e-3 3.80186e-3 3.30203e-3 2.85359e-3 2.45248e-3 2.09489e-3
