   8.7095840660298435E-002   2.9500179476228361E-201
   5.3669216489789777        6.0342252291456549E-180
   10.646747457297657        4.7096158196781577E-179
   15.926573265616335        1.5754009168962265E-178
   21.206399073935017        3.7151191003129900E-178
   26.486224882253698        7.2284392431248667E-178
   31.766050690572374        1.2449476093852736E-177
   37.045876498891054        1.9707036503950258E-177
   42.325702307209731        2.9323487924313568E-177
   47.605528115528408        4.1613590911451318E-177
   52.885353923847092        5.6883292830372189E-177
   58.165179732165768        7.5428481294085402E-177
   63.445005540484445        9.7533697352299781E-177
   68.724831348803122        1.2347081000772906E-176
   74.004657157121812        1.5349765526875228E-176
   79.284482965440489        1.8785664461198167E-176
   84.564308773759166        2.2677334939653934E-176
   89.844134582077842        2.7045506941208043E-176
   95.123960390396519        3.1908939532340211E-176
   100.40378619871521        3.7284277626499991E-176
   105.68361200703389        4.3185910520940305E-176
   110.96343781535256        4.9625833595534930E-176
   116.24326362367124        5.6613514662965296E-176
   121.52308943198992        6.4155766544634224E-176
   126.80291524030859        7.2256627509747351E-176
   132.08274104862730        8.0917251254447080E-176
   137.36256685694596        9.0135808112291123E-176
   142.64239266526465        9.9907399175729268E-176
   147.92221847358334        1.1022398496993418E-175
   153.20204428190200        1.2107433025520457E-175
   158.48187009022070        1.3244396644240218E-175
   163.76169589853936        1.4431517298818195E-175
   169.04152170685805        1.5666697899420065E-175
   174.32134751517674        1.6947518606852786E-175
   179.60117332349540        1.8271241332001781E-175
   184.88099913181409        1.9634816514965805E-175
   190.16082494013276        2.1034892227946134E-175
   195.44065074845145        2.2467825622217065E-175
   200.72047655677014        2.3929696714701026E-175
   206.00030236508880        2.5416324484125000E-175
   211.28012817340749        2.6923285220793071E-175
   216.55995398172615        2.8445933048027696E-175
   221.83977979004484        2.9979422507674510E-175
   227.11960559836353        3.1518733077088336E-175
   232.39943140668220        3.3058695461080824E-175
   237.67925721500089        3.4594019479750649E-175
   242.95908302331955        3.6119323352263472E-175
   248.23890883163824        3.7629164157802990E-175
   253.51873463995690        3.9118069238351629E-175
   258.79856044827562        4.0580568293925629E-175
   264.07838625659429        4.2011225909593095E-175
   269.35821206491295        4.3404674245217963E-175
   274.63803787323161        4.4755645613527865E-175
   279.91786368155033        4.6059004669885814E-175
   285.19768948986899        4.7309779938104824E-175
   290.47751529818765        4.8503194400770865E-175
   295.75734110650637        4.9634694889798891E-175
   301.03716691482504        5.0699980023241801E-175
   306.31699272314370        5.1695026447579275E-175
   311.59681853146242        5.2616113160658473E-175
   316.87664433978108        5.3459843708935965E-175
   322.15647014809974        5.4223166073440686E-175
   327.43629595641841        5.4903390081667324E-175
   332.71612176473712        5.5498202207126198E-175
   337.99594757305579        5.6005677644199136E-175
   343.27577338137445        5.6424289572952467E-175
   348.55559918969317        5.6752915556288273E-175
   353.83542499801183        5.6990841039931421E-175
   359.11525080633049        5.7137759953897077E-175
   364.39507661464916        5.7193772441918116E-175
   369.67490242296788        5.7159379772500050E-175
   374.95472823128654        5.7035476511488517E-175
   380.23455403960520        5.6823340060980182E-175
   385.51437984792392        5.6524617692802167E-175
   390.79420565624258        5.6141311226372875E-175
   396.07403146456124        5.5675759520315231E-175
   401.35385727287996        5.5130618964527880E-175
   406.63368308119863        5.4508842174375737E-175
   411.91350888951729        5.3813655101108423E-175
   417.19333469783595        5.3048532782476338E-175
   422.47316050615467        5.2217173964727785E-175
   427.75298631447333        5.1323474831732540E-175
   433.03281212279200        5.0371502078899178E-175
   438.31263793111071        4.9365465568899080E-175
   443.59246373942938        4.8309690803056407E-175
   448.87228954774804        4.7208591436735466E-175
   454.15211535606676        4.6066642059293570E-175
   459.43194116438542        4.4888351449336545E-175
   464.71176697270408        4.3678236504306524E-175
   469.99159278102275        4.2440797030050940E-175
   475.27141858934147        4.1180491561188636E-175
   480.55124439766013        3.9901714367033927E-175
   485.83107020597879        3.8608773780797246E-175
   491.11089601429751        3.7305871971994968E-175
   496.39072182261617        3.5997086263703507E-175
   501.67054763093483        3.4686352077726370E-175
   506.95037343925350        3.3377447572130270E-175
   512.23019924757216        3.2073980017167414E-175
   517.51002505589088        3.0779373937542338E-175
   522.78985086420948        2.9496861031493292E-175
   528.06967667252820        2.8229471860413876E-175
   533.34950248084681        2.6980029286898724E-175
   538.62932828916553        2.5751143624290900E-175
   543.90915409748425        2.4545209447158886E-175
   549.18897990580285        2.3364403999726990E-175
   554.46880571412157        2.2210687128206496E-175
   559.74863152244029        2.1085802653272323E-175
   565.02845733075890        1.9991281090638267E-175
   570.30828313907762        1.8928443620816001E-175
   575.58810894739634        1.7898407203691991E-175
   580.86793475571494        1.6902090729499641E-175
   586.14776056403366        1.5940222095063739E-175
   591.42758637235238        1.5013346092794523E-175
   596.70741218067099        1.4121832999743701E-175
   601.98723798898970        1.3265887755027323E-175
   607.26706379730842        1.2445559615982159E-175
   612.54688960562703        1.1660752186458203E-175
   617.82671541394575        1.0911233714560748E-175
   623.10654122226447        1.0196647561835741E-175
   628.38636703058307        9.5165227512338586E-176
   633.66619283890179        8.8702845070874622E-176
   638.94601864722040        8.2572647066804837E-176
   644.22584445553912        7.6767121696813007E-176
   649.50567026385784        7.1278027186428713E-176
   654.78549607217644        6.6096489508541724E-176
   660.06532188049516        6.1213096689640837E-176
   665.34514768881388        5.6617989249069717E-176
   670.62497349713249        5.2300946386620372E-176
   675.90479930545121        4.8251467602057994E-176
   681.18462511376993        4.4458849496069472E-176
   686.46445092208853        4.0912257565107150E-176
   691.74427673040725        3.7600792862204938E-176
   697.02410253872597        3.4513553451698854E-176
   702.30392834704458        3.1639690637571814E-176
   707.58375415536329        2.8968459992663828E-176
   712.86357996368201        2.6489267259063949E-176
   718.14340577200062        2.4191709228565241E-176
   723.42323158031934        2.2065609746083069E-176
   728.70305738863794        2.0101051008455416E-176
   733.98288319695666        1.8288400356138872E-176
   739.26270900527538        1.6618332776131676E-176
   744.54253481359399        1.5081849351152503E-176
   749.82236062191271        1.3670291902904585E-176
   755.10218643023143        1.2375354086378281E-176
   760.38201223855003        1.1189089197857108E-176
   765.66183804686875        1.0103914961862564E-176
   770.94166385518747        9.1126155619843164E-177
   776.22148966350608        8.2083411776846509E-177
   781.50131547182480        7.3846052840334605E-177
   786.78114128014352        6.6352799642099602E-177
   792.06096708846212        5.9545894757817221E-177
   797.34079289678084        5.3371023015203436E-177
   802.62061870509956        4.7777219040923491E-177
   807.90044451341817        4.2716763916281257E-177
   813.18027032173688        3.8145072881502773E-177
   818.46009613005560        3.4020575893547263E-177
   823.73992193837421        3.0304592704781807E-177
   829.01974774669293        2.6961203991369242E-177
   834.29957355501153        2.3957119922417510E-177
   839.57939936333025        2.1261547425256241E-177
   844.85922517164897        1.8846057269864874E-177
   850.13905097996758        1.6684451967520892E-177
   855.41887678828630        1.4752635356048995E-177
   860.69870259660502        1.3028484627330576E-177
   865.97852840492362        1.1491725442540856E-177
   871.25835421324234        1.0123810677321496E-177
   876.53818002156106        8.9078032430545479E-178
   881.81800582987967        7.8282633417296567E-178
   887.09783163819839        6.8711404306526680E-178
   892.37765744651711        6.0236700993765934E-178
   897.65748325483571        5.2742759946291495E-178
   902.93730906315443        4.6124768694627437E-178
   908.21713487147315        4.0287987801136598E-178
   913.49696067979175        3.5146924078186474E-178
   918.77678648811047        3.0624554427648121E-178
   924.05661229642908        2.6651599330673316E-178
   929.33643810474780        2.3165844727926091E-178
   934.61626391306652        2.0111510791683171E-178
   939.89608972138512        1.7438665898378019E-178
   945.17591552970384        1.5102683959180231E-178
   950.45574133802256        1.3063743153033903E-178
   955.73556714634117        1.1286364027316860E-178
   961.01539295465989        9.7389848821314657E-179
   966.29521876297861        8.3935723315815467E-179
   971.57504457129721        7.2252649357910124E-179
   976.85487037961593        6.2120478176665767E-179
   982.13469618793465        5.3344562154847025E-179
   987.41452199625326        4.5753059735258839E-179
   992.69434780457198        3.9194490356364361E-179
   997.97417361289070        3.3535520784605764E-179
   1003.2539994212093        2.8658965000594843E-179
   1008.5338252295280        2.4461980638591112E-179
   1013.8136510378466        2.0854445856841520E-179
   1019.0934768461653        1.7757501415914348E-179
   1024.3733026544842        1.5102243650496529E-179
   1029.6531284628029        1.2828554926381906E-179
   1034.9329542711216        1.0884059069389094E-179
   1040.2127800794401        9.2231901290309116E-180
   1045.4926058877588        7.8063636906349807E-180
   1050.7724316960775        6.5992407702700857E-180
   1056.0522575043963        5.5720751133480656E-180
   1061.3320833127150        4.6991354672619026E-180
   1066.6119091210335        3.9581951088556644E-180
   1071.8917349293522        3.3300815776523381E-180
   1077.1715607376709        2.7982801950058749E-180
   1082.4513865459896        2.3485855376612909E-180
   1087.7312123543084        1.9687955820608712E-180
   1093.0110381626271        1.6484437439607816E-180
   1098.2908639709456        1.3785645076874176E-180
   1103.5706897792643        1.1514887720776294E-180
   1108.8505155875830        9.6066543742036102E-181
   1114.1303413959017        8.0050612129473065E-181
   1119.4101672042204        6.6625022292769033E-181
   1124.6899930125392        5.5384785747037637E-181
   1129.9698188208577        4.5985845534183007E-181
   1135.2496446291764        3.8136306942947956E-181
   1140.5294704374951        3.1588865635881737E-181
   1145.8092962458138        2.6134279909409436E-181
   1151.0891220541325        2.1595751858972593E-181
   1156.3689478624513        1.7824098378683119E-181
   1161.6487736707697        1.4693607356809505E-181
   1166.9285994790885        1.2098487288507687E-181
   1172.2084252874072        9.9498299602448712E-182
   1177.4882510957259        8.1730160016478536E-182
   1182.7680769040446        6.7055020760148654E-182
   1188.0479027123631        5.4949364071021685E-182
   1193.3277285206818        4.4975563246695452E-182
   1198.6075543290005        3.6768276534668724E-182
   1203.8873801373193        3.0022911603162185E-182
   1209.1672059456380        2.4485859941286073E-182
   1214.4470317539567        1.9946241789836761E-182
   1219.7268575622752        1.6228938185934017E-182
   1225.0066833705939        1.3188718027528971E-182
   1230.2865091789126        1.0705295277892087E-182
   1235.5663349872314        8.6791750291834557E-183
   1240.8461607955501        7.0281675695801586E-183
   1246.1259866038688        5.6844672438446273E-183
   1251.4058124121873        4.5922081127848322E-183
   1256.6856382205060        3.7054215133014146E-183
   1261.9654640288247        2.9863318723673969E-183
   1267.2452898371434        2.4039367777475570E-183
   1272.5251156454622        1.9328255689410504E-183
   1277.8049414537807        1.5521977710970523E-183
   1283.0847672620994        1.2450487166763409E-183
   1288.3645930704181        9.9749482788910227E-184
   1293.6444188787368        7.9821539255274465E-184
   1298.9242446870555        6.3799136585356354E-184
   1304.2040704953743        5.0932486507823491E-184
   1309.4838963036927        4.0612567559043424E-184
   1314.7637221120115        3.2345332494996701E-184
   1320.0435479203302        2.5730516917188204E-184
   1325.3233737286489        2.0444252327225811E-184
   1330.6031995369676        1.6224820261149102E-184
   1335.8830253452863        1.2860996085077376E-184
   1341.1628511536048        1.0182524772237801E-184
   1346.4426769619236        8.0523493580825992E-185
   1351.7225027702423        6.3602781975037195E-185
   1357.0023285785610        5.0178316784933405E-185
   1362.2821543868797        3.9540544228433251E-185
   1367.5619801951982        3.1121167037502855E-185
   1372.8418060035169        2.4465600821822345E-185
   1378.1216318118356        1.9210681638184860E-185
   1383.4014576201544        1.5066647957907185E-185
   1388.6812834284731        1.1802597057222840E-185
   1393.9611092367918        9.2347616325117651E-186
   1399.2409350451103        7.2170724330950696E-186
   1404.5207608534290        5.6335713196003867E-186
   1409.8005866617477        4.3923200802531517E-186
   1415.0804124700664        3.4205166439472516E-186
   1420.3602382783852        2.6605845761597091E-186
   1425.6400640867039        2.0670460582505659E-186
   1430.9198898950224        1.6040246969456165E-186
   1436.1997157033411        1.2432539504606268E-186
   1441.4795415116598        9.6249089950843019E-187
   1446.7593673199785        7.4425453323289903E-187
   1452.0391931282973        5.7482348443542221E-187
   1457.3190189366157        4.4344091210570144E-187
   1462.5988447449345        3.4168454825832420E-187
   1467.8786705532532        2.6296825645028822E-187
   1473.1584963615719        2.0214816455076643E-187
   1478.4383221698906        1.5521183965980046E-187
   1483.7181479782093        1.1903331773102605E-187
   1488.9979737865278        9.1180287535177344E-188
   1494.2777995948466        6.9762523350980090E-188
   1499.5576254031653        5.3312897429936343E-188
   1504.8374512114840        4.0694090735279880E-188
   1510.1172770198027        3.1025546881408360E-188
   1515.3971028281214        2.3626350897467675E-188
   1520.6769286364399        1.7970618969392191E-188
   1525.9567544447586        1.3652704078195612E-188
   1531.2365802530774        1.0360092793411825E-188
   1536.5164060613961        7.8523204100394260E-189
   1541.7962318697148        5.9445892157211713E-189
   1547.0760576780333        4.4950572348428148E-189
   1552.3558834863520        3.3949877513381918E-189
   1557.6357092946707        2.5611255899223464E-189
   1562.9155351029895        1.9298043683685788E-189
   1568.1953609113082        1.4523975513152450E-189
   1573.4751867196269        1.0918113652267074E-189
   1578.7550125279454        8.1978441825040233E-190
   1584.0348383362641        6.1481112730274500E-190
   1589.3146641445828        4.6054689068845392E-190
   1594.5944899529015        3.4458481073253385E-190
   1599.8743157612203        2.5751860337784097E-190
   1605.1541415695390        1.9222565646408192E-190
   1610.4339673778575        1.4331921645685650E-190
   1615.7137931861762        1.0673033858746112E-190
   1620.9936189944949        7.9389268377769130E-191
   1626.2734448028136        5.8982913766975425E-191
   1631.5532706111323        4.3770470686780444E-191
   1636.8330964194511        3.2443435807827522E-191
   1642.1129222277696        2.4019455177174648E-191
   1647.3927480360883        1.7761932301750845E-191
   1652.6725738444070        1.3119221736305059E-191
   1657.9523996527257        9.6786947930703302E-192
   1663.2322254610444        7.1320837580046668E-192
   1668.5120512693629        5.2493683382668910E-192
   1673.7918770776816        3.8591235995300960E-192
   1679.0717028860004        2.8337492108279607E-192
   1684.3515286943191        2.0783815253614818E-192
   1689.6313545026378        1.5225807176874014E-192
   1694.9111803109565        1.1141062791468679E-192
   1700.1910061192750        8.1426208968547900E-193
   1705.4708319275937        5.9441965080147902E-193
   1710.7506577359125        4.3342454520853986E-193
   1716.0304835442312        3.1566417662339355E-193
   1721.3103093525499        2.2962998530130640E-193
   1726.5901351608686        1.6684893971539176E-193
   1731.8699609691871        1.2109045409343075E-193
   1737.1497867775058        8.7778472164175499E-194
   1742.4296125858245        6.3556186238746373E-194
   1747.7094383941433        4.5964166699353141E-194
   1752.9892642024620        3.3202650331412070E-194
   1758.2690900107805        2.3956201574407929E-194
   1763.5489158190992        1.7264541901348408E-194
   1768.8287416274179        1.2427509395302782E-194
   1774.1085674357366        8.9352174859504527E-195
   1779.3883932440554        6.4167953453654618E-195
   1784.6682190523741        4.6028129587815186E-195
   1789.9480448606926        3.2977717209289801E-195
   1795.2278706690113        2.3599892256472551E-195
   1800.5076964773300        1.6869090325677872E-195
   1805.7875222856487        1.2043856263534304E-195
   1811.0673480939674        8.5887856518108385E-196
   1816.3471739022862        6.1177300341784998E-196
   1821.6269997106047        4.3525246442376691E-196
   1826.9068255189234        3.0930333174867377E-196
   1832.1866513272421        2.1954342164859743E-196
   1837.4664771355608        1.5564987336207128E-196
   1842.7463029438795        1.1022235070987237E-196
   1848.0261287521980        7.7962034055426239E-197
   1853.3059545605167        5.5079411311053746E-197
   1858.5857803688355        3.8867633102312286E-197
   1863.8656061771542        2.7395524228187437E-197
   1869.1454319854729        1.9286964984326215E-197
   1874.4252577937916        1.3562537872014477E-197
   1879.7050836021101        9.5260064230303791E-198
   1884.9849094104288        6.6830336665306016E-198
   1890.2647352187475        4.6830558699791665E-198
   1895.5445610270663        3.2777662440913596E-198
   1900.8243868353850        2.2914986439090642E-198
   1906.1042126437037        1.6001262691713701E-198
   1911.3840384520222        1.1160456701387978E-198
   1916.6638642603409        7.7750425933398363E-199
   1921.9436900686596        5.4102423723667508E-199
   1927.2235158769784        3.7603116197323686E-199
   1932.5033416852971        2.6105027715543605E-199
   1937.7831674936156        1.8101631631352091E-199
   1943.0629933019343        1.2537315770273476E-199
   1948.3428191102530        8.6733069891116835E-200
   1953.6226449185717        5.9931923932182146E-200
   1958.9024707268904        4.1364245065771568E-200
   1964.1822965352092        2.8515789562246342E-200
   1969.4621223435277        1.9635372713765814E-200
   1974.7419481518464        1.3504744773705873E-200
   1980.0217739601651        9.2774180963191017E-201
   1985.3015997684838        6.3659236665749189E-201
   1990.5814255768025        4.3630411286999144E-201
   1995.8612513851212        2.9868320452412083E-201
   2001.1410771934397        2.0423301311453830E-201
   2006.4209030017585        1.3948733168150292E-201
   2011.7007288100772        9.5156245802289380E-202
   2016.9805546183959        6.4838591957913453E-202
   2022.2603804267146        4.4128953109960489E-202
   2027.5402062350331        2.9999048429067636E-202
   2032.8200320433518        2.0369725162544828E-202
   2038.0998578516705        1.3815185666283879E-202
   2043.3796836599893        9.3588433727048459E-203
   2048.6595094683080        6.3325927444434553E-203
   2053.9393352766265        4.2799125516472139E-203
   2059.2191610849454        2.8892306818394566E-203
   2064.4989868932639        1.9481552196097886E-203
   2069.7788127015829        1.3120758423362527E-203
   2075.0586385099014        8.8264973701314730E-204
   2080.3384643182198        5.9307819248593418E-204
   2085.6182901265388        3.9804268341577978E-204
   2090.8981159348573        2.6683420159300546E-204
   2096.1779417431762        1.7866831075373654E-204
   2101.4577675514947        1.1949446333460285E-204
   2106.7375933598132        7.9825615842024090E-205
   2112.0174191681322        5.3263664545248705E-205
   2117.2972449764507        3.5498835361558893E-205
   2122.5770707847696        2.3631511037137002E-205
   2127.8568965930881        1.5713149059735239E-205
   2133.1367224014066        1.0435886492100302E-205
   2138.4165482097255        6.9229288409617448E-206
   2143.6963740180440        4.5871698296897038E-206
   2148.9761998263630        3.0359472932932494E-206
   2154.2560256346815        2.0069572352381230E-206
   2159.5358514430004        1.3251850195618641E-206
   2164.8156772513189        8.7399601172056939E-207
   2170.0955030596374        5.7575397226631861E-207
   2175.3753288679563        3.7884278382158757E-207
   2180.6551546762748        2.4898644512149632E-207
   2185.9349804845938        1.6345078997415066E-207
   2191.2148062929123        1.0717487893339683E-207
   2196.4946321012308        7.0192977024066978E-208
   2201.7744579095497        4.5918641354355895E-208
   2207.0542837178682        3.0003998026918278E-208
   2212.3341095261871        1.9582312720669434E-208
   2217.6139353345056        1.2765670014081993E-208
   2222.8937611428241        8.3122395052025007E-209
   2228.1735869511431        5.4061402485403451E-209
   2233.4534127594616        3.5119750085037250E-209
   2238.7332385677805        2.2788219663701923E-209
   2244.0130643760990        1.4769448272074177E-209
   2249.2928901844180        9.5612145653830965E-210
   2254.5727159927364        6.1823956750813635E-210
   2259.8525418010549        3.9929648859795630E-210
   2265.1323676093739        2.5759010135601371E-210
   2270.4121934176924        1.6598080077634514E-210
   2275.6920192260113        1.0682713213409808E-210
   2280.9718450343298        6.8675263405496443E-211
   2286.2516708426483        4.4097520422486096E-211
   2291.5314966509673        2.8282845399910322E-211
   2296.8113224592857        1.8118704572081772E-211
   2302.0911482676047        1.1593813872607312E-211
   2307.3709740759232        7.4100418522293505E-212
   2312.6507998842421        4.7305340806252336E-212
   2317.9306256925606        3.0164413734678036E-212
   2323.2104515008791        1.9212099240412917E-212
   2328.4902773091981        1.2222217088484291E-212
   2333.7701031175166        7.7664119908272505E-213
   2339.0499289258355        4.9293100649049352E-213
   2344.3297547341540        3.1249793310781706E-213
   2349.6095805424725        1.9788071975309425E-213
   2354.8894063507914        1.2515700250966418E-213
   2360.1692321591099        7.9068260555709079E-214
   2365.4490579674289        4.9893571760310375E-214
   2370.7288837757474        3.1447230497776142E-214
   2376.0087095840659        1.9797740631660216E-214
   2381.2885353923848        1.2449281678448179E-214
   2386.5683612007033        7.8193096585772557E-215
   2391.8481870090222        4.9055533791030209E-215
   2397.1280128173407        3.0739945461059235E-215
   2402.4078386256597        1.9240382051676248E-215
   2407.6876644339782        1.2028731220896031E-215
   2412.9674902422967        7.5114105357606124E-216
   2418.2473160506156        4.6850986975068932E-216
   2423.5271418589341        2.9188486405659961E-216
   2428.8069676672530        1.8163519676163527E-216
   2434.0867934755715        1.1289743208338100E-216
   2439.3666192838900        7.0091242345414556E-217
   2444.6464450922090        4.3464942402772192E-217
   2449.9262709005275        2.6922174405200333E-217
   2455.2060967088464        1.6656235393996345E-217
   2460.4859225171649        1.0292936070615025E-217
   2465.7657483254834        6.3532716795617856E-218
   2471.0455741338023        3.9169797120140608E-218
   2476.3253999421208        2.4121314850761422E-218
   2481.6052257504398        1.4837010704297814E-218
   2486.8850515587583        9.1156498882355414E-219
   2492.1648773670772        5.5940284883745043E-219
   2497.4447031753957        3.4289214642615379E-219
   2502.7245289837142        2.0993567524336329E-219
   2508.0043547920332        1.2838397394462210E-219
   2513.2841806003516        7.8420798315444616E-220
   2518.5640064086706        4.7846215947353770E-220
   2523.8438322169891        2.9158141662757485E-220
   2529.1236580253076        1.7748759786215933E-220
   2534.4034838336265        1.0791259146932865E-220
   2539.6833096419450        6.5534831710110710E-221
   2544.9631354502640        3.9752846045114157E-221
   2550.2429612585825        2.4085754330286528E-221
   2555.5227870669009        1.4576332978521587E-221
   2560.8026128752199        8.8111445724040927E-222
   2566.0824386835384        5.3200094909197839E-222
   2571.3622644918573        3.2084002063281652E-222
   2576.6420903001758        1.9326834504146313E-222
   2581.9219161084948        1.1628641951134576E-222
   2587.2017419168133        6.9886511606076887E-223
   2592.4815677251318        4.1952112633180848E-223
   2597.7613935334507        2.5154195500779219E-223
   2603.0412193417692        1.5064792899811276E-223
   2608.3210451500881        9.0118105173847540E-224
   2613.6008709584066        5.3846453478177176E-224
   2618.8806967667251        3.2136482416931590E-224
   2624.1605225750441        1.9157364716052944E-224
   2629.4403483833626        1.1406946538653706E-224
   2634.7201741916815        6.7842097789476152E-225
