   8.7095840660298435E-002   5.5421753522737646E-009
   5.3669216489789777        5.2654973816547636E-009
   10.646747457297657        4.9968724694084074E-009
   15.926573265616335        4.7364925178163421E-009
   21.206399073935017        4.4845118037601331E-009
   26.486224882253698        4.2410482470106324E-009
   31.766050690572374        4.0061848153955375E-009
   37.045876498891054        3.7799710501277800E-009
   42.325702307209731        3.5624246945339637E-009
   47.605528115528408        3.3535334095310012E-009
   52.885353923847092        3.1532565594509141E-009
   58.165179732165768        2.9615270521979836E-009
   63.445005540484445        2.7782532182275826E-009
   68.724831348803122        2.6033207134501576E-009
   74.004657157121812        2.4365944318740888E-009
   79.284482965440489        2.2779204145948753E-009
   84.564308773759166        2.1271277426021209E-009
   89.844134582077842        1.9840304017969390E-009
   95.123960390396519        1.8484291095780326E-009
   100.40378619871521        1.7201130933521869E-009
   105.68361200703389        1.5988618123421096E-009
   110.96343781535256        1.4844466150900832E-009
   116.24326362367124        1.3766323260789454E-009
   121.52308943198992        1.2751787559023224E-009
   126.80291524030859        1.1798421304047266E-009
   132.08274104862730        1.0903764351707186E-009
   137.36256685694596        1.0065346726634401E-009
   142.64239266526465        9.2807003018998654E-010
   147.92221847358334        8.5473695769891898E-010
   153.20204428190200        7.8629215518900743E-010
   158.48187009022070        7.2249547022471490E-010
   163.76169589853936        6.6311070671007818E-010
   169.04152170685805        6.0790634666681668E-010
   174.32134751517674        5.5665618729376748E-010
   179.60117332349540        5.0913989605279837E-010
   184.88099913181409        4.6514348693177110E-010
   190.16082494013276        4.2445972137908549E-010
   195.44065074845145        3.8688843768849886E-010
   200.72047655677014        3.5223681283959867E-010
   206.00030236508880        3.2031956097119342E-010
   211.28012817340749        2.9095907278499851E-010
   216.55995398172615        2.6398550024872923E-010
   221.83977979004484        2.3923679099467033E-010
   227.11960559836353        2.1655867679570276E-010
   232.39943140668220        1.9580462044953597E-010
   237.67925721500089        1.7683572531745156E-010
   242.95908302331955        1.5952061165011304E-010
   248.23890883163824        1.4373526369381092E-010
   253.51873463995690        1.2936285140976558E-010
   258.79856044827562        1.1629353046031127E-010
   264.07838625659429        1.0442422392262247E-010
   269.35821206491295        9.3658388986281064E-011
   274.63803787323161        8.3905771678638031E-011
   279.91786368155033        7.5082152444435951E-011
   285.19768948986899        6.7109085186202773E-011
   290.47751529818765        5.9913632151901450E-011
   295.75734110650637        5.3428096838409405E-011
   301.03716691482504        4.7589756865486147E-011
   306.31699272314370        4.2340598566682162E-011
   311.59681853146242        3.7627054842531788E-011
   316.87664433978108        3.3399747628603568E-011
   322.15647014809974        2.9613236147488018E-011
   327.43629595641841        2.6225771940404937E-011
   332.71612176473712        2.3199061511343098E-011
   337.99594757305579        2.0498037264937951E-011
   343.27577338137445        1.8090637278862535E-011
   348.55559918969317        1.5947594322441644E-011
   353.83542499801183        1.4042234415458206E-011
   359.11525080633049        1.2350285114528936E-011
   364.39507661464916        1.0849693618729406E-011
   369.67490242296788        9.5204547009811176E-012
   374.95472823128654        8.3444483966637814E-012
   380.23455403960520        7.3052873154884338E-012
   385.51437984792392        6.3881733863456486E-012
   390.79420565624258        5.5797637970522799E-012
   396.07403146456124        4.8680458510855127E-012
   401.35385727287996        4.2422204309063001E-012
   406.63368308119863        3.6925937317381206E-012
   411.91350888951729        3.2104769100760107E-012
   417.19333469783595        2.7880932771683001E-012
   422.47316050615467        2.4184926586605322E-012
   427.75298631447333        2.0954725369652855E-012
   433.03281212279200        1.8135055921917485E-012
   438.31263793111071        1.5676732601310846E-012
   443.59246373942938        1.3536049313757551E-012
   448.87228954774804        1.1674224237098891E-012
   454.15211535606676        1.0056893700349681E-012
   459.43194116438542        8.6536517591300728E-013
   464.71176697270408        7.4376321397519482E-013
   469.99159278102275        6.3851293664575724E-013
   475.27141858934147        5.4752560358958074E-013
   480.55124439766013        4.6896333575850548E-013
   485.83107020597879        4.0121122366614139E-013
   491.11089601429751        3.4285223337197336E-013
   496.39072182261617        2.9264466943735480E-013
   501.67054763093483        2.4950196968666367E-013
   506.95037343925350        2.1247462184812001E-013
   512.23019924757216        1.8073400696170094E-013
   517.51002505589088        1.5355798874732993E-013
   522.78985086420948        1.3031808186239928E-013
   528.06967667252820        1.1046804509656622E-013
   533.34950248084681        9.3533758020227099E-014
   538.62932828916553        7.9104251399174419E-014
   543.90915409748425        6.6823772800637376E-014
   549.18897990580285        5.6384779242651702E-014
   554.46880571412157        4.7521758484941874E-014
   559.74863152244029        4.0005789636807258E-014
   565.02845733075890        3.3639762182895136E-014
   570.30828313907762        2.8254180322451023E-014
   575.58810894739634        2.3703486706215993E-014
   580.86793475571494        1.9862846264743975E-014
   586.14776056403366        1.6625336881488948E-014
   591.42758637235238        1.3899499203726785E-014
   596.70741218067099        1.1607202935031569E-014
   601.98723798898970        9.6817915456670004E-015
   607.26706379730842        8.0664715026739466E-015
   612.54688960562703        6.7129158899559107E-015
   617.82671541394575        5.5800556897940546E-015
   623.10654122226447        4.6330350594827732E-015
   628.38636703058307        3.8423096875173813E-015
   633.66619283890179        3.1828697790610098E-015
   638.94601864722040        2.6335714249581068E-015
   644.22584445553912        2.1765620756208770E-015
   649.50567026385784        1.7967875925053767E-015
   654.78549607217644        1.4815699059717293E-015
   660.06532188049516        1.2202456880025650E-015
   665.34514768881388        1.0038576690323212E-015
   670.62497349713249        8.2489130614617914E-016
   675.90479930545121        6.7705045995319545E-016
   681.18462511376993        5.5506657307299177E-016
   686.46445092208853        4.5453657676199914E-016
   691.74427673040725        3.7178539497665032E-016
   697.02410253872597        3.0374947731152032E-016
   702.30392834704458        2.4787828295880334E-016
   707.58375415536329        2.0205106540174266E-016
   712.86357996368201        1.6450667942486702E-016
   718.14340577200062        1.3378445487099660E-016
   723.42323158031934        1.0867446136173695E-016
   728.70305738863794        8.8175730239438380E-017
   733.98288319695666        7.1461209010059040E-017
   739.26270900527538        5.7848403759654545E-017
   744.54253481359399        4.6774820090932959E-017
   749.82236062191271        3.7777446354676312E-017
   755.10218643023143        3.0475637217492369E-017
   760.38201223855003        2.4556853446389570E-017
   765.66183804686875        1.9764797424249695E-017
   770.94166385518747        1.5889555282530081E-017
   776.22148966350608        1.2759417345998939E-017
   781.50131547182480        1.0234100307954126E-017
   786.78114128014352        8.1991384791138601E-018
   792.06096708846212        6.5612486949978997E-018
   797.34079289678084        5.2445049914038959E-018
   802.62061870509956        4.1871858005855722E-018
   807.90044451341817        3.3391789022976461E-018
   813.18027032173688        2.6598483040901156E-018
   818.46009613005560        2.1162831569748825E-018
   823.73992193837421        1.6818621928384362E-018
   829.01974774669293        1.3350783899432699E-018
   834.29957355501153        1.0585779668290590E-018
   839.57939936333025        8.3837565798676982E-019
   844.85922517164897        6.6321477957140262E-019
   850.13905097996758        5.2404605641506056E-019
   855.41887678828630        4.1360372769567999E-019
   860.69870259660502        3.2606122599854174E-019
   865.97852840492362        2.5675185844841299E-019
   871.25835421324234        2.0194251480886011E-019
   876.53818002156106        1.5865057500145440E-019
   881.81800582987967        1.2449596229176336E-019
   887.09783163819839        9.7581751306874471E-020
   892.37765744651711        7.6397944798464171E-020
   897.65748325483571        5.9744023751947210E-020
   902.93730906315443        4.6666688910060964E-020
   908.21713487147315        3.6409878757505269E-020
   913.49696067979175        2.8374695087876986E-020
   918.77678648811047        2.2087313714573356E-020
   924.05661229642908        1.7173322346004447E-020
   929.33643810474780        1.3337224749144561E-020
   934.61626391306652        1.0346092174895767E-020
   939.89608972138512        8.0165396084755594E-021
   945.17591552970384        6.2043639803129013E-021
   950.45574133802256        4.7963108140372800E-021
   955.73556714634117        3.7035404768281120E-021
   961.01539295465989        2.8564498127185917E-021
   966.29521876297861        2.2005732339406756E-021
   971.57504457129721        1.6933423895981371E-021
   976.85487037961593        1.3015278334511527E-021
   982.13469618793465        9.9922171972128059E-022
   987.41452199625326        7.6624913433277291E-022
   992.69434780457198        5.8691857436928186E-022
   997.97417361289070        4.4904042144074034E-022
   1003.2539994212093        3.4315690756358116E-022
   1008.5338252295280        2.6193876756842887E-022
   1013.8136510378466        1.9971309402346129E-022
   1019.0934768461653        1.5209433063193445E-022
   1024.3733026544842        1.1569623799528617E-022
   1029.6531284628029        8.7907347315130525E-023
   1034.9329542711216        6.6716128768097736E-023
   1040.2127800794401        5.0575039102967819E-023
   1045.4926058877588        3.8294935464734064E-023
   1050.7724316960775        2.8963175944045191E-023
   1056.0522575043963        2.1880172862990297E-023
   1061.3320833127150        1.6510302896008367E-023
   1066.6119091210335        1.2443972958056972E-023
   1071.8917349293522        9.3683434148770589E-024
   1077.1715607376709        7.0447611260463921E-024
   1082.4513865459896        5.2913862780971432E-024
   1087.7312123543084        3.9698343718533561E-024
   1093.0110381626271        2.9749182389212294E-024
   1098.2908639709456        2.2267804857433152E-024
   1103.5706897792643        1.6648668461579172E-024
   1108.8505155875830        1.2433154456378592E-024
   1114.1303413959017        9.2743371259772170E-025
   1119.4101672042204        6.9100971644226667E-025
   1124.6899930125392        5.1426285364756657E-025
   1129.9698188208577        3.8228378949982926E-025
   1135.2496446291764        2.8384832464044206E-025
   1140.5294704374951        2.1051668074505264E-025
   1145.8092962458138        1.5595037310799036E-025
   1151.0891220541325        1.1539474937095191E-025
   1156.3689478624513        8.5287503892511514E-026
   1161.6487736707697        6.2962865614668170E-026
   1166.9285994790885        4.6428354644392996E-026
   1172.2084252874072        3.4196513219421244E-026
   1177.4882510957259        2.5158230120579477E-026
   1182.7680769040446        1.8487495018136958E-026
   1188.0479027123631        1.3569872916240027E-026
   1193.3277285206818        9.9488576441475384E-027
   1198.6075543290005        7.2856848039995553E-027
   1203.8873801373193        5.3292643891780396E-027
   1209.1672059456380        3.8937124879346157E-027
   1214.4470317539567        2.8415821718808924E-027
   1219.7268575622752        2.0713633342555429E-027
   1225.0066833705939        1.5081761729425635E-027
   1230.2865091789126        1.0968508897588627E-027
   1235.5663349872314        7.9678809077220756E-028
   1240.8461607955501        5.7814636896691842E-028
   1246.1259866038688        4.1901782316870394E-028
   1251.4058124121873        3.0333806775805003E-028
   1256.6856382205060        2.1934162744167125E-028
   1261.9654640288247        1.5842179606693425E-028
   1267.2452898371434        1.1429007814785775E-028
   1272.5251156454622        8.2357252998682633E-029
   1277.8049414537807        5.9278185430205657E-029
   1283.0847672620994        4.2617471091888210E-029
   1288.3645930704181        3.0604139668614757E-029
   1293.6444188787368        2.1951914429775578E-029
   1298.9242446870555        1.5727668716118128E-029
   1304.2040704953743        1.1255272913462417E-029
   1309.4838963036927        8.0453961473691639E-030
   1314.7637221120115        5.7443191647017322E-030
   1320.0435479203302        4.0966552394612341E-030
   1325.3233737286489        2.9182332212812970E-030
   1330.6031995369676        2.0763965727537942E-030
   1335.8830253452863        1.4757076727261951E-030
   1341.1628511536048        1.0475869822564988E-030
   1346.4426769619236        7.4281313824225988E-031
   1351.7225027702423        5.2610058635271082E-031
   1357.0023285785610        3.7218401865200315E-031
   1362.2821543868797        2.6299432769948788E-031
   1367.5619801951982        1.8562427406285380E-031
   1372.8418060035169        1.3086481048357327E-031
   1378.1216318118356        9.2153263247621873E-032
   1383.4014576201544        6.4818396416070595E-032
   1388.6812834284731        4.5539218371561159E-032
   1393.9611092367918        3.1957484546397868E-032
   1399.2409350451103        2.2400583375361478E-032
   1404.5207608534290        1.5683601383917272E-032
   1409.8005866617477        1.0968114824352234E-032
   1415.0804124700664        7.6615723463775945E-033
   1420.3602382783852        5.3456873041414229E-033
   1425.6400640867039        3.7255373448182349E-033
   1430.9198898950224        2.5934269340717190E-033
   1436.1997157033411        1.8032620312136286E-033
   1441.4795415116598        1.2524009424560066E-033
   1446.7593673199785        8.6881569714354747E-034
   1452.0391931282973        6.0202102340565595E-034
   1457.3190189366157        4.1667302186096785E-034
   1462.5988447449345        2.8805726485316161E-034
   1467.8786705532532        1.9891246933321920E-034
   1473.1584963615719        1.3719709341856425E-034
   1478.4383221698906        9.4520832580237397E-035
   1483.7181479782093        6.5044397000635965E-035
   1488.9979737865278        4.4708692698972558E-035
   1494.2777995948466        3.0695433849827522E-035
   1499.5576254031653        2.1050155425881985E-035
   1504.8374512114840        1.4419047196266588E-035
   1510.1172770198027        9.8654646703909038E-036
   1515.3971028281214        6.7421475655672865E-036
   1520.6769286364399        4.6023398760476400E-036
   1525.9567544447586        3.1380426876533891E-036
   1531.2365802530774        2.1371683427227376E-036
   1536.5164060613961        1.4538457914168627E-036
   1541.7962318697148        9.8786518610735565E-037
   1547.0760576780333        6.7046597516755608E-037
   1552.3558834863520        4.5452265157488437E-037
   1557.6357092946707        3.0777550018172848E-037
   1562.9155351029895        2.0816719284196280E-037
   1568.1953609113082        1.4063397476019865E-037
   1573.4751867196269        9.4900378150139966E-038
   1578.7550125279454        6.3965435376812251E-038
   1584.0348383362641        4.3064806806537274E-038
   1589.3146641445828        2.8960054315793793E-038
   1594.5944899529015        1.9452524305559631E-038
   1599.8743157612203        1.3051255355031328E-038
   1605.1541415695390        8.7463798198119214E-039
   1610.4339673778575        5.8546927012929107E-039
   1615.7137931861762        3.9145297911809102E-039
   1620.9936189944949        2.6142964067146201E-039
   1626.2734448028136        1.7439329170826161E-039
   1631.5532706111323        1.1619955104345289E-039
   1636.8330964194511        7.7335491641315517E-040
   1642.1129222277696        5.1410636085103821E-040
   1647.3927480360883        3.4137116126200375E-040
   1652.6725738444070        2.2641250385296166E-040
   1657.9523996527257        1.4999393934031177E-040
   1663.2322254610444        9.9253708085989504E-041
   1668.5120512693629        6.5602364991651717E-041
   1673.7918770776816        4.3310378308014329E-041
   1679.0717028860004        2.8560393322162564E-041
   1684.3515286943191        1.8812049666982045E-041
   1689.6313545026378        1.2376782956361657E-041
   1694.9111803109565        8.1335316169865696E-042
   1700.1910061192750        5.3388813477903998E-042
   1705.4708319275937        3.5004276429340446E-042
   1710.7506577359125        2.2924066850463379E-042
   1716.0304835442312        1.4995534608481992E-042
   1721.3103093525499        9.7978766239704046E-043
   1726.5901351608686        6.3944280524097389E-043
   1731.8699609691871        4.1684171087845119E-043
   1737.1497867775058        2.7141907121698964E-043
   1742.4296125858245        1.7652624212340012E-043
   1747.7094383941433        1.1467742111684883E-043
   1752.9892642024620        7.4412566811821659E-044
   1758.2690900107805        4.8229679825478786E-044
   1763.5489158190992        3.1223544161848897E-044
   1768.8287416274179        2.0190624077058705E-044
   1774.1085674357366        1.3041183731201353E-044
   1779.3883932440554        8.4136416335846565E-045
   1784.6682190523741        5.4218903724969854E-045
   1789.9480448606926        3.4899337287720111E-045
   1795.2278706690113        2.2437959192305831E-045
   1800.5076964773300        1.4409511346874934E-045
   1805.7875222856487        9.2430409814658229E-046
   1811.0673480939674        5.9221612683422739E-046
   1816.3471739022862        3.7900532029671849E-046
   1821.6269997106047        2.4227584055776093E-046
   1826.9068255189234        1.5469441602281256E-046
   1832.1866513272421        9.8659495746553301E-047
   1837.4664771355608        6.2849651127415801E-047
   1842.7463029438795        3.9991397141815766E-047
   1848.0261287521980        2.5417334729709061E-047
   1853.3059545605167        1.6135898951402982E-047
   1858.5857803688355        1.0231894380323549E-047
   1863.8656061771542        6.4806513426875521E-048
   1869.1454319854729        4.0999729519032173E-048
   1874.4252577937916        2.5908546656971244E-048
   1879.7050836021101        1.6353278685762335E-048
   1884.9849094104288        1.0310182425836106E-048
   1890.2647352187475        6.4927336488650535E-049
   1895.5445610270663        4.0840264913131017E-049
   1900.8243868353850        2.5659562043667839E-049
   1906.1042126437037        1.6103106100419807E-049
   1911.3840384520222        1.0094150951507190E-049
   1916.6638642603409        6.3201831167157170E-050
   1921.9436900686596        3.9526581321353492E-050
   1927.2235158769784        2.4691562398235777E-050
   1932.5033416852971        1.5406628663609141E-050
   1937.7831674936156        9.6021035385477826E-051
   1943.0629933019343        5.9775728798368506E-051
   1948.3428191102530        3.7169190330943619E-051
   1953.6226449185717        2.3085593680782407E-051
   1958.9024707268904        1.4321836784639838E-051
   1964.1822965352092        8.8747498051641435E-052
   1969.4621223435277        5.4930460823535141E-052
   1974.7419481518464        3.3960188505300200E-052
   1980.0217739601651        2.0971363491765611E-052
   1985.3015997684838        1.2935492520796033E-052
   1990.5814255768025        7.9696453617256187E-053
   1995.8612513851212        4.9045001167619163E-053
   2001.1410771934397        3.0147425309702087E-053
   2006.4209030017585        1.8509957956337687E-053
   2011.7007288100772        1.1351685815218106E-053
   2016.9805546183959        6.9536850812631004E-054
   2022.2603804267146        4.2547044761001984E-054
   2027.5402062350331        2.6003003094962013E-054
   2032.8200320433518        1.5873669761798135E-054
   2038.0998578516705        9.6790091399772208E-055
   2043.3796836599893        5.8950050946857816E-055
   2048.6595094683080        3.5862222055030154E-055
   2053.9393352766265        2.1791640800741548E-055
   2059.2191610849454        1.3226422567921976E-055
   2064.4989868932639        8.0185267365692154E-056
   2069.7788127015829        4.8556401660741821E-056
   2075.0586385099014        2.9369606964864838E-056
   2080.3384643182198        1.7743917102606251E-056
   2085.6182901265388        1.0707808381114472E-056
   2090.8981159348573        6.4543335821801563E-057
   2096.1779417431762        3.8859924273605745E-057
   2101.4577675514947        2.3369650540628731E-057
   2106.7375933598132        1.4037902192898257E-057
   2112.0174191681322        8.4227116310392518E-058
   2117.2972449764507        5.0477911458313235E-058
   2122.5770707847696        3.0216944633882131E-058
   2127.8568965930881        1.8067557515386220E-058
   2133.1367224014066        1.0790661492341892E-058
   2138.4165482097255        6.4371913252945507E-059
   2143.6963740180440        3.8356987564973066E-059
   2148.9761998263630        2.2829284055630876E-059
   2154.2560256346815        1.3571873961165001E-059
   2159.5358514430004        8.0591097386903504E-060
   2164.8156772513189        4.7800676930753019E-060
   2170.0955030596374        2.8319184970216867E-060
   2175.3753288679563        1.6758192666366014E-060
   2180.6551546762748        9.9054300146546384E-061
   2185.9349804845938        5.8481595746225508E-061
   2191.2148062929123        3.4487746744784811E-061
   2196.4946321012308        2.0314687816190493E-061
   2201.7744579095497        1.1952402524012280E-061
   2207.0542837178682        7.0242505500017008E-062
   2212.3341095261871        4.1232959125159500E-062
   2217.6139353345056        2.4176238904746467E-062
   2222.8937611428241        1.4159003839288844E-062
   2228.1735869511431        8.2827849589742114E-063
   2233.4534127594616        4.8397151207440748E-063
   2238.7332385677805        2.8246389065946590E-063
   2244.0130643760990        1.6466670706607404E-063
   2249.2928901844180        9.5884496150816270E-064
   2254.5727159927364        5.5768723758521605E-064
   2259.8525418010549        3.2399085149475767E-064
   2265.1323676093739        1.8800721418591401E-064
   2270.4121934176924        1.0897227233157522E-064
   2275.6920192260113        6.3089520352690957E-065
   2280.9718450343298        3.6483640693950250E-065
   2286.2516708426483        2.1073605223801496E-065
   2291.5314966509673        1.2158478633707547E-065
   2296.8113224592857        7.0067941316009326E-066
   2302.0911482676047        4.0332877281087515E-066
   2307.3709740759232        2.3189894781428847E-066
   2312.6507998842421        1.3317971373966623E-066
   2317.9306256925606        7.6397140198045416E-067
   2323.2104515008791        4.3773961564263540E-067
   2328.4902773091981        2.5052687921869460E-067
   2333.7701031175166        1.4321632670361823E-067
   2339.0499289258355        8.1776865160877011E-068
   2344.3297547341540        4.6641027764404997E-068
   2349.6095805424725        2.6570852657044164E-068
   2354.8894063507914        1.5119679879652980E-068
   2360.1692321591099        8.5936849284603295E-069
   2365.4490579674289        4.8788333478364318E-069
   2370.7288837757474        2.7666375433175745E-069
   2376.0087095840659        1.5670695584064152E-069
   2381.2885353923848        8.8659240804772320E-070
   2386.5683612007033        5.0102508197654486E-070
   2391.8481870090222        2.8280992928887728E-070
   2397.1280128173407        1.5945185074494530E-070
   2402.4078386256597        8.9797490802466402E-071
   2407.6876644339782        5.0512465190062478E-071
   2412.9674902422967        2.8381324070399591E-071
   2418.2473160506156        1.5928191445697369E-071
   2423.5271418589341        8.9289421049511374E-072
   2428.8069676672530        4.9995771308921620E-072
   2434.0867934755715        2.7961873358437666E-072
   2439.3666192838900        1.5620645690409676E-072
   2444.6464450922090        8.7162850559859882E-073
   2449.9262709005275        4.8580680482865553E-073
   2455.2060967088464        2.7045529495612353E-073
   2460.4859225171649        1.5039282209701407E-073
   2465.7657483254834        8.3533072349545547E-074
   2471.0455741338023        4.6343574388899476E-074
   2476.3253999421208        2.5681496359072198E-074
   2481.6052257504398        1.4215130409125421E-074
   2486.8850515587583        7.8592498870834200E-075
   2492.1648773670772        4.3402132907800623E-075
   2497.4447031753957        2.3940916577005902E-075
   2502.7245289837142        1.3190771580636900E-075
   2508.0043547920332        7.2593770183786211E-076
   2513.2841806003516        3.9905084091535231E-076
   2518.5640064086706        2.1910729344154995E-076
   2523.8438322169891        1.2016698472501346E-076
   2529.1236580253076        6.5828387844585322E-077
   2534.4034838336265        3.6019775394561193E-077
   2539.6833096419450        1.9686499826103410E-077
   2544.9631354502640        1.0747210123329348E-077
   2550.2429612585825        5.8603384515531712E-078
   2555.5227870669009        3.1919007790499091E-078
   2560.8026128752199        1.7365040188605534E-078
   2566.0824386835384        9.4363041054829472E-079
   2571.3622644918573        5.1218610224884794E-079
   2576.6420903001758        2.7768561172633167E-079
   2581.9219161084948        1.5037605610527894E-079
   2587.2017419168133        8.1339917820705822E-080
   2592.4815677251318        4.3946925136357540E-080
   2597.7613935334507        2.3716630328337222E-080
   2603.0412193417692        1.2784307272659697E-080
   2608.3210451500881        6.8833704380550347E-081
   2613.6008709584066        3.7019010834518642E-081
   2618.8806967667251        1.9886035183842469E-081
   2624.1605225750441        1.0670169604553940E-081
   2629.4403483833626        5.7186585660880906E-082
   2634.7201741916815        3.0613764598462609E-082
