# Recoil energy (kev)        Event rate (events/gev)
  0.10000000000000001        4089739661.4979339     
   1.1000000000000001        3857254908.7743750     
   2.1000000000000001        3637023600.4560246     
   3.1000000000000001        3428449040.0652590     
   4.0999999999999996        3230961088.7106552     
   5.0999999999999996        3044015113.9607258     
   6.0999999999999996        2867090973.0099602     
   7.0999999999999996        2699692029.4775968     
   8.0999999999999996        2541344203.1535125     
   9.0999999999999996        2391595051.9874072     
   10.100000000000000        2250012885.6032410     
   11.100000000000000        2116185909.6093395     
   12.100000000000000        1989721399.9663725     
   13.100000000000000        1870244906.6694920     
   14.100000000000000        1757399485.9973357     
   15.100000000000000        1650844960.5794883     
   16.100000000000001        1550257206.5346012     
   17.100000000000001        1455327466.9337268     
   18.100000000000001        1365761690.8476005     
   19.100000000000001        1281279897.2421284     
   20.100000000000001        1201615562.9929855     
   21.100000000000001        1126515034.2984900     
   22.100000000000001        1055736960.7786418     
   23.100000000000001        989051751.55838418     
   24.100000000000001        926241052.64374089     
   25.100000000000001        867097244.91108572     
   26.100000000000001        811422962.04166901     
   27.100000000000001        759030627.74638534     
   28.100000000000001        709742011.63852775     
   29.100000000000001        663387803.12596202     
   30.100000000000001        619807202.70766580     
   31.100000000000001        578847530.07368290     
   32.100000000000001        540363848.42164660     
   33.100000000000001        504218604.41732615     
   34.100000000000001        470281283.24102783     
   35.100000000000001        438428078.17612022     
   36.100000000000001        408541574.21036738     
   37.100000000000001        380510445.13514078     
   38.100000000000001        354229163.64197469     
   39.100000000000001        329597723.93005848     
   40.100000000000001        306521376.35249877     
   41.100000000000001        284910373.64307678     
   42.100000000000001        264679728.27908105     
   43.100000000000001        245748980.54940820     
   44.100000000000001        228041976.91055983     
   45.100000000000001        211486658.22637528     
   46.100000000000001        196014857.50033456     
   47.100000000000001        181562106.72200969     
   48.100000000000001        168067452.46175113     
   49.100000000000001        155473279.85994256     
   50.100000000000001        143725144.66914469     
   51.100000000000001        132771613.01916789     
   52.100000000000001        122564108.58656727     
   53.100000000000001        113056766.86122116     
   54.100000000000001        104206296.21356237     
   55.100000000000001        95971845.476649836     
   56.100000000000001        88314877.767604753     
   57.100000000000001        81199050.283015683     
   58.100000000000001        74590099.812700361     
   59.100000000000001        68455733.725718290     
   60.100000000000001        62765526.191786893     
   61.100000000000001        57490819.410210781     
   62.100000000000001        52604629.627144039     
   63.100000000000001        48081557.730440967     
   64.099999999999994        43897704.219534680     
   65.099999999999994        40030588.355698116     
   66.099999999999994        36459071.305717625     
   67.099999999999994        33163283.099426627     
   68.099999999999994        30124553.228728853     
   69.099999999999994        27325344.722678524     
   70.099999999999994        24749191.539891891     
   71.099999999999994        22380639.126043867     
   72.099999999999994        20205187.990457095     
   73.099999999999994        18209240.161830001     
   74.099999999999994        16380048.388971694     
   75.099999999999994        14705667.958032284     
   76.099999999999994        13174911.003129041     
   77.099999999999994        11777303.192490460     
   78.099999999999994        10503042.677263770     
   79.099999999999994        9342961.1949752625     
   80.099999999999994        8288487.2242929386     
   81.099999999999994        7331611.0922228247     
   82.099999999999994        6464851.9391890084     
   83.099999999999994        5681226.4515924770     
   84.099999999999994        4974219.2754361704     
   85.099999999999994        4337755.0284342933     
   86.099999999999994        3766171.8317101151     
   87.099999999999994        3254196.2857220876     
   88.099999999999994        2796919.8184568845     
   89.099999999999994        2389776.3371875123     
   90.099999999999994        2028521.1182252849     
   91.099999999999994        1709210.8720954689     
   92.099999999999994        1428184.9244465814     
   93.099999999999994        1182047.4557636185     
   94.099999999999994        967650.74560219795     
   95.099999999999994        782079.36959626642     
   96.099999999999994        622635.29992193205     
   97.099999999999994        486823.86222661479     
   98.099999999999994        372340.50426101114     
   99.099999999999994        277058.33358423389     
   100.09999999999999        199016.38375362672     
   101.09999999999999        136408.57036368694     
   102.09999999999999        87573.300166625428     
   103.09999999999999        50983.698293358335     
   104.09999999999999        25238.420301479087     
   105.09999999999999        9053.0174090894761     
   106.09999999999999        1251.8248330017898     
   107.09999999999999        760.34463981505667     
   108.09999999999999        6598.0959413970368     
   109.09999999999999        17871.906625017018     
   110.09999999999999        33769.622105404036     
   111.09999999999999        53554.207823832628     
   112.09999999999999        76558.223400318471     
   113.09999999999999        102178.64747158288     
   114.09999999999999        129872.03332174865     
   115.09999999999999        159149.97643696677     
   116.09999999999999        189574.87609151550     
   117.09999999999999        220755.97400320836     
   118.09999999999999        252345.65398232260     
   119.09999999999999        284035.98734246159     
   120.09999999999999        315555.50964562455     
   121.09999999999999        346666.21511906578     
   122.09999999999999        377160.75580991496     
   123.09999999999999        406859.83323648834     
   124.09999999999999        435609.77095465857     
   125.09999999999999        463280.25708453212     
   126.09999999999999        489762.24643888889     
   127.09999999999999        514966.01246157096     
   128.09999999999999        538819.33972246072     
   129.09999999999999        561265.84822739603     
   130.09999999999999        582263.44128731580     
   131.09999999999999        601782.86915237643     
   132.09999999999999        619806.40105497884     
   133.09999999999999        636326.59872122773     
   134.09999999999999        651345.18480508681     
   135.09999999999999        664872.00007348484     
   136.09999999999999        676924.04352571256     
   137.09999999999999        687524.58996668970     
   138.09999999999999        696702.37987272232     
   139.09999999999999        704490.87669045210     
   140.09999999999999        710927.58699581632     
   141.09999999999999        716053.43921112688     
   142.09999999999999        719912.21683463803     
   143.09999999999999        722550.04238012049     
   144.09999999999999        724014.90845353727     
   145.09999999999999        724356.25261139392     
   146.09999999999999        723624.57285070617     
   147.09999999999999        721871.08077490958     
   148.09999999999999        719147.38966361177     
   149.09999999999999        715505.23484738288     
   150.09999999999999        710996.22395275068     
   151.09999999999999        705671.61473701673     
   152.09999999999999        699582.11837857449     
   153.09999999999999        692777.72622594028     
   154.09999999999999        685307.55813865177     
   155.09999999999999        677219.73067552305     
   156.09999999999999        668561.24350117601     
   157.09999999999999        659377.88249028404     
   158.09999999999999        649714.13811148307     
   159.09999999999999        639613.13776915858     
   160.09999999999999        629116.59087186307     
   161.09999999999999        618264.74548162054     
   162.09999999999999        607096.35547825415     
   163.09999999999999        595648.65724844427     
   164.09999999999999        583957.35497985419     
   165.09999999999999        572056.61370716395     
   166.09999999999999        559979.05931921001     
   167.09999999999999        547755.78479492501     
   168.09999999999999        535416.36199064495     
   169.09999999999999        522988.85835273925     
   170.09999999999999        510499.85797768342     
   171.09999999999999        497974.48648674088     
   172.09999999999999        485436.43922468403     
   173.09999999999999        472908.01233130071     
   174.09999999999999        460410.13627138746     
   175.09999999999999        447962.41144334112     
   176.09999999999999        435583.14551853627     
   177.09999999999999        423289.39219373901     
   178.09999999999999        411096.99106666935     
   179.09999999999999        399020.60837088135     
   180.09999999999999        387073.77833036636     
   181.09999999999999        375268.94491679699     
   182.09999999999999        363617.50381323410     
   183.09999999999999        352129.84440763196     
   184.09999999999999        340815.39165745128     
   185.09999999999999        329682.64768339880     
   186.09999999999999        318739.23296583822     
   187.09999999999999        307991.92703166703     
   188.09999999999999        297446.70853274473     
   189.09999999999999        287108.79462906945     
   190.09999999999999        276982.67960125400     
   191.09999999999999        267072.17262712517     
   192.09999999999999        257380.43466682144     
   193.09999999999999        247910.01440947445     
   194.09999999999999        238662.88324261387     
   195.09999999999999        229640.46921268516     
   196.09999999999999        220843.68995182350     
   197.09999999999999        212272.98455205612     
   198.09999999999999        203928.34437371037     
   199.09999999999999        195809.34277976048     
   200.09999999999999        187915.16379245039     
   201.09999999999999        180244.62967257973     
   202.09999999999999        172796.22742558026     
   203.09999999999999        165568.13424174659     
   204.09999999999999        158558.24188101149     
   205.09999999999999        151764.18001519071     
   206.09999999999999        145183.33854301419     
   207.09999999999999        138812.88889523025     
   208.09999999999999        132649.80434888642     
   209.09999999999999        126690.87937138931     
   210.09999999999999        120932.74801629945     
   211.09999999999999        115371.90139387287     
   212.09999999999999        110004.70424034513     
   213.09999999999999        104827.41061066177     
   214.09999999999999        99836.178719983203     
   215.09999999999999        95027.084959729022     
   216.09999999999999        90396.137114287631     
   217.09999999999999        85939.286804670948     
   218.09999999999999        81652.441185560689     
   219.09999999999999        77531.473922137899     
   220.09999999999999        73572.235473054330     
   221.09999999999999        69770.562705714590     
   222.09999999999999        66122.287869818436     
   223.09999999999999        62623.246954824543     
   224.09999999999999        59269.287456645128     
   225.09999999999999        56056.275578483102     
   226.09999999999999        52980.102890286267     
   227.09999999999999        50036.692470828151     
   228.09999999999999        47222.004555892483     
   229.09999999999999        44532.041715530067     
   230.09999999999999        41962.853582778553     
   231.09999999999999        39510.541155669023     
   232.09999999999999        37171.260693747710     
   233.09999999999999        34941.227229735108     
   234.09999999999999        32816.717716331521     
   235.09999999999999        30794.073827563476     
   236.09999999999999        28869.704433431292     
   237.09999999999999        27040.087766006603     
   238.09999999999999        25301.773294492992     
   239.09999999999999        23651.383326152394     
   240.09999999999999        22085.614349368974     
   241.09999999999999        20601.238134529853     
   242.09999999999999        19195.102607779689     
   243.09999999999999        17864.132512123102     
   244.09999999999999        16605.329869756486     
   245.09999999999999        15415.774258937747     
   246.09999999999999        14292.622918136560     
   247.09999999999999        13233.110689656154     
   248.09999999999999        12234.549814373742     
   249.09999999999999        11294.329588727534     
   250.09999999999999        10409.915894550606     
   251.09999999999999        9578.8506118654805     
   252.09999999999999        8798.7509242584783     
   253.09999999999999        8067.3085259804848     
   254.09999999999999        7382.2887394671889     
   255.09999999999999        6741.5295515215694     
   256.10000000000002        6142.9405759795764     
   257.10000000000002        5584.5019502543701     
   258.10000000000002        5064.2631727645339     
   259.10000000000002        4580.3418878553503     
   260.10000000000002        4130.9226244557367     
   261.10000000000002        3714.2554943492705     
   262.10000000000002        3328.6548555974159     
   263.10000000000002        2972.4979463160876     
   264.10000000000002        2644.2234936916393     
   265.10000000000002        2342.3303028146797     
   266.10000000000002        2065.3758296168571     
   267.10000000000002        1811.9747419174575     
   268.10000000000002        1580.7974723140119     
   269.10000000000002        1370.5687663993365     
   270.10000000000002        1180.0662295378802     
   271.10000000000002        1008.1188752032485     
   272.10000000000002        853.60567765518044     
   273.10000000000002        715.45413152060848     
   274.10000000000002        592.63882064342329     
   275.10000000000002        484.17999837373640     
   276.10000000000002        389.14218128600595     
   277.10000000000002        306.63275814146959     
   278.10000000000002        235.80061574713827     
   279.10000000000002        175.83478320730876     
   280.10000000000002        125.96309591682275     
   281.10000000000002        85.450880506447902     
   282.10000000000002        53.599661819322577     
   283.10000000000002        29.745892873934356     
   284.10000000000002        13.259708652199958     
   285.10000000000002        3.5437044418802395     
   286.10000000000002        3.1739359458394664E-002
   287.10000000000002        2.1877655827861267     
   288.10000000000002        9.5046837323305287     
   289.10000000000002        21.503224755015939     
   290.10000000000002        37.730858585392170     
   291.10000000000002        57.760729784932607     
   292.10000000000002        81.190620291410056     
   293.10000000000002        107.64193934632051     
   294.10000000000002        136.75874060876126     
   295.10000000000002        168.20676640938694     
   296.10000000000002        201.67251904691230     
   297.10000000000002        236.86235898309766     
   298.10000000000002        273.50162974864696     
   299.10000000000002        311.33380933335286     
   300.10000000000002        350.11968779730358     
   301.10000000000002        389.63657080729121     
   302.10000000000002        429.67750877258624     
   303.10000000000002        470.05055122724184     
   304.10000000000002        510.57802608191167     
   305.10000000000002        551.09584334617284     
   306.10000000000002        591.45282290360080     
   307.10000000000002        631.51004590391392     
   308.10000000000002        671.14022932280466     
   309.10000000000002        710.22712322594782     
   310.10000000000002        748.66493026383307     
   311.10000000000002        786.35774691397762     
   312.10000000000002        823.21902597992016     
   313.10000000000002        859.17105985061312     
   314.10000000000002        894.14448401860818     
   315.10000000000002        928.07780035266046     
   316.10000000000002        960.91691961859533     
   317.10000000000002        992.61472274085997     
   318.10000000000002        1023.1306402978282     
   319.10000000000002        1052.4302497453709     
   320.10000000000002        1080.4848898647836     
   321.10000000000002        1107.2712919347919     
   322.10000000000002        1132.7712271306675     
   323.10000000000002        1156.9711696587665     
   324.10000000000002        1179.8619751382914     
   325.10000000000002        1201.4385737502907     
   326.10000000000002        1221.6996776777369     
   327.10000000000002        1240.6475023689127     
   328.10000000000002        1258.2875011628125     
   329.10000000000002        1274.6281128229407     
   330.10000000000002        1289.6805215339268     
   331.10000000000002        1303.4584289235097     
   332.10000000000002        1315.9778376807017     
   333.10000000000002        1327.2568463502157     
   334.10000000000002        1337.3154548912510     
   335.10000000000002        1346.1753805987330     
   336.10000000000002        1353.8598839933006     
   337.10000000000002        1360.3936042966582     
   338.10000000000002        1365.8024041170802     
   339.10000000000002        1370.1132229802861     
   340.10000000000002        1373.3539393496760     
   341.10000000000002        1375.5532407894675     
   342.10000000000002        1376.7405019340397     
   343.10000000000002        1376.9456699354237     
   344.10000000000002        1376.1991570712630     
   345.10000000000002        1374.5317402035300     
   346.10000000000002        1371.9744667888074     
   347.10000000000002        1368.5585671489896     
   348.10000000000002        1364.3153727210297     
   349.10000000000002        1359.2762400125164     
   350.10000000000002        1353.4724799994824     
   351.10000000000002        1346.9352927106793     
   352.10000000000002        1339.6957067515877     
   353.10000000000002        1331.7845235296411     
   354.10000000000002        1323.2322659502481     
   355.10000000000002        1314.0691313614930     
   356.10000000000002        1304.3249485330800     
   357.10000000000002        1294.0291384629479     
   358.10000000000002        1283.2106788125184     
   359.10000000000002        1271.8980717788909     
   360.10000000000002        1260.1193152198823     
   361.10000000000002        1247.9018768542114     
   362.10000000000002        1235.2726713665911     
   363.10000000000002        1222.2580402541616     
   364.10000000000002        1208.8837342569034     
   365.10000000000002        1195.1748982213974     
   366.10000000000002        1181.1560582531520     
   367.10000000000002        1166.8511110192812     
   368.10000000000002        1152.2833150684839     
   369.10000000000002        1137.4752840415445     
   370.10000000000002        1122.4489816507169     
   371.10000000000002        1107.2257183119632     
   372.10000000000002        1091.8261493189245     
   373.10000000000002        1076.2702744528090     
   374.10000000000002        1060.5774389270437     
   375.10000000000002        1044.7663355702618     
   376.10000000000002        1028.8550081557930     
   377.10000000000002        1012.8608557903007     
   378.10000000000002        996.80063827805293     
   379.10000000000002        980.69048238210576     
   380.10000000000002        964.54588890673972     
   381.10000000000002        948.38174053021794     
   382.10000000000002        932.21231031974469     
   383.10000000000002        916.05127086477103     
   384.10000000000002        899.91170396757946     
   385.10000000000002        883.80611083378085     
   386.10000000000002        867.74642270832294     
   387.10000000000002        851.74401190556148     
   388.10000000000002        835.80970318501613     
   389.10000000000002        819.95378542705839     
   390.10000000000002        804.18602356556107     
   391.10000000000002        788.51567073698379     
   392.10000000000002        772.95148060801444     
   393.10000000000002        757.50171984590759     
   394.10000000000002        742.17418069829455     
   395.10000000000002        726.97619365107323     
   396.10000000000002        711.91464013521318     
   397.10000000000002        696.99596525523953     
   398.10000000000002        682.22619051392167     
   399.10000000000002        667.61092650973933     
   400.10000000000002        653.15538558501851     
   401.10000000000002        638.86439440469269     
   402.10000000000002        624.74240644681049     
   403.10000000000002        610.79351438755612     
   404.10000000000002        597.02146236501949     
   405.10000000000002        583.42965810712315     
   406.10000000000002        570.02118491041529     
   407.10000000000002        556.79881345771560     
   408.10000000000002        543.76501346364682     
   409.10000000000002        530.92196513825809     
   410.10000000000002        518.27157045978970     
   411.10000000000002        505.81546424875700     
   412.10000000000002        493.55502503642793     
   413.10000000000002        481.49138572145949     
   414.10000000000002        469.62544400952186     
   415.10000000000002        457.95787263124214     
   416.10000000000002        446.48912933470075     
   417.10000000000002        435.21946664931284     
   418.10000000000002        424.14894141857883     
   419.10000000000002        413.27742409969864     
   420.10000000000002        402.60460782876345     
   421.10000000000002        392.13001725059479     
   422.10000000000002        381.85301711286399     
   423.10000000000002        371.77282062458602     
   424.10000000000002        361.88849757940250     
   425.10000000000002        352.19898224463924     
   426.10000000000002        342.70308101726852     
   427.10000000000002        333.39947984839205     
   428.10000000000002        324.28675143812876     
   429.10000000000002        315.36336220304031     
   430.10000000000002        306.62767901852720     
   431.10000000000002        298.07797573881766     
   432.10000000000002        289.71243949746895     
   433.10000000000002        281.52917679139614     
   434.10000000000002        273.52621935168963     
   435.10000000000002        265.70152980462240     
   436.10000000000002        258.05300712638694     
   437.10000000000002        250.57849189520223     
   438.10000000000002        243.27577134461913     
   439.10000000000002        236.14258422183190     
   440.10000000000002        229.17662545502665     
   441.10000000000002        222.37555063370627     
   442.10000000000002        215.73698030617427     
   443.10000000000002        209.25850409819489     
   444.10000000000002        202.93768465712097     
   445.10000000000002        196.77206142557750     
   446.10000000000002        190.75915424898810     
   447.10000000000002        184.89646682111146     
   448.10000000000002        179.18148997186040     
   449.10000000000002        173.61170480157858     
   450.10000000000002        168.18458566600458     
   451.10000000000002        162.89760301609567     
   452.10000000000002        157.74822609687234     
   453.10000000000002        152.73392550940943     
   454.10000000000002        147.85217564007010     
   455.10000000000002        143.10045696102682     
   456.10000000000002        138.47625820607692     
   457.10000000000002        133.97707842571424     
   458.10000000000002        129.60042892535736     
   459.10000000000002        125.34383509057726     
   460.10000000000002        121.20483810313773     
   461.10000000000002        117.18099655153952     
   462.10000000000002        113.26988793978101     
   463.10000000000002        109.46911009790020     
   464.10000000000002        105.77628249784924     
   465.10000000000002        102.18904747816637     
   466.10000000000002        98.705071380834227     
   467.10000000000002        95.322045603661877     
   468.10000000000002        92.037687571427455     
   469.10000000000002        88.849741628979430     
   470.10000000000002        85.755979859384112     
   471.10000000000002        82.754202830182265     
   472.10000000000002        79.842240270677650     
   473.10000000000002        77.017951683174132     
   474.10000000000002        74.279226890968459     
   475.10000000000002        71.623986525819276     
   476.10000000000002        69.050182457578728     
   477.10000000000002        66.555798168576700     
   478.10000000000002        64.138849075262812     
   479.10000000000002        61.797382799570926     
   480.10000000000002        59.529479392376359     
   481.10000000000002        57.333251511351747     
   482.10000000000002        55.206844555456094     
   483.10000000000002        53.148436758236826     
   484.10000000000002        51.156239242023453     
   485.10000000000002        49.228496035070442     
   486.10000000000002        47.363484053593268     
   487.10000000000002        45.559513050620403     
   488.10000000000002        43.814925533478679     
   489.10000000000002        42.128096651707764     
   490.10000000000002        40.497434057100442     
   491.10000000000002        38.921377737540247     
   492.10000000000002        37.398399826207836     
   493.10000000000002        35.927004387718327     
   494.10000000000002        34.505727182651526     
   495.10000000000002        33.133135411906359     
   496.10000000000002        31.807827442249287     
   497.10000000000002        30.528432514375599     
   498.10000000000002        29.293610434748199     
   499.10000000000002        28.102051252427596     
   500.10000000000002        26.952474922065655     
   501.10000000000002        25.843630954171328     
   502.10000000000002        24.774298053738022     
   503.10000000000002        23.743283748236625     
   504.10000000000002        22.749424005976422     
   505.10000000000002        21.791582845765365     
   506.10000000000002        20.868651938765503     
   507.10000000000002        19.979550203410259     
   508.10000000000002        19.123223394191708     
   509.10000000000002        18.298643685106747     
   510.10000000000002        17.504809248501779     
   511.10000000000002        16.740743830025082     
   512.10000000000002        16.005496320358464     
   513.10000000000002        15.298140324374208     
   514.10000000000002        14.617773728311679     
   515.10000000000002        13.963518265568274     
   516.10000000000002        13.334519081633227     
   517.10000000000002        12.729944298689503     
   518.10000000000002        12.148984580374703     
   519.10000000000002        11.590852697151536     
   520.10000000000002        11.054783092735596     
   521.10000000000002        10.540031451980106     
   522.10000000000002        10.045874270606182     
   523.10000000000002        9.5716084271430297     
   524.10000000000002        9.1165507574110247     
   525.10000000000002        8.6800376318718353     
   526.10000000000002        8.2614245361355305     
   527.10000000000002        7.8600856549060323     
   528.10000000000002        7.4754134596187543     
   529.10000000000002        7.1068183000111107     
   530.10000000000002        6.7537279998447630     
   531.10000000000002        6.4155874569850466     
   532.10000000000002        6.0918582480242369     
   533.10000000000002        5.7820182376210276     
   534.10000000000002        5.4855611927124679     
   535.10000000000002        5.2019964017422176     
   536.10000000000002        4.9308482990337081     
   537.10000000000002        4.6716560944243177     
   538.10000000000002        4.4239734082638451     
   539.10000000000002        4.1873679118710125     
   540.10000000000002        3.9614209735265731     
   541.10000000000002        3.7457273100733501     
   542.10000000000002        3.5398946441848795     
   543.10000000000002        3.3435433673495494     
   544.10000000000002        3.1563062086148257     
   545.10000000000002        2.9778279091194708     
   546.10000000000002        2.8077649024418849     
   547.10000000000002        2.6457850007772419     
   548.10000000000002        2.4915670869544218     
   549.10000000000002        2.3448008122927568     
   550.10000000000002        2.2051863002950745     
   551.10000000000002        2.0724338561645848     
   552.10000000000002        1.9462636821298325     
   553.10000000000002        1.8264055985542127     
   554.10000000000002        1.7125987708033215     
   555.10000000000002        1.6045914418372107     
   556.10000000000002        1.5021406704902880     
   557.10000000000002        1.4050120753986204     
   558.10000000000002        1.3129795845286825     
   559.10000000000002        1.2258251902591000     
   560.10000000000002        1.1433387099630588     
   561.10000000000002        1.0653175520367535     
   562.10000000000002       0.99156648731470720     
   563.10000000000002       0.92189742581192913     
   564.10000000000002       0.85612919872932880     
   565.10000000000002       0.79408734565694350     
   566.10000000000002       0.73560390690751698     
   567.10000000000002       0.68051722091087741     
   568.10000000000002       0.62867172659852166     
   569.10000000000002       0.57991777070580597     
   570.10000000000002       0.53411141991758537     
   571.10000000000002       0.49111427778315941     
   572.10000000000002       0.45079330632411058     
   573.10000000000002       0.41302065225836671     
   574.10000000000002       0.37767347776332433     
   575.10000000000002       0.34463379569970159     
   576.10000000000002       0.31378830921782863     
   577.10000000000002       0.28502825566755385     
   578.10000000000002       0.25824925473252169     
   579.10000000000002       0.23335116071007633     
   580.10000000000002       0.21023791885694845     
   581.10000000000002       0.18881742572227092     
   582.10000000000002       0.16900139338829240     
   583.10000000000002       0.15070521754052085     
   584.10000000000002       0.13384784928848831     
   585.10000000000002       0.11835167065922216     
   586.10000000000002       0.10414237368569380     
   587.10000000000002        9.1148843013170208E-002
   588.10000000000002        7.9303041946871919E-002
   589.10000000000002        6.8539901864907840E-002
   590.10000000000002        5.8797214921370987E-002
   591.10000000000002        5.0015529964814814E-002
   592.10000000000002        4.2138051598532018E-002
   593.10000000000002        3.5110542309401443E-002
   594.10000000000002        2.8881227593318851E-002
   595.10000000000002        2.3400704005795910E-002
   596.10000000000002        1.8621850067360370E-002
   597.10000000000002        1.4499739954311220E-002
   598.10000000000002        1.0991559906255175E-002
   599.10000000000002        8.0565272829084267E-003
   600.10000000000002        5.6558122036049017E-003
   601.10000000000002        3.7524617039882795E-003
   602.10000000000002        2.3113263453338252E-003
   603.10000000000002        1.2989892130740271E-003
   604.10000000000002        6.8369724207788599E-004
   605.10000000000002        4.3529480734706612E-004
   606.10000000000002        5.2515951982169283E-004
   607.10000000000002        9.2614016809875886E-004
   608.10000000000002        1.6124967479204610E-003
   609.10000000000002        2.5598425223766035E-003
   610.10000000000002        3.7450880568727883E-003
   611.10000000000002        5.1463871739461792E-003
   612.10000000000002        6.7430847741631033E-003
   613.10000000000002        8.5156664703483712E-003
   614.10000000000002        1.0445709983515447E-002
   615.10000000000002        1.2515838249910521E-002
   616.10000000000002        1.4709674189682649E-002
   617.10000000000002        1.7011797088711211E-002
   618.10000000000002        1.9407700546194930E-002
   619.10000000000002        2.1883751941687454E-002
   620.10000000000002        2.4427153376193729E-002
   621.10000000000002        2.7025904043122318E-002
   622.10000000000002        2.9668763985740421E-002
   623.10000000000002        3.2345219198930353E-002
   624.10000000000002        3.5045448033917501E-002
   625.10000000000002        3.7760288865711256E-002
   626.10000000000002        4.0481208983929068E-002
   627.10000000000002        4.3200274668644123E-002
   628.10000000000002        4.5910122413788751E-002
   629.10000000000002        4.8603931261719226E-002
   630.10000000000002        5.1275396213284329E-002
   631.10000000000002        5.3918702678728232E-002
   632.10000000000002        5.6528501935749820E-002
   633.10000000000002        5.9099887561689893E-002
   634.10000000000002        6.1628372807858045E-002
   635.10000000000002        6.4109868884846266E-002
   636.10000000000002        6.6540664128377378E-002
   637.10000000000002        6.8917404016209799E-002
   638.10000000000002        7.1237072007315119E-002
   639.10000000000002        7.3496971175408127E-002
   640.10000000000002        7.5694706609578444E-002
   641.10000000000002        7.7828168555685126E-002
   642.10000000000002        7.9895516272723663E-002
   643.10000000000002        8.1895162579315325E-002
   644.10000000000002        8.3825759065981664E-002
   645.10000000000002        8.5686181949701373E-002
   646.10000000000002        8.7475518547877565E-002
   647.10000000000002        8.9193054349513148E-002
   648.10000000000002        9.0838260662065295E-002
   649.10000000000002        9.2410782813041908E-002
   650.10000000000002        9.3910428886107400E-002
   651.10000000000002        9.5337158971986455E-002
   652.10000000000002        9.6691074915133401E-002
   653.10000000000002        9.7972410537656526E-002
   654.10000000000002        9.9181522322592031E-002
   655.10000000000002       0.10031888053913407     
   656.10000000000002       0.10138506079307343     
   657.10000000000002       0.10238073598606644     
   658.10000000000002       0.10330666866802841     
   659.10000000000002       0.10416370376732563     
   660.10000000000002       0.10495276168405294     
   661.10000000000002       0.10567483173201961     
   662.10000000000002       0.10633096591566206     
   663.10000000000002       0.10692227302847020     
   664.10000000000002       0.10744991306000613     
   665.10000000000002       0.10791509189898080     
   666.10000000000002       0.10831905632033259     
   667.10000000000002       0.10866308924457285     
   668.10000000000002       0.10894850525814775     
   669.10000000000002       0.10917664638390386     
   670.10000000000002       0.10934887809111787     
   671.10000000000002       0.10946658553493144     
   672.10000000000002       0.10953117001538341     
   673.10000000000002       0.10954404564657491     
   674.10000000000002       0.10950663622680003     
   675.10000000000002       0.10942037230090250     
   676.10000000000002       0.10928668840628007     
   677.10000000000002       0.10910702049442057     
   678.10000000000002       0.10888280352002441     
   679.10000000000002       0.10861546919014944     
   680.10000000000002       0.10830644386602298     
   681.10000000000002       0.10795714661047892     
   682.10000000000002       0.10756898737424549     
   683.10000000000002       0.10714336531449208     
   684.10000000000002       0.10668166723943033     
   685.10000000000002       0.10618526617282494     
   686.10000000000002       0.10565552003265084     
   687.10000000000002       0.10509377041830927     
   688.10000000000002       0.10450134150095759     
   689.10000000000002       0.10387953901186177     
   690.10000000000002       0.10322964932375714     
   691.10000000000002       0.10255293862044960     
   692.10000000000002       0.10185065215010551     
   693.10000000000002       0.10112401355781513     
   694.10000000000002       0.10037422429320626     
   695.10000000000002        9.9602463089074347E-002
   696.10000000000002        9.8809885507158315E-002
   697.10000000000002        9.7997623547313228E-002
   698.10000000000002        9.7166785316548210E-002
   699.10000000000002        9.6318454754505803E-002
   700.10000000000002        9.5453691412091562E-002
   701.10000000000002        9.4573530280162785E-002
   702.10000000000002        9.3678981665249725E-002
   703.10000000000002        9.2771031109462568E-002
   704.10000000000002        9.1850639351835003E-002
   705.10000000000002        9.0918742328488358E-002
   706.10000000000002        8.9976251209116301E-002
   707.10000000000002        8.9024052467406148E-002
   708.10000000000002        8.8063007983087915E-002
   709.10000000000002        8.7093955173487808E-002
   710.10000000000002        8.6117707152438175E-002
   711.10000000000002        8.5135052914635689E-002
   712.10000000000002        8.4146757543506076E-002
   713.10000000000002        8.3153562440809126E-002
   714.10000000000002        8.2156185576264043E-002
   715.10000000000002        8.1155321755564988E-002
   716.10000000000002        8.0151642905240239E-002
   717.10000000000002        7.9145798372887322E-002
   718.10000000000002        7.8138415241383902E-002
   719.10000000000002        7.7130098655742621E-002
   720.10000000000002        7.6121432161359137E-002
   721.10000000000002        7.5112978052454094E-002
   722.10000000000002        7.4105277729587013E-002
   723.10000000000002        7.3098852065150322E-002
   724.10000000000002        7.2094201775859568E-002
   725.10000000000002        7.1091807801262563E-002
   726.10000000000002        7.0092131687357229E-002
   727.10000000000002        6.9095615974493249E-002
   728.10000000000002        6.8102684588723358E-002
   729.10000000000002        6.7113743235853673E-002
   730.10000000000002        6.6129179797492582E-002
   731.10000000000002        6.5149364728408252E-002
   732.10000000000002        6.4174651454579332E-002
   733.10000000000002        6.3205376771341970E-002
   734.10000000000002        6.2241861241075953E-002
   735.10000000000002        6.1284409589925468E-002
   736.10000000000002        6.0333311103048279E-002
   737.10000000000002        5.9388840017974662E-002
   738.10000000000002        5.8451255915621621E-002
   739.10000000000002        5.7520804108600360E-002
   740.10000000000002        5.6597716026432494E-002
   741.10000000000002        5.5682209597366493E-002
   742.10000000000002        5.4774489626454467E-002
   743.10000000000002        5.3874748169629526E-002
   744.10000000000002        5.2983164903512861E-002
   745.10000000000002        5.2099907490709620E-002
   746.10000000000002        5.1225131940375625E-002
   747.10000000000002        5.0358982963868447E-002
   748.10000000000002        4.9501594325278987E-002
   749.10000000000002        4.8653089186711677E-002
   750.10000000000002        4.7813580448152711E-002
   751.10000000000002        4.6983171081791841E-002
   752.10000000000002        4.6161954460707130E-002
   753.10000000000002        4.5350014681796620E-002
   754.10000000000002        4.4547426882879645E-002
   755.10000000000002        4.3754257553893908E-002
   756.10000000000002        4.2970564842135815E-002
   757.10000000000002        4.2196398851486877E-002
   758.10000000000002        4.1431801935598422E-002
   759.10000000000002        4.0676808985002907E-002
   760.10000000000002        3.9931447708140777E-002
   761.10000000000002        3.9195738906283896E-002
   762.10000000000002        3.8469696742374222E-002
   763.10000000000002        3.7753329003770202E-002
   764.10000000000002        3.7046637358924654E-002
   765.10000000000002        3.6349617608019670E-002
   766.10000000000002        3.5662259927579910E-002
   767.10000000000002        3.4984549109110051E-002
   768.10000000000002        3.4316464791792081E-002
   769.10000000000002        3.3657981689286035E-002
   770.10000000000002        3.3009069810698080E-002
   771.10000000000002        3.2369694675753742E-002
   772.10000000000002        3.1739817524253165E-002
   773.10000000000002        3.1119395519861839E-002
   774.10000000000002        3.0508381948309130E-002
   775.10000000000002        2.9906726410060813E-002
   776.10000000000002        2.9314375007543303E-002
   777.10000000000002        2.8731270526992560E-002
   778.10000000000002        2.8157352615006327E-002
   779.10000000000002        2.7592557949881646E-002
   780.10000000000002        2.7036820407815274E-002
   781.10000000000002        2.6490071224059001E-002
   782.10000000000002        2.5952239149104484E-002
   783.10000000000002        2.5423250599993123E-002
   784.10000000000002        2.4903029806833864E-002
   785.10000000000002        2.4391498954617015E-002
   786.10000000000002        2.3888578320415577E-002
   787.10000000000002        2.3394186406061470E-002
   788.10000000000002        2.2908240066388252E-002
   789.10000000000002        2.2430654633129144E-002
   790.10000000000002        2.1961344034559922E-002
   791.10000000000002        2.1500220910981176E-002
   792.10000000000002        2.1047196726123794E-002
   793.10000000000002        2.0602181874573838E-002
   794.10000000000002        2.0165085785302975E-002
   795.10000000000002        1.9735817021392699E-002
   796.10000000000002        1.9314283376045321E-002
   797.10000000000002        1.8900391964966359E-002
   798.10000000000002        1.8494049315205100E-002
   799.10000000000002        1.8095161450545207E-002
   800.10000000000002        1.7703633973524587E-002
   801.10000000000002        1.7319372144175321E-002
   802.10000000000002        1.6942280955563736E-002
   803.10000000000002        1.6572265206217407E-002
   804.10000000000002        1.6209229569516731E-002
   805.10000000000002        1.5853078660138291E-002
   806.10000000000002        1.5503717097623947E-002
   807.10000000000002        1.5161049567159255E-002
   808.10000000000002        1.4824980877636423E-002
   809.10000000000002        1.4495416017078608E-002
   810.10000000000002        1.4172260205503339E-002
   811.10000000000002        1.3855418945295588E-002
   812.10000000000002        1.3544798069166260E-002
   813.10000000000002        1.3240303785766874E-002
   814.10000000000002        1.2941842723030610E-002
   815.10000000000002        1.2649321969309063E-002
   816.10000000000002        1.2362649112372450E-002
   817.10000000000002        1.2081732276339749E-002
   818.10000000000002        1.1806480156605475E-002
   819.10000000000002        1.1536802052823498E-002
   820.10000000000002        1.1272607900013909E-002
   821.10000000000002        1.1013808297853568E-002
   822.10000000000002        1.0760314538209016E-002
   823.10000000000002        1.0512038630970926E-002
   824.10000000000002        1.0268893328248823E-002
   825.10000000000002        1.0030792146980686E-002
   826.10000000000002        9.7976493900130343E-003
   827.10000000000002        9.5693801657046034E-003
   828.10000000000002        9.3459004061060974E-003
   829.10000000000002        9.1271268837674353E-003
   830.10000000000002        8.9129772272226702E-003
   831.10000000000002        8.7033699351989208E-003
   832.10000000000002        8.4982243895997626E-003
   833.10000000000002        8.2974608673078310E-003
   834.10000000000002        8.1010005508505376E-003
   835.10000000000002        7.9087655379752667E-003
   836.10000000000002        7.7206788501743987E-003
   837.10000000000002        7.5366644402031207E-003
   838.10000000000002        7.3566471986299719E-003
   839.10000000000002        7.1805529594593468E-003
   840.10000000000002        7.0083085048643868E-003
   841.10000000000002        6.8398415690676135E-003
   842.10000000000002        6.6750808414048866E-003
   843.10000000000002        6.5139559686082510E-003
   844.10000000000002        6.3563975563418629E-003
   845.10000000000002        6.2023371700233587E-003
   846.10000000000002        6.0517073349634085E-003
   847.10000000000002        5.9044415358548048E-003
   848.10000000000002        5.7604742156403274E-003
   849.10000000000002        5.6197407737896519E-003
   850.10000000000002        5.4821775640133156E-003
   851.10000000000002        5.3477218914408289E-003
   852.10000000000002        5.2163120092905500E-003
   853.10000000000002        5.0878871150558435E-003
   854.10000000000002        4.9623873462338406E-003
   855.10000000000002        4.8397537756194901E-003
   856.10000000000002        4.7199284061898760E-003
   857.10000000000002        4.6028541655996676E-003
   858.10000000000002        4.4884749003107523E-003
   859.10000000000002        4.3767353693769237E-003
   860.10000000000002        4.2675812379035592E-003
   861.10000000000002        4.1609590702019602E-003
   862.10000000000002        4.0568163226580370E-003
   863.10000000000002        3.9551013363326899E-003
   864.10000000000002        3.8557633293122623E-003
   865.10000000000002        3.7587523888256463E-003
   866.10000000000002        3.6640194631443984E-003
   867.10000000000002        3.5715163532822518E-003
   868.10000000000002        3.4811957045081626E-003
   869.10000000000002        3.3930109976886675E-003
   870.10000000000002        3.3069165404726510E-003
   871.10000000000002        3.2228674583326313E-003
   872.10000000000002        3.1408196854752586E-003
   873.10000000000002        3.0607299556337916E-003
   874.10000000000002        2.9825557927540352E-003
   875.10000000000002        2.9062555015859164E-003
   876.10000000000002        2.8317881581909183E-003
   877.10000000000002        2.7591136003767862E-003
   878.10000000000002        2.6881924180688203E-003
   879.10000000000002        2.6189859436282310E-003
   880.10000000000002        2.5514562421260485E-003
   881.10000000000002        2.4855661015820828E-003
   882.10000000000002        2.4212790231770199E-003
   883.10000000000002        2.3585592114460600E-003
   884.10000000000002        2.2973715644614666E-003
   885.10000000000002        2.2376816640117211E-003
   886.10000000000002        2.1794557657841061E-003
   887.10000000000002        2.1226607895575176E-003
   888.10000000000002        2.0672643094117424E-003
   889.10000000000002        2.0132345439594066E-003
   890.10000000000002        1.9605403466061776E-003
   891.10000000000002        1.9091511958448564E-003
   892.10000000000002        1.8590371855883318E-003
   893.10000000000002        1.8101690155464796E-003
   894.10000000000002        1.7625179816514105E-003
   895.10000000000002        1.7160559665356987E-003
   896.10000000000002        1.6707554300675667E-003
   897.10000000000002        1.6265893999468559E-003
   898.10000000000002        1.5835314623656377E-003
   899.10000000000002        1.5415557527367369E-003
   900.10000000000002        1.5006369464934742E-003
   901.10000000000002        1.4607502499635531E-003
   902.10000000000002        1.4218713913200639E-003
   903.10000000000002        1.3839766116121440E-003
   904.10000000000002        1.3470426558776216E-003
   905.10000000000002        1.3110467643402256E-003
   906.10000000000002        1.2759666636931474E-003
   907.10000000000002        1.2417805584710006E-003
   908.10000000000002        1.2084671225120818E-003
   909.10000000000002        1.1760054905123486E-003
   910.10000000000002        1.1443752496727785E-003
   911.10000000000002        1.1135564314412965E-003
   912.10000000000002        1.0835295033506183E-003
   913.10000000000002        1.0542753609530807E-003
   914.10000000000002        1.0257753198532813E-003
   915.10000000000002        9.9801110783955178E-004
   916.10000000000002        9.7096485711487500E-004
   917.10000000000002        9.4461909662796556E-004
   918.10000000000002        9.1895674450488565E-004
   919.10000000000002        8.9396110058186345E-004
   920.10000000000002        8.6961583903941327E-004
   921.10000000000002        8.4590500113806315E-004
   922.10000000000002        8.2281298805601073E-004
   923.10000000000002        8.0032455382846425E-004
   924.10000000000002        7.7842479838906211E-004
   925.10000000000002        7.5709916071290979E-004
   926.10000000000002        7.3633341206134927E-004
   927.10000000000002        7.1611364932819700E-004
   928.10000000000002        6.9642628848709922E-004
   929.10000000000002        6.7725805813973101E-004
   930.10000000000002        6.5859599316450527E-004
   931.10000000000002        6.4042742846517507E-004
   932.10000000000002        6.2273999281907226E-004
   933.10000000000002        6.0552160282422362E-004
   934.10000000000002        5.8876045694490609E-004
   935.10000000000002        5.7244502965494970E-004
   936.10000000000002        5.5656406567809432E-004
   937.10000000000002        5.4110657432479071E-004
   938.10000000000002        5.2606182392463498E-004
   939.10000000000002        5.1141933635361666E-004
   940.10000000000002        4.9716888165551431E-004
   941.10000000000002        4.8330047275647772E-004
   942.10000000000002        4.6980436027201664E-004
   943.10000000000002        4.5667102740546377E-004
   944.10000000000002        4.4389118493705164E-004
   945.10000000000002        4.3145576630263519E-004
   946.10000000000002        4.1935592276115470E-004
   947.10000000000002        4.0758301864982132E-004
   948.10000000000002        3.9612862672612942E-004
   949.10000000000002        3.8498452359559581E-004
   950.10000000000002        3.7414268522433690E-004
   951.10000000000002        3.6359528253536265E-004
   952.10000000000002        3.5333467708761743E-004
   953.10000000000002        3.4335341683671588E-004
   954.10000000000002        3.3364423197634614E-004
   955.10000000000002        3.2420003085924123E-004
   956.10000000000002        3.1501389599670711E-004
   957.10000000000002        3.0607908013565409E-004
   958.10000000000002        2.9738900241200767E-004
   959.10000000000002        2.8893724457948759E-004
   960.10000000000002        2.8071754731266989E-004
   961.10000000000002        2.7272380658325673E-004
   962.10000000000002        2.6495007010847509E-004
   963.10000000000002        2.5739053387057446E-004
   964.10000000000002        2.5003953870630360E-004
   965.10000000000002        2.4289156696534353E-004
   966.10000000000002        2.3594123923661867E-004
   967.10000000000002        2.2918331114142414E-004
   968.10000000000002        2.2261267019233724E-004
   969.10000000000002        2.1622433271682753E-004
   970.10000000000002        2.1001344084455980E-004
   971.10000000000002        2.0397525955733031E-004
   972.10000000000002        1.9810517380061709E-004
   973.10000000000002        1.9239868565569830E-004
   974.10000000000002        1.8685141157136659E-004
   975.10000000000002        1.8145907965416767E-004
   976.10000000000002        1.7621752701622588E-004
   977.10000000000002        1.7112269717961290E-004
   978.10000000000002        1.6617063753630477E-004
   979.10000000000002        1.6135749686273427E-004
   980.10000000000002        1.5667952288799883E-004
   981.10000000000002        1.5213305991472733E-004
   982.10000000000002        1.4771454649169330E-004
   983.10000000000002        1.4342051313722168E-004
   984.10000000000002        1.3924758011247187E-004
   985.10000000000002        1.3519245524365269E-004
   986.10000000000002        1.3125193179231684E-004
   987.10000000000002        1.2742288637277642E-004
   988.10000000000002        1.2370227691579975E-004
   989.10000000000002        1.2008714067770201E-004
   990.10000000000002        1.1657459229395592E-004
   991.10000000000002        1.1316182187649044E-004
   992.10000000000002        1.0984609315381676E-004
   993.10000000000002        1.0662474165316723E-004
   994.10000000000002        1.0349517292382094E-004
   995.10000000000002        1.0045486080081142E-004
   996.10000000000002        9.7501345708219471E-005
   997.10000000000002        9.4632233001267041E-005
   998.10000000000002        9.1845191346439506E-005
   999.10000000000002        8.9137951138873659E-005
