# Recoil energy (kev)        Event rate (events/gev)
   1.0000000000000000        47937.052582050994     
   2.0000000000000000        45259.002674291056     
   3.0000000000000000        42718.602900898761     
   4.0000000000000000        40309.322232974366     
   5.0000000000000000        38024.905972552391     
   6.0000000000000000        35859.373366898602     
   7.0000000000000000        33807.008570966245     
   8.0000000000000000        31862.350480313307     
   9.0000000000000000        30020.182482137854     
   10.000000000000000        28275.522415285988     
   11.000000000000000        26623.612835179614     
   12.000000000000000        25059.911615932357     
   13.000000000000000        23580.082897630709     
   14.000000000000000        22179.988376461115     
   15.000000000000000        20855.678930698803     
   16.000000000000000        19603.386573397045     
   17.000000000000000        18419.516721628523     
   18.000000000000000        17300.640771738723     
   19.000000000000000        16243.488969998099     
   20.000000000000000        15244.943568139897     
   21.000000000000000        14302.032253463714     
   22.000000000000000        13411.921843436543     
   23.000000000000000        12571.912234999330     
   24.000000000000000        11779.430599080695     
   25.000000000000000        11032.025811119176     
   26.000000000000000        10327.363108693638     
   27.000000000000000        9663.2189676603502     
   28.000000000000000        9037.4761884854233     
   29.000000000000000        8448.1191847494065     
   30.000000000000000        7893.2294660785183     
   31.000000000000000        7370.9813080289578     
   32.000000000000000        6879.6376017159519     
   33.000000000000000        6417.5458762334947     
   34.000000000000000        5983.1344871612891     
   35.000000000000000        5574.9089646943812     
   36.000000000000000        5191.4485151653635     
   37.000000000000000        4831.4026699536389     
   38.000000000000000        4493.4880759954358     
   39.000000000000000        4176.4854223182956     
   40.000000000000000        3879.2364972287646     
   41.000000000000000        3600.6413709786552     
   42.000000000000000        3339.6556989261171     
   43.000000000000000        3095.2881403919646     
   44.000000000000000        2866.5978885894338     
   45.000000000000000        2652.6923071776787     
   46.000000000000000        2452.7246691550095     
   47.000000000000000        2265.8919939682423     
   48.000000000000000        2091.4329788693376     
   49.000000000000000        1928.6260206995848     
   50.000000000000000        1776.7873244258953     
   51.000000000000000        1635.2690948930831     
   52.000000000000000        1503.4578083896063     
   53.000000000000000        1380.7725607545285     
   54.000000000000000        1266.6634888777387     
   55.000000000000000        1160.6102625663841     
   56.000000000000000        1062.1206438665308     
   57.000000000000000        970.72911104111211     
   58.000000000000000        885.99554451343965     
   59.000000000000000        807.50397218961552     
   60.000000000000000        734.86137167377524     
   61.000000000000000        667.69652698674668     
   62.000000000000000        605.65893749222232     
   63.000000000000000        548.41777682430791     
   64.000000000000000        495.66089969716086     
   65.000000000000000        447.09389456071506     
   66.000000000000000        402.43918014712875     
   67.000000000000000        361.43514402995805     
   68.000000000000000        323.83532139274985     
   69.000000000000000        289.40761227558420     
   70.000000000000000        257.93353563735565     
   71.000000000000000        229.20751863818424     
   72.000000000000000        203.03621961054802     
   73.000000000000000        179.23788324942561     
   74.000000000000000        157.64172661126989     
   75.000000000000000        138.08735456876289     
   76.000000000000000        120.42420342341018     
   77.000000000000000        104.51101143099254     
   78.000000000000000        90.215315045838722     
   79.000000000000000        77.412969738940944     
   80.000000000000000        65.987694292065399     
   81.000000000000000        55.830637515379827     
   82.000000000000000        46.839966379721837     
   83.000000000000000        38.920474596576291     
   84.000000000000000        31.983210719142747     
   85.000000000000000        25.945124876632036     
   86.000000000000000        20.728733291184188     
   87.000000000000000        16.261799762604081     
   88.000000000000000        12.477033340516726     
   89.000000000000000        9.3118014365994757     
   90.000000000000000        6.7078576613131746     
   91.000000000000000        4.6110837000625917     
   92.000000000000000        2.9712445730168837     
   93.000000000000000        1.7417566509698998     
   94.000000000000000       0.87946782664187806     
   95.000000000000000       0.34444926677249821     
   96.000000000000000        9.9798195265762890E-002
   97.000000000000000       0.11145118155996345     
   98.000000000000000       0.34800743134493989     
   99.000000000000000       0.78056159877382947     
   100.00000000000000        1.3825456604495208     
   101.00000000000000        2.1295794117409517     
   102.00000000000000        2.9993291654351770     
   103.00000000000000        3.9713742513855457     
   104.00000000000000        5.0270809337093274     
   105.00000000000000        6.1494833792411674     
   106.00000000000000        7.3231713274024042     
   107.00000000000000        8.5341841274086931     
   108.00000000000000        9.7699108238593428     
   109.00000000000000        11.018995986230843     
   110.00000000000000        12.271250991682745     
   111.00000000000000        13.517570483879194     
   112.00000000000000        14.749853743272370     
   113.00000000000000        15.960930716496229     
   114.00000000000000        17.144492464202415     
   115.00000000000000        18.295025797868320     
   116.00000000000000        19.407751886812193     
   117.00000000000000        20.478568626914878     
   118.00000000000000        21.503996572356435     
   119.00000000000000        22.481128241078590     
   120.00000000000000        23.407580613662290     
   121.00000000000000        24.281450653918842     
   122.00000000000000        25.101273687711139     
   123.00000000000000        25.865984484392072     
   124.00000000000000        26.574880892765190     
   125.00000000000000        27.227589890666966     
   126.00000000000000        27.824035914145405     
   127.00000000000000        28.364411338773422     
   128.00000000000000        28.849148991921762     
   129.00000000000000        29.278896580804361     
   130.00000000000000        29.654492926849375     
   131.00000000000000        29.976945902409298     
   132.00000000000000        30.247411971059680     
   133.00000000000000        30.467177237713848     
   134.00000000000000        30.637639919552516     
   135.00000000000000        30.760294153300883     
   136.00000000000000        30.836715058731990     
   137.00000000000000        30.868544982402859     
   138.00000000000000        30.857480849578398     
   139.00000000000000        30.805262556062551     
   140.00000000000000        30.713662335236283     
   141.00000000000000        30.584475039026902     
   142.00000000000000        30.419509274787657     
   143.00000000000000        30.220579343172261     
   144.00000000000000        29.989497925043047     
   145.00000000000000        29.728069468273286     
   146.00000000000000        29.438084227976329     
   147.00000000000000        29.121312916256464     
   148.00000000000000        28.779501919998111     
   149.00000000000000        28.414369047521816     
   150.00000000000000        28.027599767137481     
   151.00000000000000        27.620843902712785     
   152.00000000000000        27.195712753360095     
   153.00000000000000        26.753776606239374     
   154.00000000000000        26.296562613264744     
   155.00000000000000        25.825553004210640     
   156.00000000000000        25.342183610328558     
   157.00000000000000        24.847842674129879     
   158.00000000000000        24.343869922439289     
   159.00000000000000        23.831555881218865     
   160.00000000000000        23.312141411965420     
   161.00000000000000        22.786817450738120     
   162.00000000000000        22.256724932044957     
   163.00000000000000        21.722954880945107     
   164.00000000000000        21.186548657773191     
   165.00000000000000        20.648498340901696     
   166.00000000000000        20.109747233905889     
   167.00000000000000        19.571190484393629     
   168.00000000000000        19.033675802611004     
   169.00000000000000        18.498004268741543     
   170.00000000000000        17.964931218574382     
   171.00000000000000        17.435167197932763     
   172.00000000000000        16.909378976935791     
   173.00000000000000        16.388190615801165     
   174.00000000000000        15.872184574503962     
   175.00000000000000        15.361902859171666     
   176.00000000000000        14.857848198636184     
   177.00000000000000        14.360485245062890     
   178.00000000000000        13.870241793058559     
   179.00000000000000        13.387510012102323     
   180.00000000000000        12.912647687567127     
   181.00000000000000        12.445979465993769     
   182.00000000000000        11.987798100651384     
   183.00000000000000        11.538365693767082     
   184.00000000000000        11.097914932132333     
   185.00000000000000        10.666650313104002     
   186.00000000000000        10.244749358300629     
   187.00000000000000        9.8323638125675217     
   188.00000000000000        9.4296208260303782     
   189.00000000000000        9.0366241172977304     
   190.00000000000000        8.6534551160860875     
   191.00000000000000        8.2801740837490456     
   192.00000000000000        7.9168212103819853     
   193.00000000000000        7.5634176873479655     
   194.00000000000000        7.2199667542402910     
   195.00000000000000        6.8864547194435302     
   196.00000000000000        6.5628519536021539     
   197.00000000000000        6.2491138554339676     
   198.00000000000000        5.9451817894473447     
   199.00000000000000        5.6509839952327061     
   200.00000000000000        5.3664364681033065     
   201.00000000000000        5.0914438109537103     
   202.00000000000000        4.8259000572917206     
   203.00000000000000        4.5696894654787510     
   204.00000000000000        4.3226872842885840     
   205.00000000000000        4.0847604899567713     
   206.00000000000000        3.8557684949575037     
   207.00000000000000        3.6355638287957053     
   208.00000000000000        3.4239927911543617     
   209.00000000000000        3.2208960777779483     
   210.00000000000000        3.0261093795161953     
   211.00000000000000        2.8394639549835139     
   212.00000000000000        2.6607871773240510     
   213.00000000000000        2.4899030555971806     
   214.00000000000000        2.3266327313226487     
   215.00000000000000        2.1707949507455409     
   216.00000000000000        2.0222065133974176     
   217.00000000000000        1.8806826975457791     
   218.00000000000000        1.7460376631339745     
   219.00000000000000        1.6180848328250539     
   220.00000000000000        1.4966372517686886     
   221.00000000000000        1.3815079267154216     
   222.00000000000000        1.2725101451061729     
   223.00000000000000        1.1694577747657158     
   224.00000000000000        1.0721655448281624     
   225.00000000000000       0.98044930852131518     
   226.00000000000000       0.89412628843281983     
   227.00000000000000       0.81301530487705831     
   228.00000000000000       0.73693698797549367     
   229.00000000000000       0.66571397405730959     
   230.00000000000000       0.59917108697861943     
   231.00000000000000       0.53713550495093354     
   232.00000000000000       0.47943691346008349     
   233.00000000000000       0.42590764484645965     
   234.00000000000000       0.37638280510811201     
   235.00000000000000       0.33070038847617811     
   236.00000000000000       0.28870138030134235     
   237.00000000000000       0.25022984877827503     
   238.00000000000000       0.21513302602250062     
   239.00000000000000       0.18326137900216574     
   240.00000000000000       0.15446867081449164     
   241.00000000000000       0.12861201278370049     
   242.00000000000000       0.10555190784465586     
   243.00000000000000        8.5152285663286031E-002
   244.00000000000000        6.7280529931720470E-002
   245.00000000000000        5.1807498263297946E-002
   246.00000000000000        3.8607535099290151E-002
   247.00000000000000        2.7558478026224111E-002
   248.00000000000000        1.8541657889958277E-002
   249.00000000000000        1.1441893079497768E-002
   250.00000000000000        6.1474783410043242E-003
   251.00000000000000        2.5501684698208144E-003
   252.00000000000000        5.4515721582764915E-004
   253.00000000000000        3.1051725177674188E-005
   254.00000000000000        9.0984282936894712E-004
   255.00000000000000        3.0868714806879839E-003
   256.00000000000000        6.4707916213458654E-003
   257.00000000000000        1.0973529762150793E-002
   258.00000000000000        1.6510241535269615E-002
   259.00000000000000        2.2999265474666911E-002
   260.00000000000000        3.0362074266893215E-002
   261.00000000000000        3.8523223704507947E-002
   262.00000000000000        4.7410299563962824E-002
   263.00000000000000        5.6953862619836378E-002
   264.00000000000000        6.7087391997507503E-002
   265.00000000000000        7.7747227056715440E-002
   266.00000000000000        8.8872507989404048E-002
   267.00000000000000       0.10040511530595263     
   268.00000000000000       0.11228960837541323     
   269.00000000000000       0.12447316317664529     
   270.00000000000000       0.13690550940923815     
   271.00000000000000       0.14953886710492900     
   272.00000000000000       0.16232788287258207     
   273.00000000000000       0.17522956590241245     
   274.00000000000000       0.18820322384776964     
   275.00000000000000       0.20121039869585355     
   276.00000000000000       0.21421480273216645     
   277.00000000000000       0.22718225469684752     
   278.00000000000000       0.24008061622471449     
   279.00000000000000       0.25287972865511976     
   280.00000000000000       0.26555135029167598     
   281.00000000000000       0.27806909418632847     
   282.00000000000000       0.29040836651721735     
   283.00000000000000       0.30254630562413914     
   284.00000000000000       0.31446172176103165     
   285.00000000000000       0.32613503761971374     
   286.00000000000000       0.33754822967497333     
   287.00000000000000       0.34868477039655738     
   288.00000000000000       0.35952957136944397     
   289.00000000000000       0.37006892736008939     
   290.00000000000000       0.38029046136242678     
   291.00000000000000       0.39018307065348806     
   292.00000000000000       0.39973687388591128     
   293.00000000000000       0.40894315924036828     
   294.00000000000000       0.41779433365867807     
   295.00000000000000       0.42628387317477689     
   296.00000000000000       0.43440627435863716     
   297.00000000000000       0.44215700688471976     
   298.00000000000000       0.44953246723492607     
   299.00000000000000       0.45652993354304067     
   300.00000000000000       0.46314752158560679     
   301.00000000000000       0.46938414192227623     
   302.00000000000000       0.47523945818630642     
   303.00000000000000       0.48071384652446653     
   304.00000000000000       0.48580835618335050     
   305.00000000000000       0.49052467123802729     
   306.00000000000000       0.49486507345701414     
   307.00000000000000       0.49883240629614578     
   308.00000000000000       0.50243004001301106     
   309.00000000000000       0.50566183789165953     
   310.00000000000000       0.50853212356701272     
   311.00000000000000       0.51104564943645137     
   312.00000000000000       0.51320756614586871     
   313.00000000000000       0.51502339313597745     
   314.00000000000000       0.51649899023429291     
   315.00000000000000       0.51764053027708012     
   316.00000000000000       0.51845447274508483     
   317.00000000000000       0.51894753839640095     
   318.00000000000000       0.51912668487878821     
   319.00000000000000       0.51899908330378453     
   320.00000000000000       0.51857209576427832     
   321.00000000000000       0.51785325377665259     
   322.00000000000000       0.51685023762883486     
   323.00000000000000       0.51557085661455471     
   324.00000000000000       0.51402303013455564     
   325.00000000000000       0.51221476964491264     
   326.00000000000000       0.51015416143253356     
   327.00000000000000       0.50784935019805189     
   328.00000000000000       0.50530852342573429     
   329.00000000000000       0.50253989652064046     
   330.00000000000000       0.49955169869265481     
   331.00000000000000       0.49635215956749068     
   332.00000000000000       0.49294949650450975     
   333.00000000000000       0.48935190260156952     
   334.00000000000000       0.48556753536686803     
   335.00000000000000       0.48160450603822569     
   336.00000000000000       0.47747086953021972     
   337.00000000000000       0.47317461498972563     
   338.00000000000000       0.46872365694074852     
   339.00000000000000       0.46412582699954891     
   340.00000000000000       0.45938886614126345     
   341.00000000000000       0.45452041749956107     
   342.00000000000000       0.44952801968105838     
   343.00000000000000       0.44441910057650391     
   344.00000000000000       0.43920097165096472     
   345.00000000000000       0.43388082269569594     
   346.00000000000000       0.42846571702444453     
   347.00000000000000       0.42296258709749768     
   348.00000000000000       0.41737823055674989     
   349.00000000000000       0.41171930665589962     
   350.00000000000000       0.40599233306960297     
   351.00000000000000       0.40020368306624343     
   352.00000000000000       0.39435958302905544     
   353.00000000000000       0.38846611031069977     
   354.00000000000000       0.38252919140676711     
   355.00000000000000       0.37655460043411432     
   356.00000000000000       0.37054795789999007     
   357.00000000000000       0.36451472974865551     
   358.00000000000000       0.35846022667221489     
   359.00000000000000       0.35238960367278860     
   360.00000000000000       0.34630785986372181     
   361.00000000000000       0.34021983849748738     
   362.00000000000000       0.33413022720862312     
   363.00000000000000       0.32804355846016625     
   364.00000000000000       0.32196421018247101     
   365.00000000000000       0.31589640659360935     
   366.00000000000000       0.30984421919087035     
   367.00000000000000       0.30381156790318653     
   368.00000000000000       0.29780222239472587     
   369.00000000000000       0.29181980351006270     
   370.00000000000000       0.28586778485172065     
   371.00000000000000       0.27994949448126466     
   372.00000000000000       0.27406811673530135     
   373.00000000000000       0.26822669414806888     
   374.00000000000000       0.26242812947267707     
   375.00000000000000       0.25667518779326232     
   376.00000000000000       0.25097049872058053     
   377.00000000000000       0.24531655866399510     
   378.00000000000000       0.23971573317286768     
   379.00000000000000       0.23417025934081762     
   380.00000000000000       0.22868224826650621     
   381.00000000000000       0.22325368756476216     
   382.00000000000000       0.21788644392233592     
   383.00000000000000       0.21258226569261740     
   384.00000000000000       0.20734278552391566     
   385.00000000000000       0.20216952301630570     
   386.00000000000000       0.19706388740200703     
   387.00000000000000       0.19202718024473237     
   388.00000000000000       0.18706059815348944     
   389.00000000000000       0.18216523550657523     
   390.00000000000000       0.17734208718183617     
   391.00000000000000       0.17259205128916155     
   392.00000000000000       0.16791593190177556     
   393.00000000000000       0.16331444178271504     
   394.00000000000000       0.15878820510328343     
   395.00000000000000       0.15433776015038481     
   396.00000000000000       0.14996356201980121     
   397.00000000000000       0.14566598529265679     
   398.00000000000000       0.14144532669249132     
   399.00000000000000       0.13730180772047404     
   400.00000000000000       0.13323557726650179     
   401.00000000000000       0.12924671419402373     
   402.00000000000000       0.12533522989659976     
   403.00000000000000       0.12150107082434493     
   404.00000000000000       0.11774412097848912     
   405.00000000000000       0.11406420437251576     
   406.00000000000000       0.11046108745833159     
   407.00000000000000       0.10693448151616582     
   408.00000000000000       0.10348404500690592     
   409.00000000000000       0.10010938588575635     
   410.00000000000000        9.6810063876205166E-002
   411.00000000000000        9.3585592703319689E-002
   412.00000000000000        9.0435442285576220E-002
   413.00000000000000        8.7359040884486497E-002
   414.00000000000000        8.4355777211333624E-002
   415.00000000000000        8.1425002490488035E-002
   416.00000000000000        7.8566032478803532E-002
   417.00000000000000        7.5778149440689224E-002
   418.00000000000000        7.3060604078525784E-002
   419.00000000000000        7.0412617418165666E-002
   420.00000000000000        6.7833382649337956E-002
   421.00000000000000        6.5322066920799754E-002
   422.00000000000000        6.2877813090207776E-002
   423.00000000000000        6.0499741428675410E-002
   424.00000000000000        5.8186951280064916E-002
   425.00000000000000        5.5938522675142759E-002
   426.00000000000000        5.3753517900697899E-002
   427.00000000000000        5.1630983023881472E-002
   428.00000000000000        4.9569949371965231E-002
   429.00000000000000        4.7569434967817306E-002
   430.00000000000000        4.5628445921420846E-002
   431.00000000000000        4.3745977777806790E-002
   432.00000000000000        4.1921016821762816E-002
   433.00000000000000        4.0152541339792167E-002
   434.00000000000000        3.8439522839741336E-002
   435.00000000000000        3.6780927228603898E-002
   436.00000000000000        3.5175715949015751E-002
   437.00000000000000        3.3622847074961881E-002
   438.00000000000000        3.2121276367277921E-002
   439.00000000000000        3.0669958289501920E-002
   440.00000000000000        2.9267846984704384E-002
   441.00000000000000        2.7913897213882159E-002
   442.00000000000000        2.6607065256582522E-002
   443.00000000000000        2.5346309774369313E-002
   444.00000000000000        2.4130592637825538E-002
   445.00000000000000        2.2958879717737159E-002
   446.00000000000000        2.1830141641147386E-002
   447.00000000000000        2.0743354512979879E-002
   448.00000000000000        1.9697500603914002E-002
   449.00000000000000        1.8691569005222695E-002
   450.00000000000000        1.7724556251284874E-002
   451.00000000000000        1.6795466910473480E-002
   452.00000000000000        1.5903314145145158E-002
   453.00000000000000        1.5047120241444964E-002
   454.00000000000000        1.4225917109645839E-002
   455.00000000000000        1.3438746755736860E-002
   456.00000000000000        1.2684661724984368E-002
   457.00000000000000        1.1962725518181427E-002
   458.00000000000000        1.1272012981294748E-002
   459.00000000000000        1.0611610669227783E-002
   460.00000000000000        9.9806171844029658E-003
   461.00000000000000        9.3781434908678536E-003
   462.00000000000000        8.8033132046240418E-003
   463.00000000000000        8.2552628608751604E-003
   464.00000000000000        7.7331421588728664E-003
   465.00000000000000        7.2361141850545855E-003
   466.00000000000000        6.7633556151326111E-003
   467.00000000000000        6.3140568958147576E-003
   468.00000000000000        5.8874224068071685E-003
   469.00000000000000        5.4826706037500684E-003
   470.00000000000000        5.0990341427358888E-003
   471.00000000000000        4.7357599870349407E-003
   472.00000000000000        4.3921094966600845E-003
   473.00000000000000        4.0673585013795673E-003
   474.00000000000000        3.7607973577907907E-003
   475.00000000000000        3.4717309910425160E-003
   476.00000000000000        3.1994789217991968E-003
   477.00000000000000        2.9433752790183564E-003
   478.00000000000000        2.7027687991073926E-003
   479.00000000000000        2.4770228120155656E-003
   480.00000000000000        2.2655152148049408E-003
   481.00000000000000        2.0676384332329141E-003
   482.00000000000000        1.8827993718709779E-003
   483.00000000000000        1.7104193532701804E-003
   484.00000000000000        1.5499340466746019E-003
   485.00000000000000        1.4007933867737107E-003
   486.00000000000000        1.2624614829713254E-003
   487.00000000000000        1.1344165196407166E-003
   488.00000000000000        1.0161506478227151E-003
   489.00000000000000        9.0716986881197103E-004
   490.00000000000000        8.0699391006754855E-004
   491.00000000000000        7.1515609387321031E-004
   492.00000000000000        6.3120319915811740E-004
   493.00000000000000        5.5469531688383386E-004
   494.00000000000000        4.8520569938741788E-004
   495.00000000000000        4.2232060406273192E-004
   496.00000000000000        3.6563913175111128E-004
   497.00000000000000        3.1477306020092060E-004
   498.00000000000000        2.6934667294641794E-004
   499.00000000000000        2.2899658394513419E-004
   500.00000000000000        1.9337155830399303E-004
   501.00000000000000        1.6213232941253281E-004
   502.00000000000000        1.3495141279319550E-004
   503.00000000000000        1.1151291696888536E-004
   504.00000000000000        9.1512351636351792E-005
   505.00000000000000        7.4656433427315412E-005
   506.00000000000000        6.0662889527413760E-005
   507.00000000000000        4.9260259414983878E-005
   508.00000000000000        4.0187694972445186E-005
   509.00000000000000        3.3194759213736822E-005
   510.00000000000000        2.8041223862775202E-005
   511.00000000000000        2.4496866009085898E-005
   512.00000000000000        2.2341264058277233E-005
   513.00000000000000        2.1363593186659689E-005
   514.00000000000000        2.1362420501138345E-005
   515.00000000000000        2.2145500097452581E-005
   516.00000000000000        2.3529568201987859E-005
   517.00000000000000        2.5340138574609071E-005
   518.00000000000000        2.7411298342502994E-005
   519.00000000000000        2.9585504427534663E-005
   520.00000000000000        3.1713380722439685E-005
   521.00000000000000        3.3653516164137851E-005
   522.00000000000000        3.5272263845446864E-005
   523.00000000000000        3.6443541299858672E-005
   524.00000000000000        3.7048632087369582E-005
   525.00000000000000        3.6975988802972076E-005
   526.00000000000000        3.6121037623095586E-005
   527.00000000000000        3.4385984499323234E-005
   528.00000000000000        3.1679623102593563E-005
   529.00000000000000        2.7917144615397928E-005
   530.00000000000000        2.3019949463858671E-005
   531.00000000000000        1.6915461076089326E-005
   532.00000000000000        9.5369417477974562E-006
   533.00000000000000        8.2331069116345041E-007
   534.00000000000000        0.0000000000000000     
   535.00000000000000        0.0000000000000000     
   536.00000000000000        0.0000000000000000     
   537.00000000000000        0.0000000000000000     
   538.00000000000000        0.0000000000000000     
   539.00000000000000        0.0000000000000000     
   540.00000000000000        0.0000000000000000     
   541.00000000000000        0.0000000000000000     
   542.00000000000000        0.0000000000000000     
   543.00000000000000        0.0000000000000000     
   544.00000000000000        0.0000000000000000     
   545.00000000000000        0.0000000000000000     
   546.00000000000000        0.0000000000000000     
   547.00000000000000        0.0000000000000000     
   548.00000000000000        0.0000000000000000     
   549.00000000000000        0.0000000000000000     
   550.00000000000000        0.0000000000000000     
   551.00000000000000        0.0000000000000000     
   552.00000000000000        0.0000000000000000     
   553.00000000000000        0.0000000000000000     
   554.00000000000000        0.0000000000000000     
   555.00000000000000        0.0000000000000000     
   556.00000000000000        0.0000000000000000     
   557.00000000000000        0.0000000000000000     
   558.00000000000000        0.0000000000000000     
   559.00000000000000        0.0000000000000000     
   560.00000000000000        0.0000000000000000     
   561.00000000000000        0.0000000000000000     
   562.00000000000000        0.0000000000000000     
   563.00000000000000        0.0000000000000000     
   564.00000000000000        0.0000000000000000     
   565.00000000000000        0.0000000000000000     
   566.00000000000000        0.0000000000000000     
   567.00000000000000        0.0000000000000000     
   568.00000000000000        0.0000000000000000     
   569.00000000000000        0.0000000000000000     
   570.00000000000000        0.0000000000000000     
   571.00000000000000        0.0000000000000000     
   572.00000000000000        0.0000000000000000     
   573.00000000000000        0.0000000000000000     
   574.00000000000000        0.0000000000000000     
   575.00000000000000        0.0000000000000000     
   576.00000000000000        0.0000000000000000     
   577.00000000000000        0.0000000000000000     
   578.00000000000000        0.0000000000000000     
   579.00000000000000        0.0000000000000000     
   580.00000000000000        0.0000000000000000     
   581.00000000000000        0.0000000000000000     
   582.00000000000000        0.0000000000000000     
   583.00000000000000        0.0000000000000000     
   584.00000000000000        0.0000000000000000     
   585.00000000000000        0.0000000000000000     
   586.00000000000000        0.0000000000000000     
   587.00000000000000        0.0000000000000000     
   588.00000000000000        0.0000000000000000     
   589.00000000000000        0.0000000000000000     
   590.00000000000000        0.0000000000000000     
   591.00000000000000        0.0000000000000000     
   592.00000000000000        0.0000000000000000     
   593.00000000000000        0.0000000000000000     
   594.00000000000000        0.0000000000000000     
   595.00000000000000        0.0000000000000000     
   596.00000000000000        0.0000000000000000     
   597.00000000000000        0.0000000000000000     
   598.00000000000000        0.0000000000000000     
   599.00000000000000        0.0000000000000000     
   600.00000000000000        0.0000000000000000     
   601.00000000000000        0.0000000000000000     
   602.00000000000000        0.0000000000000000     
   603.00000000000000        0.0000000000000000     
   604.00000000000000        0.0000000000000000     
   605.00000000000000        0.0000000000000000     
   606.00000000000000        0.0000000000000000     
   607.00000000000000        0.0000000000000000     
   608.00000000000000        0.0000000000000000     
   609.00000000000000        0.0000000000000000     
   610.00000000000000        0.0000000000000000     
   611.00000000000000        0.0000000000000000     
   612.00000000000000        0.0000000000000000     
   613.00000000000000        0.0000000000000000     
   614.00000000000000        0.0000000000000000     
   615.00000000000000        0.0000000000000000     
   616.00000000000000        0.0000000000000000     
   617.00000000000000        0.0000000000000000     
   618.00000000000000        0.0000000000000000     
   619.00000000000000        0.0000000000000000     
   620.00000000000000        0.0000000000000000     
   621.00000000000000        0.0000000000000000     
   622.00000000000000        0.0000000000000000     
   623.00000000000000        0.0000000000000000     
   624.00000000000000        0.0000000000000000     
   625.00000000000000        0.0000000000000000     
   626.00000000000000        0.0000000000000000     
   627.00000000000000        0.0000000000000000     
   628.00000000000000        0.0000000000000000     
   629.00000000000000        0.0000000000000000     
   630.00000000000000        0.0000000000000000     
   631.00000000000000        0.0000000000000000     
   632.00000000000000        0.0000000000000000     
   633.00000000000000        0.0000000000000000     
   634.00000000000000        0.0000000000000000     
   635.00000000000000        0.0000000000000000     
   636.00000000000000        0.0000000000000000     
   637.00000000000000        0.0000000000000000     
   638.00000000000000        0.0000000000000000     
   639.00000000000000        0.0000000000000000     
   640.00000000000000        0.0000000000000000     
   641.00000000000000        0.0000000000000000     
   642.00000000000000        0.0000000000000000     
   643.00000000000000        0.0000000000000000     
   644.00000000000000        0.0000000000000000     
   645.00000000000000        0.0000000000000000     
   646.00000000000000        0.0000000000000000     
   647.00000000000000        0.0000000000000000     
   648.00000000000000        0.0000000000000000     
   649.00000000000000        0.0000000000000000     
   650.00000000000000        0.0000000000000000     
   651.00000000000000        0.0000000000000000     
   652.00000000000000        0.0000000000000000     
   653.00000000000000        0.0000000000000000     
   654.00000000000000        0.0000000000000000     
   655.00000000000000        0.0000000000000000     
   656.00000000000000        0.0000000000000000     
   657.00000000000000        0.0000000000000000     
   658.00000000000000        0.0000000000000000     
   659.00000000000000        0.0000000000000000     
   660.00000000000000        0.0000000000000000     
   661.00000000000000        0.0000000000000000     
   662.00000000000000        0.0000000000000000     
   663.00000000000000        0.0000000000000000     
   664.00000000000000        0.0000000000000000     
   665.00000000000000        0.0000000000000000     
   666.00000000000000        0.0000000000000000     
   667.00000000000000        0.0000000000000000     
   668.00000000000000        0.0000000000000000     
   669.00000000000000        0.0000000000000000     
   670.00000000000000        0.0000000000000000     
   671.00000000000000        0.0000000000000000     
   672.00000000000000        0.0000000000000000     
   673.00000000000000        0.0000000000000000     
   674.00000000000000        0.0000000000000000     
   675.00000000000000        0.0000000000000000     
   676.00000000000000        0.0000000000000000     
   677.00000000000000        0.0000000000000000     
   678.00000000000000        0.0000000000000000     
   679.00000000000000        0.0000000000000000     
   680.00000000000000        0.0000000000000000     
   681.00000000000000        0.0000000000000000     
   682.00000000000000        0.0000000000000000     
   683.00000000000000        0.0000000000000000     
   684.00000000000000        0.0000000000000000     
   685.00000000000000        0.0000000000000000     
   686.00000000000000        0.0000000000000000     
   687.00000000000000        0.0000000000000000     
   688.00000000000000        0.0000000000000000     
   689.00000000000000        0.0000000000000000     
   690.00000000000000        0.0000000000000000     
   691.00000000000000        0.0000000000000000     
   692.00000000000000        0.0000000000000000     
   693.00000000000000        0.0000000000000000     
   694.00000000000000        0.0000000000000000     
   695.00000000000000        0.0000000000000000     
   696.00000000000000        0.0000000000000000     
   697.00000000000000        0.0000000000000000     
   698.00000000000000        0.0000000000000000     
   699.00000000000000        0.0000000000000000     
   700.00000000000000        0.0000000000000000     
   701.00000000000000        0.0000000000000000     
   702.00000000000000        0.0000000000000000     
   703.00000000000000        0.0000000000000000     
   704.00000000000000        0.0000000000000000     
   705.00000000000000        0.0000000000000000     
   706.00000000000000        0.0000000000000000     
   707.00000000000000        0.0000000000000000     
   708.00000000000000        0.0000000000000000     
   709.00000000000000        0.0000000000000000     
   710.00000000000000        0.0000000000000000     
   711.00000000000000        0.0000000000000000     
   712.00000000000000        0.0000000000000000     
   713.00000000000000        0.0000000000000000     
   714.00000000000000        0.0000000000000000     
   715.00000000000000        0.0000000000000000     
   716.00000000000000        0.0000000000000000     
   717.00000000000000        0.0000000000000000     
   718.00000000000000        0.0000000000000000     
   719.00000000000000        0.0000000000000000     
   720.00000000000000        0.0000000000000000     
   721.00000000000000        0.0000000000000000     
   722.00000000000000        0.0000000000000000     
   723.00000000000000        0.0000000000000000     
   724.00000000000000        0.0000000000000000     
   725.00000000000000        0.0000000000000000     
   726.00000000000000        0.0000000000000000     
   727.00000000000000        0.0000000000000000     
   728.00000000000000        0.0000000000000000     
   729.00000000000000        0.0000000000000000     
   730.00000000000000        0.0000000000000000     
   731.00000000000000        0.0000000000000000     
   732.00000000000000        0.0000000000000000     
   733.00000000000000        0.0000000000000000     
   734.00000000000000        0.0000000000000000     
   735.00000000000000        0.0000000000000000     
   736.00000000000000        0.0000000000000000     
   737.00000000000000        0.0000000000000000     
   738.00000000000000        0.0000000000000000     
   739.00000000000000        0.0000000000000000     
   740.00000000000000        0.0000000000000000     
   741.00000000000000        0.0000000000000000     
   742.00000000000000        0.0000000000000000     
   743.00000000000000        0.0000000000000000     
   744.00000000000000        0.0000000000000000     
   745.00000000000000        0.0000000000000000     
   746.00000000000000        0.0000000000000000     
   747.00000000000000        0.0000000000000000     
   748.00000000000000        0.0000000000000000     
   749.00000000000000        0.0000000000000000     
   750.00000000000000        0.0000000000000000     
   751.00000000000000        0.0000000000000000     
   752.00000000000000        0.0000000000000000     
   753.00000000000000        0.0000000000000000     
   754.00000000000000        0.0000000000000000     
   755.00000000000000        0.0000000000000000     
   756.00000000000000        0.0000000000000000     
   757.00000000000000        0.0000000000000000     
   758.00000000000000        0.0000000000000000     
   759.00000000000000        0.0000000000000000     
   760.00000000000000        0.0000000000000000     
   761.00000000000000        0.0000000000000000     
   762.00000000000000        0.0000000000000000     
   763.00000000000000        0.0000000000000000     
   764.00000000000000        0.0000000000000000     
   765.00000000000000        0.0000000000000000     
   766.00000000000000        0.0000000000000000     
   767.00000000000000        0.0000000000000000     
   768.00000000000000        0.0000000000000000     
   769.00000000000000        0.0000000000000000     
   770.00000000000000        0.0000000000000000     
   771.00000000000000        0.0000000000000000     
   772.00000000000000        0.0000000000000000     
   773.00000000000000        0.0000000000000000     
   774.00000000000000        0.0000000000000000     
   775.00000000000000        0.0000000000000000     
   776.00000000000000        0.0000000000000000     
   777.00000000000000        0.0000000000000000     
   778.00000000000000        0.0000000000000000     
   779.00000000000000        0.0000000000000000     
   780.00000000000000        0.0000000000000000     
   781.00000000000000        0.0000000000000000     
   782.00000000000000        0.0000000000000000     
   783.00000000000000        0.0000000000000000     
   784.00000000000000        0.0000000000000000     
   785.00000000000000        0.0000000000000000     
   786.00000000000000        0.0000000000000000     
   787.00000000000000        0.0000000000000000     
   788.00000000000000        0.0000000000000000     
   789.00000000000000        0.0000000000000000     
   790.00000000000000        0.0000000000000000     
   791.00000000000000        0.0000000000000000     
   792.00000000000000        0.0000000000000000     
   793.00000000000000        0.0000000000000000     
   794.00000000000000        0.0000000000000000     
   795.00000000000000        0.0000000000000000     
   796.00000000000000        0.0000000000000000     
   797.00000000000000        0.0000000000000000     
   798.00000000000000        0.0000000000000000     
   799.00000000000000        0.0000000000000000     
   800.00000000000000        0.0000000000000000     
   801.00000000000000        0.0000000000000000     
   802.00000000000000        0.0000000000000000     
   803.00000000000000        0.0000000000000000     
   804.00000000000000        0.0000000000000000     
   805.00000000000000        0.0000000000000000     
   806.00000000000000        0.0000000000000000     
   807.00000000000000        0.0000000000000000     
   808.00000000000000        0.0000000000000000     
   809.00000000000000        0.0000000000000000     
   810.00000000000000        0.0000000000000000     
   811.00000000000000        0.0000000000000000     
   812.00000000000000        0.0000000000000000     
   813.00000000000000        0.0000000000000000     
   814.00000000000000        0.0000000000000000     
   815.00000000000000        0.0000000000000000     
   816.00000000000000        0.0000000000000000     
   817.00000000000000        0.0000000000000000     
   818.00000000000000        0.0000000000000000     
   819.00000000000000        0.0000000000000000     
   820.00000000000000        0.0000000000000000     
   821.00000000000000        0.0000000000000000     
   822.00000000000000        0.0000000000000000     
   823.00000000000000        0.0000000000000000     
   824.00000000000000        0.0000000000000000     
   825.00000000000000        0.0000000000000000     
   826.00000000000000        0.0000000000000000     
   827.00000000000000        0.0000000000000000     
   828.00000000000000        0.0000000000000000     
   829.00000000000000        0.0000000000000000     
   830.00000000000000        0.0000000000000000     
   831.00000000000000        0.0000000000000000     
   832.00000000000000        0.0000000000000000     
   833.00000000000000        0.0000000000000000     
   834.00000000000000        0.0000000000000000     
   835.00000000000000        0.0000000000000000     
   836.00000000000000        0.0000000000000000     
   837.00000000000000        0.0000000000000000     
   838.00000000000000        0.0000000000000000     
   839.00000000000000        0.0000000000000000     
   840.00000000000000        0.0000000000000000     
   841.00000000000000        0.0000000000000000     
   842.00000000000000        0.0000000000000000     
   843.00000000000000        0.0000000000000000     
   844.00000000000000        0.0000000000000000     
   845.00000000000000        0.0000000000000000     
   846.00000000000000        0.0000000000000000     
   847.00000000000000        0.0000000000000000     
   848.00000000000000        0.0000000000000000     
   849.00000000000000        0.0000000000000000     
   850.00000000000000        0.0000000000000000     
   851.00000000000000        0.0000000000000000     
   852.00000000000000        0.0000000000000000     
   853.00000000000000        0.0000000000000000     
   854.00000000000000        0.0000000000000000     
   855.00000000000000        0.0000000000000000     
   856.00000000000000        0.0000000000000000     
   857.00000000000000        0.0000000000000000     
   858.00000000000000        0.0000000000000000     
   859.00000000000000        0.0000000000000000     
   860.00000000000000        0.0000000000000000     
   861.00000000000000        0.0000000000000000     
   862.00000000000000        0.0000000000000000     
   863.00000000000000        0.0000000000000000     
   864.00000000000000        0.0000000000000000     
   865.00000000000000        0.0000000000000000     
   866.00000000000000        0.0000000000000000     
   867.00000000000000        0.0000000000000000     
   868.00000000000000        0.0000000000000000     
   869.00000000000000        0.0000000000000000     
   870.00000000000000        0.0000000000000000     
   871.00000000000000        0.0000000000000000     
   872.00000000000000        0.0000000000000000     
   873.00000000000000        0.0000000000000000     
   874.00000000000000        0.0000000000000000     
   875.00000000000000        0.0000000000000000     
   876.00000000000000        0.0000000000000000     
   877.00000000000000        0.0000000000000000     
   878.00000000000000        0.0000000000000000     
   879.00000000000000        0.0000000000000000     
   880.00000000000000        0.0000000000000000     
   881.00000000000000        0.0000000000000000     
   882.00000000000000        0.0000000000000000     
   883.00000000000000        0.0000000000000000     
   884.00000000000000        0.0000000000000000     
   885.00000000000000        0.0000000000000000     
   886.00000000000000        0.0000000000000000     
   887.00000000000000        0.0000000000000000     
   888.00000000000000        0.0000000000000000     
   889.00000000000000        0.0000000000000000     
   890.00000000000000        0.0000000000000000     
   891.00000000000000        0.0000000000000000     
   892.00000000000000        0.0000000000000000     
   893.00000000000000        0.0000000000000000     
   894.00000000000000        0.0000000000000000     
   895.00000000000000        0.0000000000000000     
   896.00000000000000        0.0000000000000000     
   897.00000000000000        0.0000000000000000     
   898.00000000000000        0.0000000000000000     
   899.00000000000000        0.0000000000000000     
   900.00000000000000        0.0000000000000000     
   901.00000000000000        0.0000000000000000     
   902.00000000000000        0.0000000000000000     
   903.00000000000000        0.0000000000000000     
   904.00000000000000        0.0000000000000000     
   905.00000000000000        0.0000000000000000     
   906.00000000000000        0.0000000000000000     
   907.00000000000000        0.0000000000000000     
   908.00000000000000        0.0000000000000000     
   909.00000000000000        0.0000000000000000     
   910.00000000000000        0.0000000000000000     
   911.00000000000000        0.0000000000000000     
   912.00000000000000        0.0000000000000000     
   913.00000000000000        0.0000000000000000     
   914.00000000000000        0.0000000000000000     
   915.00000000000000        0.0000000000000000     
   916.00000000000000        0.0000000000000000     
   917.00000000000000        0.0000000000000000     
   918.00000000000000        0.0000000000000000     
   919.00000000000000        0.0000000000000000     
   920.00000000000000        0.0000000000000000     
   921.00000000000000        0.0000000000000000     
   922.00000000000000        0.0000000000000000     
   923.00000000000000        0.0000000000000000     
   924.00000000000000        0.0000000000000000     
   925.00000000000000        0.0000000000000000     
   926.00000000000000        0.0000000000000000     
   927.00000000000000        0.0000000000000000     
   928.00000000000000        0.0000000000000000     
   929.00000000000000        0.0000000000000000     
   930.00000000000000        0.0000000000000000     
   931.00000000000000        0.0000000000000000     
   932.00000000000000        0.0000000000000000     
   933.00000000000000        0.0000000000000000     
   934.00000000000000        0.0000000000000000     
   935.00000000000000        0.0000000000000000     
   936.00000000000000        0.0000000000000000     
   937.00000000000000        0.0000000000000000     
   938.00000000000000        0.0000000000000000     
   939.00000000000000        0.0000000000000000     
   940.00000000000000        0.0000000000000000     
   941.00000000000000        0.0000000000000000     
   942.00000000000000        0.0000000000000000     
   943.00000000000000        0.0000000000000000     
   944.00000000000000        0.0000000000000000     
   945.00000000000000        0.0000000000000000     
   946.00000000000000        0.0000000000000000     
   947.00000000000000        0.0000000000000000     
   948.00000000000000        0.0000000000000000     
   949.00000000000000        0.0000000000000000     
   950.00000000000000        0.0000000000000000     
   951.00000000000000        0.0000000000000000     
   952.00000000000000        0.0000000000000000     
   953.00000000000000        0.0000000000000000     
   954.00000000000000        0.0000000000000000     
   955.00000000000000        0.0000000000000000     
   956.00000000000000        0.0000000000000000     
   957.00000000000000        0.0000000000000000     
   958.00000000000000        0.0000000000000000     
   959.00000000000000        0.0000000000000000     
   960.00000000000000        0.0000000000000000     
   961.00000000000000        0.0000000000000000     
   962.00000000000000        0.0000000000000000     
   963.00000000000000        0.0000000000000000     
   964.00000000000000        0.0000000000000000     
   965.00000000000000        0.0000000000000000     
   966.00000000000000        0.0000000000000000     
   967.00000000000000        0.0000000000000000     
   968.00000000000000        0.0000000000000000     
   969.00000000000000        0.0000000000000000     
   970.00000000000000        0.0000000000000000     
   971.00000000000000        0.0000000000000000     
   972.00000000000000        0.0000000000000000     
   973.00000000000000        0.0000000000000000     
   974.00000000000000        0.0000000000000000     
   975.00000000000000        0.0000000000000000     
   976.00000000000000        0.0000000000000000     
   977.00000000000000        0.0000000000000000     
   978.00000000000000        0.0000000000000000     
   979.00000000000000        0.0000000000000000     
   980.00000000000000        0.0000000000000000     
   981.00000000000000        0.0000000000000000     
   982.00000000000000        0.0000000000000000     
   983.00000000000000        0.0000000000000000     
   984.00000000000000        0.0000000000000000     
   985.00000000000000        0.0000000000000000     
   986.00000000000000        0.0000000000000000     
   987.00000000000000        0.0000000000000000     
   988.00000000000000        0.0000000000000000     
   989.00000000000000        0.0000000000000000     
   990.00000000000000        0.0000000000000000     
   991.00000000000000        0.0000000000000000     
   992.00000000000000        0.0000000000000000     
   993.00000000000000        0.0000000000000000     
   994.00000000000000        0.0000000000000000     
   995.00000000000000        0.0000000000000000     
   996.00000000000000        0.0000000000000000     
   997.00000000000000        0.0000000000000000     
   998.00000000000000        0.0000000000000000     
   999.00000000000000        0.0000000000000000     
   1000.0000000000000        0.0000000000000000     
