'''
This data was taken from the published Mathetmatica script DMFormFactor V6,
published here: https://www.ocf.berkeley.edu/~nanand/software/dmformfactor/
Described here: https://arxiv.org/abs/1203.3542

O. Gorton generated the contents of this file by copying the code from
DMFormFactor and applying the following sed commands (order matters) to format 
the data:

command              description
's/\[/,/g'           replace [ with ,
's/\]={/,/g'         replace ]={ with ,
's/=/,/g'            replace = with ,
's/;/,/g'            replace ; with ,
's/}/,/g'            replace } with ,
's/length/,length/g' seperate isotope name from 'length' with ,

'''

sdF,1,sdF00x0101,4.0000000,0,0,0,1,0,1,,
sdF,2,sdF00x1111,4.0000000,0,0,1,1,1,1,,
sdF,3,sdF00x1313,5.6568542,0,0,1,3,1,3,,
sdF,4,sdF00x2121,1.2252593,0,0,2,1,2,1,,
sdF,5,sdF00x2323,0.2036611,0,0,2,3,2,3,,
sdF,6,sdF00x2525,0.8583583,0,0,2,5,2,5,,
sdF,7,sdF01x2121,0.3698483,0,1,2,1,2,1,,
sdF,8,sdF01x2323,0.0479437,0,1,2,3,2,3,,
sdF,9,sdF01x2525,0.3246722,0,1,2,5,2,5,,
sdF,10,sdF10x2121,0.4451426,1,0,2,1,2,1,,
sdF,11,sdF10x2321,-0.0119775,1,0,2,3,2,1,,
sdF,12,sdF10x2123,0.0119775,1,0,2,1,2,3,,
sdF,13,sdF10x2323,-0.0542883,1,0,2,3,2,3,,
sdF,14,sdF10x2523,-0.1217257,1,0,2,5,2,3,,
sdF,15,sdF10x2325,0.1217257,1,0,2,3,2,5,,
sdF,16,sdF10x2525,0.1228063,1,0,2,5,2,5,,
sdF,17,sdF11x2121,-0.4078034,1,1,2,1,2,1,,
sdF,18,sdF11x2321,-0.0127852,1,1,2,3,2,1,,
sdF,19,sdF11x2123,0.0127852,1,1,2,1,2,3,,
sdF,20,sdF11x2323,0.0120967,1,1,2,3,2,3,,
sdF,21,sdF11x2523,0.1054748,1,1,2,5,2,3,,
sdF,22,sdF11x2325,-0.1054748,1,1,2,3,2,5,,
sdF,23,sdF11x2525,-0.2411054,1,1,2,5,2,5,,
sdF,length,23,

sdSi28,1,sdSi2800x0101,2.,0,0,0,1,0,1,,
sdSi28,2,sdSi2800x1111,2.,0,0,1,1,1,1,,
sdSi28,3,sdSi2800x1313,2.82843,0,0,1,3,1,3,,
sdSi28,4,sdSi2800x2121,0.7038300,0,0,2,1,2,1,,
sdSi28,5,sdSi2800x2323,0.4757098,0,0,2,3,2,3,,
sdSi28,6,sdSi2800x2525,2.6691689,0,0,2,5,2,5,,
sdSi28,length,6,

sdSi29,1,sdSi2800x0101,4.,0,0,0,1,0,1,,
sdSi29,2,sdSi2800x1111,4.,0,0,1,1,1,1,,
sdSi29,3,sdSi2800x1313,5.65685,0,0,1,3,1,3,,
sdSi29,4,sdSi2900x2121,1.6791266,0,0,2,1,2,1,,
sdSi29,5,sdSi2900x2323,0.8589358,0,0,2,3,2,3,,
sdSi29,6,sdSi2900x2525,5.8344745,0,0,2,5,2,5,,
sdSi29,7,sdSi2901x2121,0.5065078,0,1,2,1,2,1,,
sdSi29,8,sdSi2901x2323,0.1242974,0,1,2,3,2,3,,
sdSi29,9,sdSi2901x2525,0.1833635,0,1,2,5,2,5,,
sdSi29,10,sdSi2910x2121,0.5720814,1,0,2,1,2,1,,
sdSi29,11,sdSi2910x2321,0.0249074,1,0,2,3,2,1,,
sdSi29,12,sdSi2910x2123,-0.0249074,1,0,2,1,2,3,,
sdSi29,13,sdSi2910x2323,-0.0803281,1,0,2,3,2,3,,
sdSi29,14,sdSi2910x2523,0.1966218,1,0,2,5,2,3,,
sdSi29,15,sdSi2910x2325,-0.1966218,1,0,2,3,2,5,,
sdSi29,16,sdSi2910x2525,0.1152554,1,0,2,5,2,5,,
sdSi29,17,sdSi2911x2121,0.5528034,1,1,2,1,2,1,,
sdSi29,18,sdSi2911x2321,0.0142132,1,1,2,3,2,1,,
sdSi29,19,sdSi2911x2123,-0.0142132,1,1,2,1,2,3,,
sdSi29,20,sdSi2911x2323,-0.0875390,1,1,2,3,2,3,,
sdSi29,21,sdSi2911x2523,0.1856207,1,1,2,5,2,3,,
sdSi29,22,sdSi2911x2325,-0.1856207,1,1,2,3,2,5,,
sdSi29,23,sdSi2911x2525,0.1110496,1,1,2,5,2,5,,
sdSi29,length,23,

sdSi30,1,sdSi2800x0101,3.4641,0,0,0,1,0,1,,
sdSi30,2,sdSi2800x1111,3.4641,0,0,1,1,1,1,,
sdSi30,3,sdSi2800x1313,4.89898,0,0,1,3,1,3,,
sdSi30,4,sdSi3000x2121,1.6386966,0,0,2,1,2,1,,
sdSi30,5,sdSi3000x2323,1.0012031,0,0,2,3,2,3,,
sdSi30,6,sdSi3000x2525,5.2361869,0,0,2,5,2,5,,
sdSi30,7,sdSi3001x2121,0.5920034,0,1,2,1,2,1,,
sdSi30,8,sdSi3001x2323,0.3893739,0,1,2,3,2,3,,
sdSi30,9,sdSi3001x2525,0.1567129,0,1,2,5,2,5,,
sdSi30,length,9,

sdgI,1,sdgI00x0101,22.9782505,0,0,0,1,0,1,,
sdgI,2,sdgI00x1111,22.9782505,0,0,1,1,1,1,,
sdgI,3,sdgI00x1313,32.4961536,0,0,1,3,1,3,,
sdgI,4,sdgI00x2121,22.9782505,0,0,2,1,2,1,,
sdgI,5,sdgI00x2323,32.4961536,0,0,2,3,2,3,,
sdgI,6,sdgI00x2525,39.7994974,0,0,2,5,2,5,,
sdgI,7,sdgI00x3131,22.9782505,0,0,3,1,3,1,,
sdgI,8,sdgI00x3333,32.4961536,0,0,3,3,3,3,,
sdgI,9,sdgI00x3535,39.7994974,0,0,3,5,3,5,,
sdgI,10,sdgI00x3737,45.9565011,0,0,3,7,3,7,,
sdgI,11,sdgI00x4141,12.2143316,0,0,4,1,4,1,,
sdgI,12,sdgI00x4343,17.2413539,0,0,4,3,4,3,,
sdgI,13,sdgI00x4545,27.6852741,0,0,4,5,4,5,,
sdgI,14,sdgI00x4747,23.7869625,0,0,4,7,4,7,,
sdgI,15,sdgI00x4949,51.3809303,0,0,4,9,4,9,,
sdgI,16,sdgI00x511511,9.3807897,0,0,5,11,5,11,,
sdgI,17,sdgI01x4141,6.5035815,0,1,4,1,4,1,,
sdgI,18,sdgI01x4343,9.2169838,0,1,4,3,4,3,,
sdgI,19,sdgI01x4545,7.3193388,0,1,4,5,4,5,,
sdgI,20,sdgI01x4747,13.3948955,0,1,4,7,4,7,,
sdgI,21,sdgI01x511511,5.6680417,0,1,5,11,5,11,,
sdgI,22,sdgI10x4141,0.0237469,1,0,4,1,4,1,,
sdgI,23,sdgI10x4341,-0.0894454,1,0,4,3,4,1,,
sdgI,24,sdgI10x4143,0.0894454,1,0,4,1,4,3,,
sdgI,25,sdgI10x4343,0.1124782,1,0,4,3,4,3,,
sdgI,26,sdgI10x4543,0.1683758,1,0,4,5,4,3,,
sdgI,27,sdgI10x4345,-0.1683758,1,0,4,3,4,5,,
sdgI,28,sdgI10x4545,2.2032630,1,0,4,5,4,5,,
sdgI,29,sdgI10x4745,0.1716681,1,0,4,7,4,5,,
sdgI,30,sdgI10x4547,-0.1716681,1,0,4,5,4,7,,
sdgI,31,sdgI10x4747,0.0601998,1,0,4,7,4,7,,
sdgI,32,sdgI10x511511,0.3344252,1,0,5,11,5,11,,
sdgI,33,sdgI11x4141,-0.0143481,1,1,4,1,4,1,,
sdgI,34,sdgI11x4341,0.0540445,1,1,4,3,4,1,,
sdgI,35,sdgI11x4143,-0.0540445,1,1,4,1,4,3,,
sdgI,36,sdgI11x4343,-0.0679603,1,1,4,3,4,3,,
sdgI,37,sdgI11x4543,-0.1017357,1,1,4,5,4,3,,
sdgI,38,sdgI11x4345,0.1017357,1,1,4,3,4,5,,
sdgI,39,sdgI11x4545,-1.3312444,1,1,4,5,4,5,,
sdgI,40,sdgI11x4745,-0.1037250,1,1,4,7,4,5,,
sdgI,41,sdgI11x4547,0.1037250,1,1,4,5,4,7,,
sdgI,42,sdgI11x4747,-0.0363690,1,1,4,7,4,7,,
sdgI,43,sdgI11x511511,0.2020650,1,1,5,11,5,11,,
sdgI,44,sdgI20x4341,-0.0367672,2,0,4,3,4,1,,
sdgI,45,sdgI20x4541,0.0331361,2,0,4,5,4,1,,
sdgI,46,sdgI20x4143,0.0367672,2,0,4,1,4,3,,
sdgI,47,sdgI20x4343,0.0016208,2,0,4,3,4,3,,
sdgI,48,sdgI20x4543,0.3246385,2,0,4,5,4,3,,
sdgI,49,sdgI20x4743,0.0094186,2,0,4,7,4,3,,
sdgI,50,sdgI20x4145,0.0331361,2,0,4,1,4,5,,
sdgI,51,sdgI20x4345,-0.3246385,2,0,4,3,4,5,,
sdgI,52,sdgI20x4545,0.4757186,2,0,4,5,4,5,,
sdgI,53,sdgI20x4745,0.0257897,2,0,4,7,4,5,,
sdgI,54,sdgI20x4347,0.0094186,2,0,4,3,4,7,,
sdgI,55,sdgI20x4547,-0.0257897,2,0,4,5,4,7,,
sdgI,56,sdgI20x4747,0.0655241,2,0,4,7,4,7,,
sdgI,57,sdgI20x511511,0.0840819,2,0,5,11,5,11,,
sdgI,58,sdgI21x4341,0.0222154,2,1,4,3,4,1,,
sdgI,59,sdgI21x4541,-0.0200214,2,1,4,5,4,1,,
sdgI,60,sdgI21x4143,-0.0222154,2,1,4,1,4,3,,
sdgI,61,sdgI21x4343,-0.0009804,2,1,4,3,4,3,,
sdgI,62,sdgI21x4543,-0.1961524,2,1,4,5,4,3,,
sdgI,63,sdgI21x4743,-0.0056909,2,1,4,7,4,3,,
sdgI,64,sdgI21x4145,-0.0200214,2,1,4,1,4,5,,
sdgI,65,sdgI21x4345,0.1961524,2,1,4,3,4,5,,
sdgI,66,sdgI21x4545,-0.2874359,2,1,4,5,4,5,,
sdgI,67,sdgI21x4745,-0.0155826,2,1,4,7,4,5,,
sdgI,68,sdgI21x4347,-0.0056909,2,1,4,3,4,7,,
sdgI,69,sdgI21x4547,0.0155826,2,1,4,5,4,7,,
sdgI,70,sdgI21x4747,-0.0395901,2,1,4,7,4,7,,
sdgI,71,sdgI21x511511,0.0508037,2,1,5,11,5,11,,
sdgI,72,sdgI30x4541,-0.0619387,3,0,4,5,4,1,,
sdgI,73,sdgI30x4741,-0.0134526,3,0,4,7,4,1,,
sdgI,74,sdgI30x4343,-0.1709088,3,0,4,3,4,3,,
sdgI,75,sdgI30x4543,0.0448811,3,0,4,5,4,3,,
sdgI,76,sdgI30x4743,0.0183765,3,0,4,7,4,3,,
sdgI,77,sdgI30x4145,-0.0619387,3,0,4,1,4,5,,
sdgI,78,sdgI30x4345,-0.0448811,3,0,4,3,4,5,,
sdgI,79,sdgI30x4545,2.5543096,3,0,4,5,4,5,,
sdgI,80,sdgI30x4745,-0.1067677,3,0,4,7,4,5,,
sdgI,81,sdgI30x4147,0.0134526,3,0,4,1,4,7,,
sdgI,82,sdgI30x4347,0.0183765,3,0,4,3,4,7,,
sdgI,83,sdgI30x4547,0.1067677,3,0,4,5,4,7,,
sdgI,84,sdgI30x4747,-0.0290251,3,0,4,7,4,7,,
sdgI,85,sdgI30x511511,0.1036858,3,0,5,11,5,11,,
sdgI,86,sdgI31x4541,0.0374245,3,1,4,5,4,1,,
sdgI,87,sdgI31x4741,0.0081283,3,1,4,7,4,1,,
sdgI,88,sdgI31x4343,0.1032660,3,1,4,3,4,3,,
sdgI,89,sdgI31x4543,-0.0271179,3,1,4,5,4,3,,
sdgI,90,sdgI31x4743,-0.0111034,3,1,4,7,4,3,,
sdgI,91,sdgI31x4145,0.0374245,3,1,4,1,4,5,,
sdgI,92,sdgI31x4345,0.0271179,3,1,4,3,4,5,,
sdgI,93,sdgI31x4545,-1.5433611,3,1,4,5,4,5,,
sdgI,94,sdgI31x4745,0.0645109,3,1,4,7,4,5,,
sdgI,95,sdgI31x4147,-0.0081283,3,1,4,1,4,7,,
sdgI,96,sdgI31x4347,-0.0111034,3,1,4,3,4,7,,
sdgI,97,sdgI31x4547,-0.0645109,3,1,4,5,4,7,,
sdgI,98,sdgI31x4747,0.0175367,3,1,4,7,4,7,,
sdgI,99,sdgI31x511511,0.0626488,3,1,5,11,5,11,,
sdgI,100,sdgI40x4741,0.1385490,4,0,4,7,4,1,,
sdgI,101,sdgI40x4543,-0.4515199,4,0,4,5,4,3,,
sdgI,102,sdgI40x4743,-0.0719338,4,0,4,7,4,3,,
sdgI,103,sdgI40x4345,0.4515199,4,0,4,3,4,5,,
sdgI,104,sdgI40x4545,0.4072144,4,0,4,5,4,5,,
sdgI,105,sdgI40x4745,0.2055684,4,0,4,7,4,5,,
sdgI,106,sdgI40x4147,-0.1385490,4,0,4,1,4,7,,
sdgI,107,sdgI40x4347,-0.0719338,4,0,4,3,4,7,,
sdgI,108,sdgI40x4547,-0.2055684,4,0,4,5,4,7,,
sdgI,109,sdgI40x4747,-0.0768913,4,0,4,7,4,7,,
sdgI,110,sdgI40x511511,-0.7408876,4,0,5,11,5,11,,
sdgI,111,sdgI41x4741,-0.0837138,4,1,4,7,4,1,,
sdgI,112,sdgI41x4543,0.2728165,4,1,4,5,4,3,,
sdgI,113,sdgI41x4743,0.0434637,4,1,4,7,4,3,,
sdgI,114,sdgI41x4345,-0.2728165,4,1,4,3,4,5,,
sdgI,115,sdgI41x4545,-0.2460467,4,1,4,5,4,5,,
sdgI,116,sdgI41x4745,-0.1242081,4,1,4,7,4,5,,
sdgI,117,sdgI41x4147,0.0837138,4,1,4,1,4,7,,
sdgI,118,sdgI41x4347,0.0434637,4,1,4,3,4,7,,
sdgI,119,sdgI41x4547,0.1242081,4,1,4,5,4,7,,
sdgI,120,sdgI41x4747,0.0464610,4,1,4,7,4,7,,
sdgI,121,sdgI41x511511,-0.4476574,4,1,5,11,5,11,,
sdgI,122,sdgI50x4743,-0.0157470,5,0,4,7,4,3,,
sdgI,123,sdgI50x4545,2.1534283,5,0,4,5,4,5,,
sdgI,124,sdgI50x4745,-0.0039983,5,0,4,7,4,5,,
sdgI,125,sdgI50x4347,-0.0157470,5,0,4,3,4,7,,
sdgI,126,sdgI50x4547,0.0039983,5,0,4,5,4,7,,
sdgI,127,sdgI50x4747,-0.0466446,5,0,4,7,4,7,,
sdgI,128,sdgI50x511511,0.1435908,5,0,5,11,5,11,,
sdgI,129,sdgI51x4743,0.0095146,5,1,4,7,4,3,,
sdgI,130,sdgI51x4545,-1.3011404,5,1,4,5,4,5,,
sdgI,131,sdgI51x4745,0.0024158,5,1,4,7,4,5,,
sdgI,132,sdgI51x4347,0.0095146,5,1,4,3,4,7,,
sdgI,133,sdgI51x4547,-0.0024158,5,1,4,5,4,7,,
sdgI,134,sdgI51x4747,0.0281839,5,1,4,7,4,7,,
sdgI,135,sdgI51x511511,0.0867601,5,1,5,11,5,11,,
sdgI,length,135,

pfGe70,1,pfGe00x0101,5.291502,0,0,0,1,0,1,,
pfGe70,2,pfGe00x1111,5.291502,0,0,1,1,1,1,,
pfGe70,3,pfGe00x1313,7.483314,0,0,1,3,1,3,,
pfGe70,4,pfGe00x2121,5.291502,0,0,2,1,2,1,,
pfGe70,5,pfGe00x2323,7.483314,0,0,2,3,2,3,,
pfGe70,6,pfGe00x2525,9.165151,0,0,2,5,2,5,,
pfGe70,7,pfGe00x3131,2.5701432,0,0,3,1,3,1,,
pfGe70,8,pfGe00x3333,4.4035658,0,0,3,3,3,3,,
pfGe70,9,pfGe00x3535,4.5331907,0,0,3,5,3,5,,
pfGe70,10,pfGe00x3737,10.58300,0,0,3,7,3,7,,
pfGe70,11,pfGe00x4949,0.8274453,0,0,4,9,4,9,,
pfGe70,12,pfGe01x3131,0.3360468,0,1,3,1,3,1,,
pfGe70,13,pfGe01x3333,0.9629148,0,1,3,3,3,3,,
pfGe70,14,pfGe01x3535,1.4160823,0,1,3,5,3,5,,
pfGe70,15,pfGe01x4949,0.5058569,0,1,4,9,4,9,,
pfGe70,length,15,

pfGe72,1,pfGe00x0101,6.000000,0,0,0,1,0,1,,
pfGe72,2,pfGe00x1111,6.000000,0,0,1,1,1,1,,
pfGe72,3,pfGe00x1313,8.485281,0,0,1,3,1,3,,
pfGe72,4,pfGe00x2121,6.000000,0,0,2,1,2,1,,
pfGe72,5,pfGe00x2323,8.485281,0,0,2,3,2,3,,
pfGe72,6,pfGe00x2525,10.39230,0,0,2,5,2,5,,
pfGe72,7,pfGe00x3131,3.5592558,0,0,3,1,3,1,,
pfGe72,8,pfGe00x3333,7.2327270,0,0,3,3,3,3,,
pfGe72,9,pfGe00x3535,5.4209780,0,0,3,5,3,5,,
pfGe72,10,pfGe00x3737,12.00000,0,0,3,7,3,7,,
pfGe72,11,pfGe00x4949,0.3664625,0,0,4,9,4,9,,
pfGe72,12,pfGe01x3131,1.4485508,0,1,3,1,3,1,,
pfGe72,13,pfGe01x3333,0.6166944,0,1,3,3,3,3,,
pfGe72,14,pfGe01x3535,2.9687550,0,1,3,5,3,5,,
pfGe72,15,pfGe01x4949,0.1259596,0,1,4,9,4,9,,
pfGe72,length,15,

pfGe73,1,pfGe00x0101,20.00000,0,0,0,1,0,1,,
pfGe73,2,pfGe00x1111,20.00000,0,0,1,1,1,1,,
pfGe73,3,pfGe00x1313,28.28427,0,0,1,3,1,3,,
pfGe73,4,pfGe00x2121,20.00000,0,0,2,1,2,1,,
pfGe73,5,pfGe00x2323,28.28427,0,0,2,3,2,3,,
pfGe73,6,pfGe00x2525,34.64101,0,0,2,5,2,5,,
pfGe73,7,pfGe00x3131,12.4173870,0,0,3,1,3,1,,
pfGe73,8,pfGe00x3333,21.5749149,0,0,3,3,3,3,,
pfGe73,9,pfGe00x3535,19.4369812,0,0,3,5,3,5,,
pfGe73,10,pfGe00x3737,40.00000,0,0,3,7,3,7,,
pfGe73,11,pfGe00x4949,3.7456708,0,0,4,9,4,9,,
pfGe73,12,pfGe01x3131,4.1355395,0,1,3,1,3,1,,
pfGe73,13,pfGe01x3333,3.5267536,0,1,3,3,3,3,,
pfGe73,14,pfGe01x3535,8.6396446,0,1,3,5,3,5,,
pfGe73,15,pfGe01x4949,2.0663068,0,1,4,9,4,9,,
pfGe73,16,pfGe10x3131,0.0224806,1,0,3,1,3,1,,
pfGe73,17,pfGe10x3331,0.0169551,1,0,3,3,3,1,,
pfGe73,18,pfGe10x3133,-0.0169551,1,0,3,1,3,3,,
pfGe73,19,pfGe10x3333,0.1571694,1,0,3,3,3,3,,
pfGe73,20,pfGe10x3533,0.0053792,1,0,3,5,3,3,,
pfGe73,21,pfGe10x3335,-0.0053792,1,0,3,3,3,5,,
pfGe73,22,pfGe10x3535,0.1165488,1,0,3,5,3,5,,
pfGe73,23,pfGe10x4949,2.1414728,1,0,4,9,4,9,,
pfGe73,24,pfGe11x3131,-0.0163453,1,1,3,1,3,1,,
pfGe73,25,pfGe11x3331,-0.0088582,1,1,3,3,3,1,,
pfGe73,26,pfGe11x3133,0.0088582,1,1,3,1,3,3,,
pfGe73,27,pfGe11x3333,-0.0709766,1,1,3,3,3,3,,
pfGe73,28,pfGe11x3533,-0.0109537,1,1,3,5,3,3,,
pfGe73,29,pfGe11x3335,0.0109537,1,1,3,3,3,5,,
pfGe73,30,pfGe11x3535,-0.0443756,1,1,3,5,3,5,,
pfGe73,31,pfGe11x4949,1.3447058,1,1,4,9,4,9,,
pfGe73,32,pfGe20x3331,0.9937153,2,0,3,3,3,1,,
pfGe73,33,pfGe20x3531,0.4791123,2,0,3,5,3,1,,
pfGe73,34,pfGe20x3133,-0.9937153,2,0,3,1,3,3,,
pfGe73,35,pfGe20x3333,0.7912950,2,0,3,3,3,3,,
pfGe73,36,pfGe20x3533,-0.3084388,2,0,3,5,3,3,,
pfGe73,37,pfGe20x3135,0.4791123,2,0,3,1,3,5,,
pfGe73,38,pfGe20x3335,0.3084388,2,0,3,3,3,5,,
pfGe73,39,pfGe20x3535,0.9502520,2,0,3,5,3,5,,
pfGe73,40,pfGe20x4949,1.7906727,2,0,4,9,4,9,,
pfGe73,41,pfGe21x3331,-0.5251137,2,1,3,3,3,1,,
pfGe73,42,pfGe21x3531,-0.1589314,2,1,3,5,3,1,,
pfGe73,43,pfGe21x3133,0.5251137,2,1,3,1,3,3,,
pfGe73,44,pfGe21x3333,-0.4086682,2,1,3,3,3,3,,
pfGe73,45,pfGe21x3533,0.1220642,2,1,3,5,3,3,,
pfGe73,46,pfGe21x3135,-0.1589314,2,1,3,1,3,5,,
pfGe73,47,pfGe21x3335,-0.1220642,2,1,3,3,3,5,,
pfGe73,48,pfGe21x3535,-0.4476262,2,1,3,5,3,5,,
pfGe73,49,pfGe21x4949,1.1154441,2,1,4,9,4,9,,
pfGe73,50,pfGe30x3531,0.0106724,3,0,3,5,3,1,,
pfGe73,51,pfGe30x3333,-0.0092243,3,0,3,3,3,3,,
pfGe73,52,pfGe30x3533,-0.0063204,3,0,3,5,3,3,,
pfGe73,53,pfGe30x3135,0.0106724,3,0,3,1,3,5,,
pfGe73,54,pfGe30x3335,0.0063204,3,0,3,3,3,5,,
pfGe73,55,pfGe30x3535,0.0843433,3,0,3,5,3,5,,
pfGe73,56,pfGe30x4949,1.8186721,3,0,4,9,4,9,,
pfGe73,57,pfGe31x3531,-0.0093953,3,1,3,5,3,1,,
pfGe73,58,pfGe31x3333,0.0144374,3,1,3,3,3,3,,
pfGe73,59,pfGe31x3533,0.0036504,3,1,3,5,3,3,,
pfGe73,60,pfGe31x3135,-0.0093953,3,1,3,1,3,5,,
pfGe73,61,pfGe31x3335,-0.0036504,3,1,3,3,3,5,,
pfGe73,62,pfGe31x3535,-0.0575719,3,1,3,5,3,5,,
pfGe73,63,pfGe31x4949,1.1527181,3,1,4,9,4,9,,
pfGe73,64,pfGe40x3533,-0.3054407,4,0,3,5,3,3,,
pfGe73,65,pfGe40x3335,0.3054407,4,0,3,3,3,5,,
pfGe73,66,pfGe40x3535,0.1956187,4,0,3,5,3,5,,
pfGe73,67,pfGe40x4949,1.4346717,4,0,4,9,4,9,,
pfGe73,68,pfGe41x3533,0.1603219,4,1,3,5,3,3,,
pfGe73,69,pfGe41x3335,-0.1603219,4,1,3,3,3,5,,
pfGe73,70,pfGe41x3535,-0.1069728,4,1,3,5,3,5,,
pfGe73,71,pfGe41x4949,0.9149673,4,1,4,9,4,9,,
pfGe73,72,pfGe50x3535,0.0239712,5,0,3,5,3,5,,
pfGe73,73,pfGe50x4949,1.5819857,5,0,4,9,4,9,,
pfGe73,74,pfGe51x3535,-0.0229403,5,1,3,5,3,5,,
pfGe73,75,pfGe51x4949,1.0073045,5,1,4,9,4,9,,
pfGe73,76,pfGe60x4949,1.3630590,6,0,4,9,4,9,,
pfGe73,77,pfGe61x4949,0.8746149,6,1,4,9,4,9,,
pfGe73,78,pfGe70x4949,1.5237149,7,0,4,9,4,9,,
pfGe73,79,pfGe71x4949,0.9716610,7,1,4,9,4,9,,
pfGe73,80,pfGe80x4949,1.3834725,8,0,4,9,4,9,,
pfGe73,81,pfGe81x4949,0.8862418,8,1,4,9,4,9,,
pfGe73,82,pfGe90x4949,1.9384257,9,0,4,9,4,9,,
pfGe73,83,pfGe91x4949,1.2358058,9,1,4,9,4,9,,
pfGe73,length,83,

pfGe74,1,pfGe00x0101,6.633249,0,0,0,1,0,1,,
pfGe74,2,pfGe00x1111,6.633249,0,0,1,1,1,1,,
pfGe74,3,pfGe00x1313,9.380831,0,0,1,3,1,3,,
pfGe74,4,pfGe00x2121,6.633249,0,0,2,1,2,1,,
pfGe74,5,pfGe00x2323,9.380831,0,0,2,3,2,3,,
pfGe74,6,pfGe00x2525,11.48912,0,0,2,5,2,5,,
pfGe74,7,pfGe00x3131,4.1213665,0,0,3,1,3,1,,
pfGe74,8,pfGe00x3333,6.2867717,0,0,3,3,3,3,,
pfGe74,9,pfGe00x3535,6.9126963,0,0,3,5,3,5,,
pfGe74,10,pfGe00x3737,13.26649,0,0,3,7,3,7,,
pfGe74,11,pfGe00x4949,2.1649847,0,0,4,9,4,9,,
pfGe74,12,pfGe01x3131,1.1887984,0,1,3,1,3,1,,
pfGe74,13,pfGe01x3333,1.6090327,0,1,3,3,3,3,,
pfGe74,14,pfGe01x3535,2.3665826,0,1,3,5,3,5,,
pfGe74,15,pfGe01x4949,1.3026152,0,1,4,9,4,9,,
pfGe74,length,15,

pfGe76,1,pfGe00x0101,7.211102,0,0,0,1,0,1,,
pfGe76,2,pfGe00x1111,7.211102,0,0,1,1,1,1,,
pfGe76,3,pfGe00x1313,10.19803,0,0,1,3,1,3,,
pfGe76,4,pfGe00x2121,7.211102,0,0,2,1,2,1,,
pfGe76,5,pfGe00x2323,10.19803,0,0,2,3,2,3,,
pfGe76,6,pfGe00x2525,12.48999,0,0,2,5,2,5,,
pfGe76,7,pfGe00x3131,4.4121060,0,0,3,1,3,1,,
pfGe76,8,pfGe00x3333,6.4540329,0,0,3,3,3,3,,
pfGe76,9,pfGe00x3535,7.8256316,0,0,3,5,3,5,,
pfGe76,10,pfGe00x3737,14.42220,0,0,3,7,3,7,,
pfGe76,11,pfGe00x4949,3.9898245,0,0,4,9,4,9,,
pfGe76,12,pfGe01x3131,1.2103980,0,1,3,1,3,1,,
pfGe76,13,pfGe01x3333,1.8588700,0,1,3,3,3,3,,
pfGe76,14,pfGe01x3535,2.4187805,0,1,3,5,3,5,,
pfGe76,15,pfGe01x4949,2.4333946,0,1,4,9,4,9,,
pfGe76,length,15,

sdNa,1,sdNa00x0101,5.6568542,0,0,0,1,0,1,,
sdNa,2,sdNa00x1111,5.6568542,0,0,1,1,1,1,,
sdNa,3,sdNa00x1313,8.0000000,0,0,1,3,1,3,,
sdNa,4,sdNa00x2121,1.2899591,0,0,2,1,2,1,,
sdNa,5,sdNa00x2323,0.7714725,0,0,2,3,2,3,,
sdNa,6,sdNa00x2525,4.3408126,0,0,2,5,2,5,,
sdNa,7,sdNa01x2121,-0.0364236,0,1,2,1,2,1,,
sdNa,8,sdNa01x2323,0.2040327,0,1,2,3,2,3,,
sdNa,9,sdNa01x2525,0.6709343,0,1,2,5,2,5,,
sdNa,10,sdNa10x2121,-0.1075534,1,0,2,1,2,1,,
sdNa,11,sdNa10x2321,-0.0171936,1,0,2,3,2,1,,
sdNa,12,sdNa10x2123,0.0171936,1,0,2,1,2,3,,
sdNa,13,sdNa10x2323,0.1014424,1,0,2,3,2,3,,
sdNa,14,sdNa10x2523,-0.0577659,1,0,2,5,2,3,,
sdNa,15,sdNa10x2325,0.0577659,1,0,2,3,2,5,,
sdNa,16,sdNa10x2525,0.4984805,1,0,2,5,2,5,,
sdNa,17,sdNa11x2121,0.0969449,1,1,2,1,2,1,,
sdNa,18,sdNa11x2321,0.0724723,1,1,2,3,2,1,,
sdNa,19,sdNa11x2123,-0.0724723,1,1,2,1,2,3,,
sdNa,20,sdNa11x2323,-0.0308415,1,1,2,3,2,3,,
sdNa,21,sdNa11x2523,0.0994210,1,1,2,5,2,3,,
sdNa,22,sdNa11x2325,-0.0994210,1,1,2,3,2,5,,
sdNa,23,sdNa11x2525,-0.2917088,1,1,2,5,2,5,,
sdNa,24,sdNa20x2321,0.1636153,2,0,2,3,2,1,,
sdNa,25,sdNa20x2521,-0.5865685,2,0,2,5,2,1,,
sdNa,26,sdNa20x2123,-0.1636153,2,0,2,1,2,3,,
sdNa,27,sdNa20x2323,-0.0314851,2,0,2,3,2,3,,
sdNa,28,sdNa20x2523,-0.2891304,2,0,2,5,2,3,,
sdNa,29,sdNa20x2125,-0.5865685,2,0,2,1,2,5,,
sdNa,30,sdNa20x2325,0.2891304,2,0,2,3,2,5,,
sdNa,31,sdNa20x2525,-0.5494576,2,0,2,5,2,5,,
sdNa,32,sdNa21x2321,0.0462096,2,1,2,3,2,1,,
sdNa,33,sdNa21x2521,0.0988956,2,1,2,5,2,1,,
sdNa,34,sdNa21x2123,-0.0462096,2,1,2,1,2,3,,
sdNa,35,sdNa21x2323,0.0149520,2,1,2,3,2,3,,
sdNa,36,sdNa21x2523,-0.0731602,2,1,2,5,2,3,,
sdNa,37,sdNa21x2125,0.0988956,2,1,2,1,2,5,,
sdNa,38,sdNa21x2325,0.0731602,2,1,2,3,2,5,,
sdNa,39,sdNa21x2525,-0.1166088,2,1,2,5,2,5,,
sdNa,40,sdNa30x2521,0.0429231,3,0,2,5,2,1,,
sdNa,41,sdNa30x2323,0.0594685,3,0,2,3,2,3,,
sdNa,42,sdNa30x2523,0.0558610,3,0,2,5,2,3,,
sdNa,43,sdNa30x2125,0.0429231,3,0,2,1,2,5,,
sdNa,44,sdNa30x2325,-0.0558610,3,0,2,3,2,5,,
sdNa,45,sdNa30x2525,-0.5268011,3,0,2,5,2,5,,
sdNa,46,sdNa31x2521,-0.0570678,3,1,2,5,2,1,,
sdNa,47,sdNa31x2323,-0.0853394,3,1,2,3,2,3,,
sdNa,48,sdNa31x2523,-0.0815626,3,1,2,5,2,3,,
sdNa,49,sdNa31x2125,-0.0570678,3,1,2,1,2,5,,
sdNa,50,sdNa31x2325,0.0815626,3,1,2,3,2,5,,
sdNa,51,sdNa31x2525,0.5382747,3,1,2,5,2,5,,
sdNa,length,51,

sdgXe128,1,sdgXe00x0101,9.1651,0,0,0,1,0,1,,
sdgXe128,2,sdgXe00x1111,9.1651,0,0,1,1,1,1,,
sdgXe128,3,sdgXe00x1313,12.961,0,0,1,3,1,3,,
sdgXe128,4,sdgXe00x2121,9.1651,0,0,2,1,2,1,,
sdgXe128,5,sdgXe00x2323,12.961,0,0,2,3,2,3,,
sdgXe128,6,sdgXe00x2525,15.874,0,0,2,5,2,5,,
sdgXe128,7,sdgXe00x3131,9.1651,0,0,3,1,3,1,,
sdgXe128,8,sdgXe00x3333,12.961,0,0,3,3,3,3,,
sdgXe128,9,sdgXe00x3535,15.874,0,0,3,5,3,5,,
sdgXe128,10,sdgXe00x3737,18.330,0,0,3,7,3,7,,
sdgXe128,11,sdgXe00x4141,5.0163569,0,0,4,1,4,1,,
sdgXe128,12,sdgXe00x4343,7.1678524,0,0,4,3,4,3,,
sdgXe128,13,sdgXe00x4545,11.5199689,0,0,4,5,4,5,,
sdgXe128,14,sdgXe00x4747,9.9389543,0,0,4,7,4,7,,
sdgXe128,15,sdgXe00x4949,20.493,0,0,4,9,4,9,,
sdgXe128,16,sdgXe00x511511,3.7415199,0,0,5,11,5,11,,
sdgXe128,17,sdgXe01x4141,2.5114359,0,1,4,1,4,1,,
sdgXe128,18,sdgXe01x4343,3.5071084,0,1,4,3,4,3,,
sdgXe128,19,sdgXe01x4545,2.6354470,0,1,4,5,4,5,,
sdgXe128,20,sdgXe01x4747,5.0796470,0,1,4,7,4,7,,
sdgXe128,21,sdgXe01x511511,2.2656025,0,1,5,11,5,11,,
sdgXe128,length,21,

sdgXe129,1,sdgXe00x0101,13.26649,0,0,0,1,0,1,,
sdgXe129,2,sdgXe00x1111,13.26649,0,0,1,1,1,1,,
sdgXe129,3,sdgXe00x1313,18.76166,0,0,1,3,1,3,,
sdgXe129,4,sdgXe00x2121,13.26649,0,0,2,1,2,1,,
sdgXe129,5,sdgXe00x2323,18.76166,0,0,2,3,2,3,,
sdgXe129,6,sdgXe00x2525,22.97825,0,0,2,5,2,5,,
sdgXe129,7,sdgXe00x3131,13.26649,0,0,3,1,3,1,,
sdgXe129,8,sdgXe00x3333,18.76166,0,0,3,3,3,3,,
sdgXe129,9,sdgXe00x3535,22.97825,0,0,3,5,3,5,,
sdgXe129,10,sdgXe00x3737,26.53299,0,0,3,7,3,7,,
sdgXe129,11,sdgXe00x4141,5.7196121,0,0,4,1,4,1,,
sdgXe129,12,sdgXe00x4343,7.6784286,0,0,4,3,4,3,,
sdgXe129,13,sdgXe00x4545,15.2459268,0,0,4,5,4,5,,
sdgXe129,14,sdgXe00x4747,16.6382923,0,0,4,7,4,7,,
sdgXe129,15,sdgXe00x4949,29.66479,0,0,4,9,4,9,,
sdgXe129,16,sdgXe00x511511,8.1228113,0,0,5,11,5,11,,
sdgXe129,17,sdgXe01x4141,3.4558932,0,1,4,1,4,1,,
sdgXe129,18,sdgXe01x4343,4.6394448,0,1,4,3,4,3,,
sdgXe129,19,sdgXe01x4545,4.6675825,0,1,4,5,4,5,,
sdgXe129,20,sdgXe01x4747,5.9734473,0,1,4,7,4,7,,
sdgXe129,21,sdgXe01x511511,4.9079494,0,1,5,11,5,11,,
sdgXe129,22,sdgXe10x4141,0.9042038,1,0,4,1,4,1,,
sdgXe129,23,sdgXe10x4341,-0.0024811,1,0,4,3,4,1,,
sdgXe129,24,sdgXe10x4143,0.0024811,1,0,4,1,4,3,,
sdgXe129,25,sdgXe10x4343,-0.7546895,1,0,4,3,4,3,,
sdgXe129,26,sdgXe10x4545,0.1387504,1,0,4,5,4,5,,
sdgXe129,27,sdgXe10x4745,-0.0121087,1,0,4,7,4,5,,
sdgXe129,28,sdgXe10x4547,0.0121087,1,0,4,5,4,7,,
sdgXe129,29,sdgXe10x4747,0.1139526,1,0,4,7,4,7,,
sdgXe129,30,sdgXe10x511511,0.1732518,1,0,5,11,5,11,,
sdgXe129,31,sdgXe11x4141,0.5463362,1,1,4,1,4,1,,
sdgXe129,32,sdgXe11x4341,-0.0014991,1,1,4,3,4,1,,
sdgXe129,33,sdgXe11x4143,0.0014991,1,1,4,1,4,3,,
sdgXe129,34,sdgXe11x4343,-0.4559973,1,1,4,3,4,3,,
sdgXe129,35,sdgXe11x4545,-0.0838353,1,1,4,5,4,5,,
sdgXe129,36,sdgXe11x4745,0.0073162,1,1,4,7,4,5,,
sdgXe129,37,sdgXe11x4547,-0.0073162,1,1,4,5,4,7,,
sdgXe129,38,sdgXe11x4747,-0.0688515,1,1,4,7,4,7,,
sdgXe129,39,sdgXe11x511511,0.1046819,1,1,5,11,5,11,,
sdgXe129,length,39,

sdgXe130,1,sdgXe00x0101,9.5916,0,0,0,1,0,1,,
sdgXe130,2,sdgXe00x1111,9.5916,0,0,1,1,1,1,,
sdgXe130,3,sdgXe00x1313,13.564,0,0,1,3,1,3,,
sdgXe130,4,sdgXe00x2121,9.5916,0,0,2,1,2,1,,
sdgXe130,5,sdgXe00x2323,13.564,0,0,2,3,2,3,,
sdgXe130,6,sdgXe00x2525,16.613,0,0,2,5,2,5,,
sdgXe130,7,sdgXe00x3131,9.5916,0,0,3,1,3,1,,
sdgXe130,8,sdgXe00x3333,13.564,0,0,3,3,3,3,,
sdgXe130,9,sdgXe00x3535,16.613,0,0,3,5,3,5,,
sdgXe130,10,sdgXe00x3737,19.183,0,0,3,7,3,7,,
sdgXe130,11,sdgXe00x4141,5.2442660,0,0,4,1,4,1,,
sdgXe130,12,sdgXe00x4343,7.4567446,0,0,4,3,4,3,,
sdgXe130,13,sdgXe00x4545,11.3239822,0,0,4,5,4,5,,
sdgXe130,14,sdgXe00x4747,11.0671272,0,0,4,7,4,7,,
sdgXe130,15,sdgXe00x4949,21.447,0,0,4,9,4,9,,
sdgXe130,16,sdgXe00x511511,5.8730974,0,0,5,11,5,11,,
sdgXe130,17,sdgXe01x4141,2.6201291,0,1,4,1,4,1,,
sdgXe130,18,sdgXe01x4343,3.6811604,0,1,4,3,4,3,,
sdgXe130,19,sdgXe01x4545,3.1870365,0,1,4,5,4,5,,
sdgXe130,20,sdgXe01x4747,4.8913521,0,1,4,7,4,7,,
sdgXe130,21,sdgXe01x511511,3.5416116,0,1,5,11,5,11,,
sdgXe130,length,21,

sdgXe131,1,sdgXe00x0101,19.59591,0,0,0,1,0,1,,
sdgXe131,2,sdgXe00x1111,19.59591,0,0,1,1,1,1,,
sdgXe131,3,sdgXe00x1313,27.71281,0,0,1,3,1,3,,
sdgXe131,4,sdgXe00x2121,19.59591,0,0,2,1,2,1,,
sdgXe131,5,sdgXe00x2323,27.71281,0,0,2,3,2,3,,
sdgXe131,6,sdgXe00x2525,33.94112,0,0,2,5,2,5,,
sdgXe131,7,sdgXe00x3131,19.59591,0,0,3,1,3,1,,
sdgXe131,8,sdgXe00x3333,27.71281,0,0,3,3,3,3,,
sdgXe131,9,sdgXe00x3535,33.94112,0,0,3,5,3,5,,
sdgXe131,10,sdgXe00x3737,39.19183,0,0,3,7,3,7,,
sdgXe131,11,sdgXe00x4141,9.0950002,0,0,4,1,4,1,,
sdgXe131,12,sdgXe00x4343,10.8862533,0,0,4,3,4,3,,
sdgXe131,13,sdgXe00x4545,21.2939682,0,0,4,5,4,5,,
sdgXe131,14,sdgXe00x4747,25.6417293,0,0,4,7,4,7,,
sdgXe131,15,sdgXe00x4949,43.81780,0,0,4,9,4,9,,
sdgXe131,16,sdgXe00x511511,15.9975309,0,0,5,11,5,11,,
sdgXe131,17,sdgXe01x4141,5.4745469,0,1,4,1,4,1,,
sdgXe131,18,sdgXe01x4343,6.5527534,0,1,4,3,4,3,,
sdgXe131,19,sdgXe01x4545,7.6082420,0,1,4,5,4,5,,
sdgXe131,20,sdgXe01x4747,8.1510658,0,1,4,7,4,7,,
sdgXe131,21,sdgXe01x511511,9.6293792,0,1,5,11,5,11,,
sdgXe131,22,sdgXe10x4141,-0.3117988,1,0,4,1,4,1,,
sdgXe131,23,sdgXe10x4341,0.6189256,1,0,4,3,4,1,,
sdgXe131,24,sdgXe10x4143,-0.6189256,1,0,4,1,4,3,,
sdgXe131,25,sdgXe10x4343,2.1510624,1,0,4,3,4,3,,
sdgXe131,26,sdgXe10x4545,0.1025763,1,0,4,5,4,5,,
sdgXe131,27,sdgXe10x4745,-0.0276369,1,0,4,7,4,5,,
sdgXe131,28,sdgXe10x4547,0.0276369,1,0,4,5,4,7,,
sdgXe131,29,sdgXe10x4747,0.1557883,1,0,4,7,4,7,,
sdgXe131,30,sdgXe10x511511,0.1432732,1,0,5,11,5,11,,
sdgXe131,31,sdgXe11x4141,-0.1876811,1,1,4,1,4,1,,
sdgXe131,32,sdgXe11x4341,0.3725494,1,1,4,3,4,1,,
sdgXe131,33,sdgXe11x4143,-0.3725494,1,1,4,1,4,3,,
sdgXe131,34,sdgXe11x4343,1.2947871,1,1,4,3,4,3,,
sdgXe131,35,sdgXe11x4545,-0.0617405,1,1,4,5,4,5,,
sdgXe131,36,sdgXe11x4745,0.0166354,1,1,4,7,4,5,,
sdgXe131,37,sdgXe11x4547,-0.0166354,1,1,4,5,4,7,,
sdgXe131,38,sdgXe11x4747,-0.0937705,1,1,4,7,4,7,,
sdgXe131,39,sdgXe11x511511,0.0862400,1,1,5,11,5,11,,
sdgXe131,40,sdgXe20x4341,0.2741695,2,0,4,3,4,1,,
sdgXe131,41,sdgXe20x4143,-0.2741695,2,0,4,1,4,3,,
sdgXe131,42,sdgXe20x4343,-1.3365351,2,0,4,3,4,3,,
sdgXe131,43,sdgXe20x4545,-1.1115330,2,0,4,5,4,5,,
sdgXe131,44,sdgXe20x4745,0.2959931,2,0,4,7,4,5,,
sdgXe131,45,sdgXe20x4547,-0.2959931,2,0,4,5,4,7,,
sdgXe131,46,sdgXe20x4747,-1.4990736,2,0,4,7,4,7,,
sdgXe131,47,sdgXe20x511511,-1.7205836,2,0,5,11,5,11,,
sdgXe131,48,sdgXe21x4341,0.1650306,2,1,4,3,4,1,,
sdgXe131,49,sdgXe21x4143,-0.1650306,2,1,4,1,4,3,,
sdgXe131,50,sdgXe21x4343,-0.8044994,2,1,4,3,4,3,,
sdgXe131,51,sdgXe21x4545,0.6690664,2,1,4,5,4,5,,
sdgXe131,52,sdgXe21x4745,-0.1781669,2,1,4,7,4,5,,
sdgXe131,53,sdgXe21x4547,0.1781669,2,1,4,5,4,7,,
sdgXe131,54,sdgXe21x4747,0.9023374,2,1,4,7,4,7,,
sdgXe131,55,sdgXe21x511511,-1.0356696,2,1,5,11,5,11,,
sdgXe131,56,sdgXe30x4343,2.1419019,3,0,4,3,4,3,,
sdgXe131,57,sdgXe30x4545,0.0558688,3,0,4,5,4,5,,
sdgXe131,58,sdgXe30x4745,-0.0105682,3,0,4,7,4,5,,
sdgXe131,59,sdgXe30x4547,0.0105682,3,0,4,5,4,7,,
sdgXe131,60,sdgXe30x4747,0.0474560,3,0,4,7,4,7,,
sdgXe131,61,sdgXe30x511511,0.0672938,3,0,5,11,5,11,,
sdgXe131,62,sdgXe31x4343,1.2892731,3,1,4,3,4,3,,
sdgXe131,63,sdgXe31x4545,-0.0336297,3,1,4,5,4,5,,
sdgXe131,64,sdgXe31x4745,0.0063613,3,1,4,7,4,5,,
sdgXe131,65,sdgXe31x4547,-0.0063613,3,1,4,5,4,7,,
sdgXe131,66,sdgXe31x4747,-0.0285656,3,1,4,7,4,7,,
sdgXe131,67,sdgXe31x511511,0.0405060,3,1,5,11,5,11,,
sdgXe131,length,67,

sdgXe132,1,sdgXe00x0101,10.00000,0,0,0,1,0,1,,
sdgXe132,2,sdgXe00x1111,10.00000,0,0,1,1,1,1,,
sdgXe132,3,sdgXe00x1313,14.14213,0,0,1,3,1,3,,
sdgXe132,4,sdgXe00x2121,10.00000,0,0,2,1,2,1,,
sdgXe132,5,sdgXe00x2323,14.14213,0,0,2,3,2,3,,
sdgXe132,6,sdgXe00x2525,17.32050,0,0,2,5,2,5,,
sdgXe132,7,sdgXe00x3131,10.00000,0,0,3,1,3,1,,
sdgXe132,8,sdgXe00x3333,14.14213,0,0,3,3,3,3,,
sdgXe132,9,sdgXe00x3535,17.32050,0,0,3,5,3,5,,
sdgXe132,10,sdgXe00x3737,20.00000,0,0,3,7,3,7,,
sdgXe132,11,sdgXe00x4141,5.4107909,0,0,4,1,4,1,,
sdgXe132,12,sdgXe00x4343,7.6701021,0,0,4,3,4,3,,
sdgXe132,13,sdgXe00x4545,11.3384866,0,0,4,5,4,5,,
sdgXe132,14,sdgXe00x4747,12.0487699,0,0,4,7,4,7,,
sdgXe132,15,sdgXe00x4949,22.36068,0,0,4,9,4,9,,
sdgXe132,16,sdgXe00x511511,8.1643047,0,0,5,11,5,11,,
sdgXe132,17,sdgXe01x4141,2.7571082,0,1,4,1,4,1,,
sdgXe132,18,sdgXe01x4343,3.8882699,0,1,4,3,4,3,,
sdgXe132,19,sdgXe01x4545,3.5936000,0,1,4,5,4,5,,
sdgXe132,20,sdgXe01x4747,4.7767691,0,1,4,7,4,7,,
sdgXe132,21,sdgXe01x511511,4.9061365,0,1,5,11,5,11,,
sdgXe132,length,21,

sdgXe134,1,sdgXe00x0101,10.39230,0,0,0,1,0,1,,
sdgXe134,2,sdgXe00x1111,10.39230,0,0,1,1,1,1,,
sdgXe134,3,sdgXe00x1313,14.69693,0,0,1,3,1,3,,
sdgXe134,4,sdgXe00x2121,10.39230,0,0,2,1,2,1,,
sdgXe134,5,sdgXe00x2323,14.69693,0,0,2,3,2,3,,
sdgXe134,6,sdgXe00x2525,18.00000,0,0,2,5,2,5,,
sdgXe134,7,sdgXe00x3131,10.39230,0,0,3,1,3,1,,
sdgXe134,8,sdgXe00x3333,14.69693,0,0,3,3,3,3,,
sdgXe134,9,sdgXe00x3535,18.00000,0,0,3,5,3,5,,
sdgXe134,10,sdgXe00x3737,20.78461,0,0,3,7,3,7,,
sdgXe134,11,sdgXe00x4141,4.4653115,0,0,4,1,4,1,,
sdgXe134,12,sdgXe00x4343,6.2070241,0,0,4,3,4,3,,
sdgXe134,13,sdgXe00x4545,9.8459224,0,0,4,5,4,5,,
sdgXe134,14,sdgXe00x4747,14.1426544,0,0,4,7,4,7,,
sdgXe134,15,sdgXe00x4949,23.23790,0,0,4,9,4,9,,
sdgXe134,16,sdgXe00x511511,12.1316423,0,0,5,11,5,11,,
sdgXe134,17,sdgXe01x4141,2.5399527,0,1,4,1,4,1,,
sdgXe134,18,sdgXe01x4343,3.4498467,0,1,4,3,4,3,,
sdgXe134,19,sdgXe01x4545,4.6284947,0,1,4,5,4,5,,
sdgXe134,20,sdgXe01x4747,3.8375825,0,1,4,7,4,7,,
sdgXe134,21,sdgXe01x511511,7.0794744,0,1,5,11,5,11,,
sdgXe134,length,21,

sdgXe136,1,sdgXe00x0101,10.77033,0,0,0,1,0,1,,
sdgXe136,2,sdgXe00x1111,10.77033,0,0,1,1,1,1,,
sdgXe136,3,sdgXe00x1313,15.23154,0,0,1,3,1,3,,
sdgXe136,4,sdgXe00x2121,10.77033,0,0,2,1,2,1,,
sdgXe136,5,sdgXe00x2323,15.23154,0,0,2,3,2,3,,
sdgXe136,6,sdgXe00x2525,18.65475,0,0,2,5,2,5,,
sdgXe136,7,sdgXe00x3131,10.77033,0,0,3,1,3,1,,
sdgXe136,8,sdgXe00x3333,15.23154,0,0,3,3,3,3,,
sdgXe136,9,sdgXe00x3535,18.65475,0,0,3,5,3,5,,
sdgXe136,10,sdgXe00x3737,21.54065,0,0,3,7,3,7,,
sdgXe136,11,sdgXe00x4141,5.4804468,0,0,4,1,4,1,,
sdgXe136,12,sdgXe00x4343,7.8045373,0,0,4,3,4,3,,
sdgXe136,13,sdgXe00x4545,10.4772539,0,0,4,5,4,5,,
sdgXe136,14,sdgXe00x4747,14.7770242,0,0,4,7,4,7,,
sdgXe136,15,sdgXe00x4949,24.08318,0,0,4,9,4,9,,
sdgXe136,16,sdgXe00x511511,13.3553810,0,0,5,11,5,11,,
sdgXe136,17,sdgXe01x4141,3.1612961,0,1,4,1,4,1,,
sdgXe136,18,sdgXe01x4343,4.4384675,0,1,4,3,4,3,,
sdgXe136,19,sdgXe01x4545,4.8869710,0,1,4,5,4,5,,
sdgXe136,20,sdgXe01x4747,4.0420193,0,1,4,7,4,7,,
sdgXe136,21,sdgXe01x511511,7.7847480,0,1,5,11,5,11,,
sdgXe136,length,21,
