# Recoil energy (kev)        Event rate (events/gev)
   1.0000000000000000        29990709452.451710     
   2.0000000000000000        29208557753.649868     
   3.0000000000000000        28441340993.308075     
   4.0000000000000000        27689073977.803814     
   5.0000000000000000        26951749362.079311     
   6.0000000000000000        26229339226.221207     
   7.0000000000000000        25521796570.589127     
   8.0000000000000000        24829056732.974125     
   9.0000000000000000        24151038731.182343     
   10.000000000000000        23487646534.323750     
   11.000000000000000        22838770265.963703     
   12.000000000000000        22204287342.176598     
   13.000000000000000        21584063547.425880     
   14.000000000000000        20977954051.080853     
   15.000000000000000        20385804367.274010     
   16.000000000000000        19807451260.695061     
   17.000000000000000        19242723600.817242     
   18.000000000000000        18691443166.951241     
   19.000000000000000        18153425406.428406     
   20.000000000000000        17628480148.120838     
   21.000000000000000        17116412273.417147     
   22.000000000000000        16617022346.687498     
   23.000000000000000        16130107207.186264     
   24.000000000000000        15655460524.262014     
   25.000000000000000        15192873317.666103     
   26.000000000000000        14742134444.676420     
   27.000000000000000        14303031055.680601     
   28.000000000000000        13875349019.793324     
   29.000000000000000        13458873322.015862     
   30.000000000000000        13053388433.380255     
   31.000000000000000        12658678655.459368     
   32.000000000000000        12274528440.563309     
   33.000000000000000        11900722688.885578     
   34.000000000000000        11537047023.806168     
   35.000000000000000        11183288046.505959     
   36.000000000000000        10839233570.995083     
   37.000000000000000        10504672840.608351     
   38.000000000000000        10179396726.973755     
   39.000000000000000        9863197912.4141235     
   40.000000000000000        9555871056.6978893     
   41.000000000000000        9257212949.0136681     
   42.000000000000000        8967022646.0017967     
   43.000000000000000        8685101596.6380043     
   44.000000000000000        8411253754.7266502     
   45.000000000000000        8145285679.7254877     
   46.000000000000000        7887006626.5895176     
   47.000000000000000        7636228625.2884045     
   48.000000000000000        7392766550.6208506     
   49.000000000000000        7156438182.9187002     
   50.000000000000000        6927064260.2049055     
   51.000000000000000        6704468522.3414812     
   52.000000000000000        6488477747.6772413     
   53.000000000000000        6278921782.6796713     
   54.000000000000000        6075633565.0107670     
   55.000000000000000        5878449140.4836817     
   56.000000000000000        5687207674.3145323     
   57.000000000000000        5501751457.0624762     
   58.000000000000000        5321925905.6309032     
   59.000000000000000        5147579559.6830196     
   60.000000000000000        4978564073.8065128     
   61.000000000000000        4814734205.7443399     
   62.000000000000000        4655947800.9915066     
   63.000000000000000        4502065774.0418634     
   64.000000000000000        4352952086.5529413     
   65.000000000000000        4208473722.6827197     
   66.000000000000000        4068500661.8377485     
   67.000000000000000        3932905849.0586390     
   68.000000000000000        3801565163.2564754     
   69.000000000000000        3674357383.5010099     
   70.000000000000000        3551164153.5504169     
   71.000000000000000        3431869944.8009229     
   72.000000000000000        3316362017.8242803     
   73.000000000000000        3204530382.6510234     
   74.000000000000000        3096267757.9478579     
   75.000000000000000        2991469529.2285395     
   76.000000000000000        2890033706.2287970     
   77.000000000000000        2791860879.5679898     
   78.000000000000000        2696854176.8119774     
   79.000000000000000        2604919218.0446181     
   80.000000000000000        2515964071.0481863     
   81.000000000000000        2429899206.1862407     
   82.000000000000000        2346637451.0762320     
   83.000000000000000        2266093945.1331949     
   84.000000000000000        2188186094.0600376     
   85.000000000000000        2112833524.3546958     
   86.000000000000000        2039958037.8992283     
   87.000000000000000        1969483566.6911263     
   88.000000000000000        1901336127.7725501     
   89.000000000000000        1835443778.4088416     
   90.000000000000000        1771736571.5636771     
   91.000000000000000        1710146511.7141843     
   92.000000000000000        1650607511.0458996     
   93.000000000000000        1593055346.0638649     
   94.000000000000000        1537427614.6529570     
   95.000000000000000        1483663693.6174970     
   96.000000000000000        1431704696.7273049     
   97.000000000000000        1381493433.2945836     
   98.000000000000000        1332974367.3036163     
   99.000000000000000        1286093577.1126142     
   100.00000000000000        1240798715.7451127     
   101.00000000000000        1197038971.7858598     
   102.00000000000000        1154765030.8944459     
   103.00000000000000        1113929037.9478574     
   104.00000000000000        1074484559.8215261     
   105.00000000000000        1036386548.8166994     
   106.00000000000000        999591306.74054456     
   107.00000000000000        964056449.64392388     
   108.00000000000000        929740873.22041512     
   109.00000000000000        896604718.86898494     
   110.00000000000000        864609340.42155600     
   111.00000000000000        833717271.53559327     
   112.00000000000000        803892193.75089610     
   113.00000000000000        775098905.20886147     
   114.00000000000000        747303290.03162575     
   115.00000000000000        720472288.35767281     
   116.00000000000000        694573867.02987099     
   117.00000000000000        669576990.93113542     
   118.00000000000000        645451594.96238768     
   119.00000000000000        622168556.65686250     
   120.00000000000000        599699669.42438138     
   121.00000000000000        578017616.41867685     
   122.00000000000000        557095945.02050233     
   123.00000000000000        536909041.92883122     
   124.00000000000000        517432108.85217285     
   125.00000000000000        498641138.79168683     
   126.00000000000000        480512892.90752196     
   127.00000000000000        463024877.95960778     
   128.00000000000000        446155324.31386322     
   129.00000000000000        429883164.50468194     
   130.00000000000000        414188012.34433782     
   131.00000000000000        399050142.56989396     
   132.00000000000000        384450471.01803875     
   133.00000000000000        370370535.31824660     
   134.00000000000000        356792476.09456033     
   135.00000000000000        343699018.66628879     
   136.00000000000000        331073455.23784691     
   137.00000000000000        318899627.56800628     
   138.00000000000000        307161910.10880071     
   139.00000000000000        295845193.60435057     
   140.00000000000000        284934869.13994694     
   141.00000000000000        274416812.63171297     
   142.00000000000000        264277369.74729425     
   143.00000000000000        254503341.24803364     
   144.00000000000000        245081968.74320939     
   145.00000000000000        236000920.84696430     
   146.00000000000000        227248279.72867501     
   147.00000000000000        218812528.04759595     
   148.00000000000000        210682536.26271367     
   149.00000000000000        202847550.30887842     
   150.00000000000000        195297179.63037169     
   151.00000000000000        188021385.56321335     
   152.00000000000000        181010470.05761701     
   153.00000000000000        174255064.73214662     
   154.00000000000000        167746120.25124803     
   155.00000000000000        161474896.01797837     
   156.00000000000000        155432950.17386538     
   157.00000000000000        149612129.89800456     
   158.00000000000000        144004561.99761236     
   159.00000000000000        138602643.78240576     
   160.00000000000000        133399034.21532716     
   161.00000000000000        128386645.33226310     
   162.00000000000000        123558633.92356189     
   163.00000000000000        118908393.47028935     
   164.00000000000000        114429546.32831325     
   165.00000000000000        110115936.15343659     
   166.00000000000000        105961620.56096543     
   167.00000000000000        101960864.01321489     
   168.00000000000000        98108130.928610742     
   169.00000000000000        94398079.006186754     
   170.00000000000000        90825552.759406433     
   171.00000000000000        87385577.253386274     
   172.00000000000000        84073352.039726704     
   173.00000000000000        80884245.283296719     
   174.00000000000000        77813788.075447068     
   175.00000000000000        74857668.928267628     
   176.00000000000000        72011728.444617495     
   177.00000000000000        69271954.158809155     
   178.00000000000000        66634475.542929210     
   179.00000000000000        64095559.173922598     
   180.00000000000000        61651604.056677990     
   181.00000000000000        59299137.098478839     
   182.00000000000000        57034808.730298117     
   183.00000000000000        54855388.670539685     
   184.00000000000000        52757761.826931328     
   185.00000000000000        50738924.332401149     
   186.00000000000000        48795979.710867055     
   187.00000000000000        46926135.168985873     
   188.00000000000000        45126698.010009490     
   189.00000000000000        43395072.166002788     
   190.00000000000000        41728754.844777241     
   191.00000000000000        40125333.287996925     
   192.00000000000000        38582481.637008078     
   193.00000000000000        37097957.903041936     
   194.00000000000000        35669601.038530923     
   195.00000000000000        34295328.106373988     
   196.00000000000000        32973131.544070039     
   197.00000000000000        31701076.519734167     
   198.00000000000000        30477298.377086651     
   199.00000000000000        29300000.166597258     
   200.00000000000000        28167450.260043941     
   201.00000000000000        27077980.045822367     
   202.00000000000000        26029981.702428356     
   203.00000000000000        25021906.047600251     
   204.00000000000000        24052260.460690822     
   205.00000000000000        23119606.875905283     
   206.00000000000000        22222559.844113760     
   207.00000000000000        21359784.661014229     
   208.00000000000000        20529995.559489425     
   209.00000000000000        19731953.964064743     
   210.00000000000000        18964466.805438265     
   211.00000000000000        18226384.893115014     
   212.00000000000000        17516601.344237611     
   213.00000000000000        16834050.066764105     
   214.00000000000000        16177704.295198109     
   215.00000000000000        15546575.177136865     
   216.00000000000000        14939710.408948941     
   217.00000000000000        14356192.918952569     
   218.00000000000000        13795139.596511701     
   219.00000000000000        13255700.065518126     
   220.00000000000000        12737055.500775909     
   221.00000000000000        12238417.485849855     
   222.00000000000000        11759026.910986014     
   223.00000000000000        11298152.909756748     
   224.00000000000000        10855091.833123125     
   225.00000000000000        10429166.259651976     
   226.00000000000000        10019724.040663376     
   227.00000000000000        9626137.3791233785     
   228.00000000000000        9247801.9411361292     
   229.00000000000000        8884135.9989247769     
   230.00000000000000        8534579.6042275894     
   231.00000000000000        8198593.7910697125     
   232.00000000000000        7875659.8069049511     
   233.00000000000000        7565278.3711544927     
   234.00000000000000        7266968.9602016937     
   235.00000000000000        6980269.1179316090     
   236.00000000000000        6704733.7909354344     
   237.00000000000000        6439934.6875273418     
   238.00000000000000        6185459.6597504104     
   239.00000000000000        5940912.1075744908     
   240.00000000000000        5705910.4045164017     
   241.00000000000000        5480087.3439372154     
   242.00000000000000        5263089.6052965475     
   243.00000000000000        5054577.2396682631     
   244.00000000000000        4854223.1738443198     
   245.00000000000000        4661712.7323765252     
   246.00000000000000        4476743.1769279037     
   247.00000000000000        4299023.2623257348     
   248.00000000000000        4128272.8087297673     
   249.00000000000000        3964222.2893479811     
   250.00000000000000        3806612.4331520796     
   251.00000000000000        3655193.8420631695     
   252.00000000000000        3509726.6220958829     
   253.00000000000000        3369980.0279671540     
   254.00000000000000        3235732.1206918145     
   255.00000000000000        3106769.4377045319     
   256.00000000000000        2982886.6750621237     
   257.00000000000000        2863886.3812968940     
   258.00000000000000        2749578.6625050749     
   259.00000000000000        2639780.8982697572     
   260.00000000000000        2534317.4680308597     
   261.00000000000000        2433019.4875283949     
   262.00000000000000        2335724.5549578699     
   263.00000000000000        2242276.5064897132     
   264.00000000000000        2152525.1808158783     
   265.00000000000000        2066326.1923993384     
   266.00000000000000        1983540.7131126453     
   267.00000000000000        1904035.2619634834     
   268.00000000000000        1827681.5026148672     
   269.00000000000000        1754356.0484184425     
   270.00000000000000        1683940.2746890211     
   271.00000000000000        1616320.1379578370     
   272.00000000000000        1551386.0019515436     
   273.00000000000000        1489032.4700525457     
   274.00000000000000        1429158.2240051485     
   275.00000000000000        1371665.8686401390     
   276.00000000000000        1316461.7823983643     
   277.00000000000000        1263455.9734420225     
   278.00000000000000        1212561.9411493139     
   279.00000000000000        1163696.5427957897     
   280.00000000000000        1116779.8652325487     
   281.00000000000000        1071735.1013781494     
   282.00000000000000        1028488.4313476726     
   283.00000000000000        986968.90804874734     
   284.00000000000000        947108.34708021733     
   285.00000000000000        908841.22077528923     
   286.00000000000000        872104.55623634066     
   287.00000000000000        836837.83721435606     
   288.00000000000000        802982.90969104739     
   289.00000000000000        770483.89102680958     
   290.00000000000000        739287.08254270826     
   291.00000000000000        709340.88540939172     
   292.00000000000000        680595.71972030029     
   293.00000000000000        653003.94663115940     
   294.00000000000000        626519.79345189652     
   295.00000000000000        601099.28158120625     
   296.00000000000000        576700.15717812476     
   297.00000000000000        553281.82446861791     
   298.00000000000000        530805.28158907092     
   299.00000000000000        509233.05887195637     
   300.00000000000000        488529.15948262130     
   301.00000000000000        468659.00231920322     
   302.00000000000000        449589.36709113955     
   303.00000000000000        431288.34149465867     
   304.00000000000000        413725.27040666842     
   305.00000000000000        396870.70702140610     
   306.00000000000000        380696.36585686170     
   307.00000000000000        365175.07756076864     
   308.00000000000000        350280.74544850131     
   309.00000000000000        335988.30370768963     
   310.00000000000000        322273.67720675806     
   311.00000000000000        309113.74284699629     
   312.00000000000000        296486.29239983257     
   313.00000000000000        284369.99677330756     
   314.00000000000000        272744.37165370263     
   315.00000000000000        261589.74447033196     
   316.00000000000000        250887.22263338632     
   317.00000000000000        240618.66299664049     
   318.00000000000000        230766.64249856005     
   319.00000000000000        221314.42993710074     
   320.00000000000000        212245.95883516886     
   321.00000000000000        203545.80135526467     
   322.00000000000000        195199.14322343760     
   323.00000000000000        187191.75962412020     
   324.00000000000000        179509.99202886043     
   325.00000000000000        172140.72592336356     
   326.00000000000000        165071.36939855487     
   327.00000000000000        158289.83257270604     
   328.00000000000000        151784.50781284866     
   329.00000000000000        145544.25072492886     
   330.00000000000000        139558.36188327998     
   331.00000000000000        133816.56927112056     
   332.00000000000000        128309.01140481376     
   333.00000000000000        123026.22111568817     
   334.00000000000000        117959.10996416396     
   335.00000000000000        113098.95326193368     
   336.00000000000000        108437.37567880542     
   337.00000000000000        103966.33741173506     
   338.00000000000000        99678.120894422740     
   339.00000000000000        95565.318026642766     
   340.00000000000000        91620.817903285977     
   341.00000000000000        87837.795023845698     
   342.00000000000000        84209.697963811472     
   343.00000000000000        80730.238490123433     
   344.00000000000000        77393.381103540465     
   345.00000000000000        74193.332991412273     
   346.00000000000000        71124.534374972005     
   347.00000000000000        68181.649235878154     
   348.00000000000000        65359.556407317825     
   349.00000000000000        62653.341015525773     
   350.00000000000000        60058.286258140084     
   351.00000000000000        57569.865506307433     
   352.00000000000000        55183.734717971609     
   353.00000000000000        52895.725150242652     
   354.00000000000000        50701.836359221350     
   355.00000000000000        48598.229476090492     
   356.00000000000000        46581.220748709697     
   357.00000000000000        44647.275338378335     
   358.00000000000000        42793.001361808216     
   359.00000000000000        41015.144168745406     
   360.00000000000000        39310.580846040844     
   361.00000000000000        37676.314939321652     
   362.00000000000000        36109.471383763776     
   363.00000000000000        34607.291635783200     
   364.00000000000000        33167.128997787622     
   365.00000000000000        31786.444128423929     
   366.00000000000000        30462.800731063056     
   367.00000000000000        29193.861413524566     
   368.00000000000000        27977.383712332768     
   369.00000000000000        26811.216275042756     
   370.00000000000000        25693.295194429094     
   371.00000000000000        24621.640488574099     
   372.00000000000000        23594.352721112406     
   373.00000000000000        22609.609756128069     
   374.00000000000000        21665.663642394360     
   375.00000000000000        20760.837621870807     
   376.00000000000000        19893.523257556601     
   377.00000000000000        19062.177675995732     
   378.00000000000000        18265.320919912545     
   379.00000000000000        17501.533406628816     
   380.00000000000000        16769.453488086619     
   381.00000000000000        16067.775108461725     
   382.00000000000000        15395.245555508511     
   383.00000000000000        14750.663301931338     
   384.00000000000000        14132.875933216013     
   385.00000000000000        13540.778158500738     
   386.00000000000000        12973.309901194882     
   387.00000000000000        12429.454466185436     
   388.00000000000000        11908.236780592362     
   389.00000000000000        11408.721705155531     
   390.00000000000000        10930.012413448558     
   391.00000000000000        10471.248836225250     
   392.00000000000000        10031.606168310416     
   393.00000000000000        9610.2934355464549     
   394.00000000000000        9206.5521194097983     
   395.00000000000000        8819.6548369977118     
   396.00000000000000        8448.9040741833687     
   397.00000000000000        8093.6309698192408     
   398.00000000000000        7753.1941489542205     
   399.00000000000000        7426.9786031096846     
   400.00000000000000        7114.3946157360779     
   401.00000000000000        6814.8767310470803     
   402.00000000000000        6527.8827644981402     
   403.00000000000000        6252.8928532448090     
   404.00000000000000        5989.4085449833401     
   405.00000000000000        5736.9519236372134     
   406.00000000000000        5495.0647704155181     
   407.00000000000000        5263.3077588267015     
   408.00000000000000        5041.2596822871110     
   409.00000000000000        4828.5167130185291     
   410.00000000000000        4624.6916909799766     
   411.00000000000000        4429.4134416279767     
   412.00000000000000        4242.3261213496280     
   413.00000000000000        4063.0885894563212     
   414.00000000000000        3891.3738056712059     
   415.00000000000000        3726.8682520859261     
   416.00000000000000        3569.2713786028326     
   417.00000000000000        3418.2950709172615     
   418.00000000000000        3273.6631401333570     
   419.00000000000000        3135.1108331419641     
   420.00000000000000        3002.3843629242842     
   421.00000000000000        2875.2404579781319     
   422.00000000000000        2753.4459300959579     
   423.00000000000000        2636.7772597541457     
   424.00000000000000        2525.0201984029322     
   425.00000000000000        2417.9693869745438     
   426.00000000000000        2315.4279899544326     
   427.00000000000000        2217.2073443867948     
   428.00000000000000        2123.1266232104067     
   429.00000000000000        2033.0125123454291     
   430.00000000000000        1946.6989009744025     
   431.00000000000000        1864.0265844837484     
   432.00000000000000        1784.8429795526224     
   433.00000000000000        1709.0018508971514     
   434.00000000000000        1636.3630491977433     
   435.00000000000000        1566.7922597555819     
   436.00000000000000        1500.1607614435422     
   437.00000000000000        1436.3451955332280     
   438.00000000000000        1375.2273439975322     
   439.00000000000000        1316.6939169035845     
   440.00000000000000        1260.6363485267498     
   441.00000000000000        1206.9506018311502     
   442.00000000000000        1155.5369809763640     
   443.00000000000000        1106.2999515239142     
   444.00000000000000        1059.1479680298175     
   445.00000000000000        1013.9933087227943     
   446.00000000000000        970.75191697916614     
   447.00000000000000        929.34324931761557     
   448.00000000000000        889.69012964798719     
   449.00000000000000        851.71860951892972     
   450.00000000000000        815.35783411974978     
   451.00000000000000        780.53991380142668     
   452.00000000000000        747.19980089156422     
   453.00000000000000        715.27517158689830     
   454.00000000000000        684.70631271583170     
   455.00000000000000        655.43601317200375     
   456.00000000000000        627.40945982769597     
   457.00000000000000        600.57413774388260     
   458.00000000000000        574.87973450093909     
   459.00000000000000        550.27804848140363     
   460.00000000000000        526.72290094277082     
   461.00000000000000        504.17005172504145     
   462.00000000000000        482.57711844403622     
   463.00000000000000        461.90349902749915     
   464.00000000000000        442.11029745679008     
   465.00000000000000        423.16025258266626     
   466.00000000000000        405.01766988890523     
   467.00000000000000        387.64835608264173     
   468.00000000000000        371.01955639533890     
   469.00000000000000        355.09989448291458     
   470.00000000000000        339.85931481814907     
   471.00000000000000        325.26902747287369     
   472.00000000000000        311.30145519154973     
   473.00000000000000        297.93018266194980     
   474.00000000000000        285.12990789243378     
   475.00000000000000        272.87639560902352     
   476.00000000000000        261.14643258905085     
   477.00000000000000        249.91778485152909     
   478.00000000000000        239.16915662766914     
   479.00000000000000        228.88015103807717     
   480.00000000000000        219.03123240623205     
   481.00000000000000        209.60369014063204     
   482.00000000000000        200.57960412085635     
   483.00000000000000        191.94181152539383     
   484.00000000000000        183.67387504162582     
   485.00000000000000        175.76005240083492     
   486.00000000000000        168.18526718342810     
   487.00000000000000        160.93508084181192     
   488.00000000000000        153.99566589050923     
   489.00000000000000        147.35378021520955     
   490.00000000000000        140.99674245438101     
   491.00000000000000        134.91240840901267     
   492.00000000000000        129.08914843786957     
   493.00000000000000        123.51582579739541     
   494.00000000000000        118.18177588707711     
   495.00000000000000        113.07678636269864     
   496.00000000000000        108.19107808147358     
   497.00000000000000        103.51528684449433     
   498.00000000000000        99.040445903389426     
   499.00000000000000        94.757969199444702     
   500.00000000000000        90.659635304722016     
   501.00000000000000        86.737572036011073     
   502.00000000000000        82.984241713606465     
   503.00000000000000        79.392427038099939     
   504.00000000000000        75.955217559446623     
   505.00000000000000        72.665996713665237     
   506.00000000000000        69.518429403513153     
   507.00000000000000        66.506450100480365     
   508.00000000000000        63.624251446377997     
   509.00000000000000        60.866273333687936     
   510.00000000000000        58.227192444703910     
   511.00000000000000        55.701912230334955     
   512.00000000000000        53.285553310208861     
   513.00000000000000        50.973444276503400     
   514.00000000000000        48.761112884627053     
   515.00000000000000        46.644277614609329     
   516.00000000000000        44.618839587691248     
   517.00000000000000        42.680874823285109     
   518.00000000000000        40.826626822056916     
   519.00000000000000        39.052499461496971     
   520.00000000000000        37.355050190908443     
   521.00000000000000        35.730983513268491     
   522.00000000000000        34.177144741967496     
   523.00000000000000        32.690514020898334     
   524.00000000000000        31.268200596875818     
   525.00000000000000        29.907437333802182     
   526.00000000000000        28.605575458448698     
   527.00000000000000        27.360079528140464     
   528.00000000000000        26.168522611033481     
   529.00000000000000        25.028581670067297     
   530.00000000000000        23.938033142038570     
   531.00000000000000        22.894748703608823     
   532.00000000000000        21.896691216390611     
   533.00000000000000        20.941910843589870     
   534.00000000000000        20.028541330995417     
   535.00000000000000        19.154796445403544     
   536.00000000000000        18.318966563860382     
   537.00000000000000        17.519415407376322     
   538.00000000000000        16.754576913031784     
   539.00000000000000        16.022952238651694     
   540.00000000000000        15.323106894465816     
   541.00000000000000        14.653667996405366     
   542.00000000000000        14.013321635913695     
   543.00000000000000        13.400810361358552     
   544.00000000000000        12.814930766342561     
   545.00000000000000        12.254531180403308     
   546.00000000000000        11.718509457785373     
   547.00000000000000        11.205810860143469     
   548.00000000000000        10.715426029216145     
   549.00000000000000        10.246389045667794     
   550.00000000000000        9.7977755704615177     
   551.00000000000000        9.3687010652768734     
   552.00000000000000        8.9583190886310629     
   553.00000000000000        8.5658196645041311     
   554.00000000000000        8.1904277204023614     
   555.00000000000000        7.8314015919236049     
   556.00000000000000        7.4880315910094213     
   557.00000000000000        7.1596386351906895     
   558.00000000000000        6.8455729352433607     
   559.00000000000000        6.5452127387817125     
   560.00000000000000        6.2579631274190772     
   561.00000000000000        5.9832548652269244     
   562.00000000000000        5.7205432963178717     
   563.00000000000000        5.4693072894703736     
   564.00000000000000        5.2290482277998374     
   565.00000000000000        4.9992890415653548     
   566.00000000000000        4.7795732822822261     
   567.00000000000000        4.5694642363862279     
   568.00000000000000        4.3685440767715988     
   569.00000000000000        4.1764130505932284     
   570.00000000000000        3.9926887017929920     
   571.00000000000000        3.8170051268751255     
   572.00000000000000        3.6490122625164085     
   573.00000000000000        3.4883752036589288     
   574.00000000000000        3.3347735507878733     
   575.00000000000000        3.1879007851533894     
   576.00000000000000        3.0474636707474336     
   577.00000000000000        2.9131816818968157     
   578.00000000000000        2.7847864553811963     
   579.00000000000000        2.6620212660324802     
   580.00000000000000        2.5446405248146315     
   581.00000000000000        2.4324092984259709     
   582.00000000000000        2.3251028495071169     
   583.00000000000000        2.2225061965752486     
   584.00000000000000        2.1244136928440880     
   585.00000000000000        2.0306286231235324     
   586.00000000000000        1.9409628180274396     
   587.00000000000000        1.8552362847511372     
   588.00000000000000        1.7732768537107169     
   589.00000000000000        1.6949198403671446     
   590.00000000000000        1.6200077215861366     
   591.00000000000000        1.5483898259129787     
   592.00000000000000        1.4799220371672817     
   593.00000000000000        1.4144665107883689     
   594.00000000000000        1.3518914023858657     
   595.00000000000000        1.2920706079735600     
   596.00000000000000        1.2348835153863242     
   597.00000000000000        1.1802147664016935     
   598.00000000000000        1.1279540291079189     
   599.00000000000000        1.0779957800791475     
   600.00000000000000        1.0302390959383330     
   601.00000000000000       0.98458745390512725     
   602.00000000000000       0.94094854094392610     
   603.00000000000000       0.89923407114320020     
   604.00000000000000       0.85935961097329816     
   605.00000000000000       0.82124441208476007     
   606.00000000000000       0.78481125132341456     
   607.00000000000000       0.74998627765286585     
   608.00000000000000       0.71669886568756258     
   609.00000000000000       0.68488147555280054     
   610.00000000000000       0.65446951879974569     
   611.00000000000000       0.62540123011546411     
   612.00000000000000       0.59761754457885929     
   613.00000000000000       0.57106198022416155     
   614.00000000000000       0.54568052568374903     
   615.00000000000000       0.52142153269181601     
   616.00000000000000       0.49823561323982857     
   617.00000000000000       0.47607554118362133     
   618.00000000000000       0.45489615811042311     
   619.00000000000000       0.43465428328248101     
   620.00000000000000       0.41530862748178854     
   621.00000000000000       0.39681971058773507     
   622.00000000000000       0.37914978272691463     
   623.00000000000000       0.36226274884116405     
   624.00000000000000       0.34612409652642712     
   625.00000000000000       0.33070082700141290     
   626.00000000000000       0.31596138907105614     
   627.00000000000000       0.30187561595560453     
   628.00000000000000       0.28841466486162520     
   629.00000000000000       0.27555095917659922     
   630.00000000000000       0.26325813317380026     
   631.00000000000000       0.25151097911911829     
   632.00000000000000       0.24028539667594959     
   633.00000000000000       0.22955834450896762     
   634.00000000000000       0.21930779399166420     
   635.00000000000000       0.20951268492673353     
   636.00000000000000       0.20015288319227076     
   637.00000000000000       0.19120914023045710     
   638.00000000000000       0.18266305429905247     
   639.00000000000000       0.17449703340935763     
   640.00000000000000       0.16669425987770323     
   641.00000000000000       0.15923865642054336     
   642.00000000000000       0.15211485372635289     
   643.00000000000000       0.14530815944031192     
   644.00000000000000       0.13880452850058728     
   645.00000000000000       0.13259053476760718     
   646.00000000000000       0.12665334389030483     
   647.00000000000000       0.12098068735565033     
   648.00000000000000       0.11556083767017614     
   649.00000000000000       0.11038258462437268     
   650.00000000000000       0.10543521259296450     
   651.00000000000000       0.10070847882608937     
   652.00000000000000        9.6192592688370673E-002
   653.00000000000000        9.1878195804718621E-002
   654.00000000000000        8.7756343073443044E-002
   655.00000000000000        8.3818484509033231E-002
   656.00000000000000        8.0056447878517692E-002
   657.00000000000000        7.6462422096899879E-002
   658.00000000000000        7.3028941348694115E-002
   659.00000000000000        6.9748869903939442E-002
   660.00000000000000        6.6615387598510156E-002
   661.00000000000000        6.3621975949793699E-002
   662.00000000000000        6.0762404880098320E-002
   663.00000000000000        5.8030720021306971E-002
   664.00000000000000        5.5421230575494980E-002
   665.00000000000000        5.2928497707264113E-002
   666.00000000000000        5.0547323444645048E-002
   667.00000000000000        4.8272740066400782E-002
   668.00000000000000        4.6099999954519306E-002
   669.00000000000000        4.4024565891623992E-002
   670.00000000000000        4.2042101783884962E-002
   671.00000000000000        4.0148463790880939E-002
   672.00000000000000        3.8339691844642892E-002
   673.00000000000000        3.6612001540905749E-002
   674.00000000000000        3.4961776386305869E-002
   675.00000000000000        3.3385560385990672E-002
   676.00000000000000        3.1880050956766104E-002
   677.00000000000000        3.0442092151565479E-002
   678.00000000000000        2.9068668181627656E-002
   679.00000000000000        2.7756897223376945E-002
   680.00000000000000        2.6504025497558120E-002
   681.00000000000000        2.5307421608714121E-002
   682.00000000000000        2.4164571133626446E-002
   683.00000000000000        2.3073071447819258E-002
   684.00000000000000        2.2030626779712376E-002
   685.00000000000000        2.1035043482454989E-002
   686.00000000000000        2.0084225513912892E-002
   687.00000000000000        1.9176170115688559E-002
   688.00000000000000        1.8308963682460214E-002
   689.00000000000000        1.7480777813294619E-002
   690.00000000000000        1.6689865536964922E-002
   691.00000000000000        1.5934557703640068E-002
   692.00000000000000        1.5213259535653832E-002
   693.00000000000000        1.4524447330374411E-002
   694.00000000000000        1.3866665308503980E-002
   695.00000000000000        1.3238522601425037E-002
   696.00000000000000        1.2638690371490456E-002
   697.00000000000000        1.2065899059423396E-002
   698.00000000000000        1.1518935753241187E-002
   699.00000000000000        1.0996641673370618E-002
   700.00000000000000        1.0497909768844241E-002
   701.00000000000000        1.0021682419702596E-002
   702.00000000000000        9.5669492409282408E-003
   703.00000000000000        9.1327449834519344E-003
   704.00000000000000        8.7181475279596229E-003
   705.00000000000000        8.3222759674211836E-003
   706.00000000000000        7.9442887744332249E-003
   707.00000000000000        7.5833820496476485E-003
   708.00000000000000        7.2387878477142686E-003
   709.00000000000000        6.9097725773260323E-003
   710.00000000000000        6.5956354721017005E-003
   711.00000000000000        6.2957071291882705E-003
   712.00000000000000        6.0093481125971203E-003
   713.00000000000000        5.7359476184216246E-003
   714.00000000000000        5.4749221992094156E-003
   715.00000000000000        5.2257145448799218E-003
   716.00000000000000        4.9877923176937632E-003
   717.00000000000000        4.7606470388900550E-003
   718.00000000000000        4.5437930247113475E-003
   719.00000000000000        4.3367663696367255E-003
   720.00000000000000        4.1391239747392327E-003
   721.00000000000000        3.9504426191750838E-003
   722.00000000000000        3.7703180728995266E-003
   723.00000000000000        3.5983642487888538E-003
   724.00000000000000        3.4342123924262636E-003
   725.00000000000000        3.2775103078878857E-003
   726.00000000000000        3.1279216179373073E-003
   727.00000000000000        2.9851250571065230E-003
   728.00000000000000        2.8488137962099261E-003
   729.00000000000000        2.7186947968995002E-003
   730.00000000000000        2.5944881949332551E-003
   731.00000000000000        2.4759267108846205E-003
   732.00000000000000        2.3627550870793956E-003
   733.00000000000000        2.2547295495979232E-003
   734.00000000000000        2.1516172942326090E-003
   735.00000000000000        2.0531959953396794E-003
   736.00000000000000        1.9592533365703530E-003
   737.00000000000000        1.8695865625121611E-003
   738.00000000000000        1.7840020503128112E-003
   739.00000000000000        1.7023149004009256E-003
   740.00000000000000        1.6243485454566458E-003
   741.00000000000000        1.5499343768219898E-003
   742.00000000000000        1.4789113875776614E-003
   743.00000000000000        1.4111258315461681E-003
   744.00000000000000        1.3464308975143962E-003
   745.00000000000000        1.2846863979995432E-003
   746.00000000000000        1.2257584719127144E-003
   747.00000000000000        1.1695193005026910E-003
   748.00000000000000        1.1158468359894367E-003
   749.00000000000000        1.0646245423237019E-003
   750.00000000000000        1.0157411475333997E-003
   751.00000000000000        9.6909040714149080E-004
   752.00000000000000        9.2457087816290653E-004
   753.00000000000000        8.8208570320996303E-004
   754.00000000000000        8.4154240425629557E-004
   755.00000000000000        8.0285268562943263E-004
   756.00000000000000        7.6593224582117416E-004
   757.00000000000000        7.3070059772306411E-004
   758.00000000000000        6.9708089691158633E-004
   759.00000000000000        6.6499977762462332E-004
   760.00000000000000        6.3438719608628928E-004
   761.00000000000000        6.0517628085255900E-004
   762.00000000000000        5.7730318986479482E-004
   763.00000000000000        5.5070697391191995E-004
   764.00000000000000        5.2532944621539422E-004
   765.00000000000000        5.0111505786385780E-004
   766.00000000000000        4.7801077883631734E-004
   767.00000000000000        4.5596598436441698E-004
   768.00000000000000        4.3493234639556074E-004
   769.00000000000000        4.1486372992878030E-004
   770.00000000000000        3.9571609400602286E-004
   771.00000000000000        3.7744739715060179E-004
   772.00000000000000        3.6001750705421217E-004
   773.00000000000000        3.4338811432251058E-004
   774.00000000000000        3.2752265009779966E-004
   775.00000000000000        3.1238620738549956E-004
   776.00000000000000        2.9794546591859465E-004
   777.00000000000000        2.8416862040189469E-004
   778.00000000000000        2.7102531198470390E-004
   779.00000000000000        2.5848656281753405E-004
   780.00000000000000        2.4652471355460844E-004
   781.00000000000000        2.3511336367035095E-004
   782.00000000000000        2.2422731446376605E-004
   783.00000000000000        2.1384251463021914E-004
   784.00000000000000        2.0393600828561977E-004
   785.00000000000000        1.9448588533306811E-004
   786.00000000000000        1.8547123406684808E-004
   787.00000000000000        1.7687209591353488E-004
   788.00000000000000        1.6866942221424854E-004
   789.00000000000000        1.6084503295652933E-004
   790.00000000000000        1.5338157736829062E-004
   791.00000000000000        1.4626249629028445E-004
   792.00000000000000        1.3947198624718920E-004
   793.00000000000000        1.3299496514106076E-004
   794.00000000000000        1.2681703949423453E-004
   795.00000000000000        1.2092447317206305E-004
   796.00000000000000        1.1530415751897198E-004
   797.00000000000000        1.0994358284432571E-004
   798.00000000000000        1.0483081119733918E-004
   799.00000000000000        9.9954450373130756E-005
   800.00000000000000        9.5303629094479288E-005
   801.00000000000000        9.0867973316390073E-005
   802.00000000000000        8.6637583602947358E-005
   803.00000000000000        8.2603013528154015E-005
   804.00000000000000        7.8755249054658990E-005
   805.00000000000000        7.5085688846328371E-005
   806.00000000000000        7.1586125472576341E-005
   807.00000000000000        6.8248727464281659E-005
   808.00000000000000        6.5066022182884222E-005
   809.00000000000000        6.2030879466030411E-005
   810.00000000000000        5.9136496014711364E-005
   811.00000000000000        5.6376380488473055E-005
   812.00000000000000        5.3744339276741147E-005
   813.00000000000000        5.1234462915746200E-005
   814.00000000000000        4.8841113121910936E-005
   815.00000000000000        4.6558910413864696E-005
   816.00000000000000        4.4382722296495743E-005
   817.00000000000000        4.2307651981664275E-005
   818.00000000000000        4.0329027621314537E-005
   819.00000000000000        3.8442392029838478E-005
   820.00000000000000        3.6643492873564601E-005
   821.00000000000000        3.4928273306264767E-005
   822.00000000000000        3.3292863030486992E-005
   823.00000000000000        3.1733569765465916E-005
   824.00000000000000        3.0246871103209891E-005
   825.00000000000000        2.8829406735191501E-005
   826.00000000000000        2.7477971032865157E-005
   827.00000000000000        2.6189505965996347E-005
   828.00000000000000        2.4961094343489666E-005
   829.00000000000000        2.3789953362117673E-005
   830.00000000000000        2.2673428449187642E-005
   831.00000000000000        2.1608987385830687E-005
   832.00000000000000        2.0594214698183324E-005
   833.00000000000000        1.9626806304322224E-005
   834.00000000000000        1.8704564405340941E-005
   835.00000000000000        1.7825392609499120E-005
   836.00000000000000        1.6987291278863075E-005
   837.00000000000000        1.6188353088341536E-005
   838.00000000000000        1.5426758787468589E-005
   839.00000000000000        1.4700773155730474E-005
   840.00000000000000        1.4008741142640027E-005
   841.00000000000000        1.3349084184167950E-005
   842.00000000000000        1.2720296687513495E-005
   843.00000000000000        1.2120942676562507E-005
   844.00000000000000        1.1549652590726237E-005
   845.00000000000000        1.1005120230184428E-005
   846.00000000000000        1.0486099840873198E-005
   847.00000000000000        9.9914033328575366E-006
   848.00000000000000        9.5198976260165593E-006
   849.00000000000000        9.0705021172493154E-006
   850.00000000000000        8.6421862636608448E-006
   851.00000000000000        8.2339672764521544E-006
   852.00000000000000        7.8449079204650448E-006
   853.00000000000000        7.4741144145703650E-006
   854.00000000000000        7.1207344283010154E-006
   855.00000000000000        6.7839551703415690E-006
   856.00000000000000        6.4630015646862339E-006
   857.00000000000000        6.1571345104643663E-006
   858.00000000000000        5.8656492216172100E-006
   859.00000000000000        5.5878736427806512E-006
   860.00000000000000        5.3231669378948742E-006
   861.00000000000000        5.0709180482204677E-006
   862.00000000000000        4.8305443165902176E-006
   863.00000000000000        4.6014901748713234E-006
   864.00000000000000        4.3832258917478503E-006
   865.00000000000000        4.1752463780685620E-006
   866.00000000000000        3.9770700471253760E-006
   867.00000000000000        3.7882377273529567E-006
   868.00000000000000        3.6083116250492634E-006
   869.00000000000000        3.4368743348298983E-006
   870.00000000000000        3.2735278956302532E-006
   871.00000000000000        3.1178928901716530E-006
   872.00000000000000        2.9696075858999177E-006
   873.00000000000000        2.8283271154976851E-006
   874.00000000000000        2.6937226951571898E-006
   875.00000000000000        2.5654808788827872E-006
   876.00000000000000        2.4433028471719348E-006
   877.00000000000000        2.3269037284987445E-006
   878.00000000000000        2.2160119520948988E-006
   879.00000000000000        2.1103686305927533E-006
   880.00000000000000        2.0097269711606353E-006
   881.00000000000000        1.9138517138219096E-006
   882.00000000000000        1.8225185957104228E-006
   883.00000000000000        1.7355138400709881E-006
   884.00000000000000        1.6526336688686135E-006
   885.00000000000000        1.5736838379213516E-006
   886.00000000000000        1.4984791935221401E-006
   887.00000000000000        1.4268432495613435E-006
   888.00000000000000        1.3586077842077732E-006
   889.00000000000000        1.2936124552483360E-006
   890.00000000000000        1.2317044332281465E-006
   891.00000000000000        1.1727380515718706E-006
   892.00000000000000        1.1165744729046182E-006
   893.00000000000000        1.0630813708267950E-006
   894.00000000000000        1.0121326264308732E-006
   895.00000000000000        9.6360803888127120E-007
   896.00000000000000        9.1739304940924533E-007
   897.00000000000000        8.7337847810438573E-007
   898.00000000000000        8.3146027291311982E-007
   899.00000000000000        7.9153927028085908E-007
   900.00000000000000        7.5352096690104665E-007
   901.00000000000000        7.1731530205859014E-007
   902.00000000000000        6.8283645007852369E-007
   903.00000000000000        6.5000262241376914E-007
   904.00000000000000        6.1873587892663003E-007
   905.00000000000000        5.8896194793943770E-007
   906.00000000000000        5.6061005464931695E-007
   907.00000000000000        5.3361275752041129E-007
   908.00000000000000        5.0790579228489189E-007
   909.00000000000000        4.8342792320091967E-007
   910.00000000000000        4.6012080123189731E-007
   911.00000000000000        4.3792882882684793E-007
   912.00000000000000        4.1679903099644130E-007
   913.00000000000000        3.9668093239323036E-007
   914.00000000000000        3.7752644011816594E-007
   915.00000000000000        3.5928973198808592E-007
   916.00000000000000        3.4192715001131766E-007
   917.00000000000000        3.2539709882993267E-007
   918.00000000000000        3.0965994889853975E-007
   919.00000000000000        2.9467794417998910E-007
   920.00000000000000        2.8041511414841762E-007
   921.00000000000000        2.6683718989999463E-007
   922.00000000000000        2.5391152418058435E-007
   923.00000000000000        2.4160701514863981E-007
   924.00000000000000        2.2989403369983013E-007
   925.00000000000000        2.1874435418805773E-007
   926.00000000000000        2.0813108838502306E-007
   927.00000000000000        1.9802862252790422E-007
   928.00000000000000        1.8841255731158701E-007
   929.00000000000000        1.7925965068852241E-007
   930.00000000000000        1.7054776334572135E-007
   931.00000000000000        1.6225580673423961E-007
   932.00000000000000        1.5436369353243617E-007
   933.00000000000000        1.4685229042976413E-007
   934.00000000000000        1.3970337312293309E-007
   935.00000000000000        1.3289958342152619E-007
   936.00000000000000        1.2642438836475076E-007
   937.00000000000000        1.2026204125558768E-007
   938.00000000000000        1.1439754452300435E-007
   939.00000000000000        1.0881661432696166E-007
   940.00000000000000        1.0350564682496882E-007
   941.00000000000000        9.8451686022630404E-008
   942.00000000000000        9.3642393134289605E-008
   943.00000000000000        8.9066017383288001E-008
   944.00000000000000        8.4711368174582459E-008
   945.00000000000000        8.0567788575661322E-008
   946.00000000000000        7.6625130044614305E-008
   947.00000000000000        7.2873728347070613E-008
   948.00000000000000        6.9304380606435447E-008
   949.00000000000000        6.5908323434433104E-008
   950.00000000000000        6.2677212091399422E-008
   951.00000000000000        5.9603100628186897E-008
   952.00000000000000        5.6678422963694334E-008
   953.00000000000000        5.3895974854241932E-008
   954.00000000000000        5.1248896713027727E-008
   955.00000000000000        4.8730657239829651E-008
   956.00000000000000        4.6335037822991842E-008
   957.00000000000000        4.4056117677502706E-008
   958.00000000000000        4.1888259684640853E-008
   959.00000000000000        3.9826096900287093E-008
   960.00000000000000        3.7864519700533984E-008
   961.00000000000000        3.5998663534688541E-008
   962.00000000000000        3.4223897257141527E-008
   963.00000000000000        3.2535812010932562E-008
   964.00000000000000        3.0930210637093258E-008
   965.00000000000000        2.9403097585059374E-008
   966.00000000000000        2.7950669300607927E-008
   967.00000000000000        2.6569305068857749E-008
   968.00000000000000        2.5255558290945778E-008
   969.00000000000000        2.4006148173959753E-008
   970.00000000000000        2.2817951814695407E-008
   971.00000000000000        2.1687996658686302E-008
   972.00000000000000        2.0613453316844979E-008
   973.00000000000000        1.9591628722862581E-008
   974.00000000000000        1.8619959615313205E-008
   975.00000000000000        1.7696006329165050E-008
   976.00000000000000        1.6817446882096413E-008
   977.00000000000000        1.5982071341726433E-008
   978.00000000000000        1.5187776460499813E-008
   979.00000000000000        1.4432560565594235E-008
   980.00000000000000        1.3714518691812859E-008
   981.00000000000000        1.3031837945988817E-008
   982.00000000000000        1.2382793091960523E-008
   983.00000000000000        1.1765742345698984E-008
   984.00000000000000        1.1179123370652037E-008
   985.00000000000000        1.0621449463837211E-008
   986.00000000000000        1.0091305923662215E-008
   987.00000000000000        9.5873465908742454E-009
   988.00000000000000        9.1082905544413713E-009
   989.00000000000000        8.6529190145618931E-009
   990.00000000000000        8.2200722953538506E-009
   991.00000000000000        7.8086470001375277E-009
   992.00000000000000        7.4175933025505337E-009
   993.00000000000000        7.0459123670574122E-009
   994.00000000000000        6.6926538927147321E-009
   995.00000000000000        6.3569137743471234E-009
   996.00000000000000        6.0378318755600540E-009
   997.00000000000000        5.7345899082809172E-009
   998.00000000000000        5.4464094137698128E-009
   999.00000000000000        5.1725498402791635E-009
   1000.0000000000000        4.9123067127686244E-009
