   2.9031946886766143E-002   2.4184780689437469E-035
   2.6690029149398793        1.0412411220085677E-032
   5.3089738829929924        6.8870121197051558E-032
   7.9489448510461056        2.2290802638564523E-031
   10.588915819099219        5.1996550011245593E-031
   13.228886787152332        1.0073749445857236E-030
   15.868857755205445        1.7323259699435004E-030
   18.508828723258560        2.7418293248891269E-030
   21.148799691311673        4.0826805206057642E-030
   23.788770659364786        5.8014230920286169E-030
   26.428741627417899        7.9443114433931142E-030
   29.068712595471013        1.0557273228257586E-029
   31.708683563524126        1.3685871217904033E-029
   34.348654531577239        1.7375264616136286E-029
   36.988625499630352        2.1670169782999125E-029
   39.628596467683465        2.6614820334819302E-029
   42.268567435736578        3.2252926593193737E-029
   44.908538403789692        3.8627634361100254E-029
   47.548509371842805        4.5781483010157492E-029
   50.188480339895918        5.3756362869185067E-029
   52.828451307949031        6.2593471910585432E-029
   55.468422276002144        7.2333271737658450E-029
   58.108393244055257        8.3015442882733621E-029
   60.748364212108370        9.4678839432939068E-029
   63.388335180161484        1.0736144300748133E-028
   66.028306148214597        1.2110031611745882E-028
   68.668277116267703        1.3593155494644207E-028
   71.308248084320809        1.5189024159728225E-028
   73.948219052373929        1.6901039585783866E-028
   76.588190020427049        1.8732492654549416E-028
   79.228160988480155        2.0686558249743518E-028
   81.868131956533261        2.2766290328066623E-028
   84.508102924586382        2.4974616970257730E-028
   87.148073892639502        2.7314335420955742E-028
   89.788044860692608        2.9788107126760538E-028
   92.428015828745714        3.2398452782510978E-028
   95.067986796798834        3.5147747396390982E-028
   97.707957764851955        3.8038215385038912E-028
   100.34792873290506        4.1071925710365855E-028
   102.98789970095817        4.4250787070282032E-028
   105.62787066901129        4.7576543155986226E-028
   108.26784163706441        5.1050767988885430E-028
   110.90781260511751        5.4674861350582875E-028
   113.54778357317062        5.8450044319694588E-028
   116.18775454122374        6.2377354929529182E-028
   118.82772550927686        6.6457643960891707E-028
   121.46769647732997        7.0691570884443322E-028
   124.10766744538307        7.5079599967168802E-028
   126.74763841343619        7.9621996557567454E-028
   129.38760938148931        8.4318823564192058E-028
   132.02758034954243        8.9169938142112105E-028
   134.66755131759552        9.4174988601771126E-028
   137.30752228564864        9.9333411554545891E-028
   139.94749325370177        1.0464442930909039E-027
   142.58746422175486        1.1010704753227278E-027
   145.22743518980798        1.1572005318817000E-027
   147.86740615786110        1.2148201276819408E-027
   150.50737712591422        1.2739127082497153E-027
   153.14734809396734        1.3344594882208779E-027
   155.78731906202043        1.3964394431125024E-027
   158.42729003007355        1.4598293044780615E-027
   161.06726099812667        1.5246035585488430E-027
   163.70723196617976        1.5907344484571718E-027
   166.34720293423288        1.6581919801293085E-027
   168.98717390228600        1.7269439319278444E-027
   171.62714487033912        1.7969558681148767E-027
   174.26711583839224        1.8681911561982948E-027
   176.90708680644534        1.9406109882142450E-027
   179.54705777449846        2.0141744059891443E-027
   182.18702874255158        2.0888383304146605E-027
   184.82699971060467        2.1645575947588409E-027
   187.46697067865779        2.2412849820260128E-027
   190.10694164671091        2.3189712663674218E-027
   192.74691261476403        2.3975652585336192E-027
   195.38688358281715        2.4770138553485939E-027
   198.02685455087024        2.5572620931744795E-027
   200.66682551892336        2.6382532053244727E-027
   203.30679648697648        2.7199286833702978E-027
   205.94676745502957        2.8022283422793865E-027
   208.58673842308269        2.8850903893057054E-027
   211.22670939113581        2.9684514965470509E-027
   213.86668035918893        3.0522468770707514E-027
   216.50665132724205        3.1364103644987426E-027
   219.14662229529515        3.2208744959325889E-027
   221.78659326334827        3.3055705980884682E-027
   224.42656423140139        3.3904288765021937E-027
   227.06653519945448        3.4753785076545256E-027
   229.70650616750760        3.5603477338576107E-027
   232.34647713556072        3.6452639607343594E-027
   234.98644810361384        3.7300538571140035E-027
   237.62641907166696        3.8146434571588446E-027
   240.26639003972005        3.8989582645295702E-027
   242.90636100777317        3.9829233583893446E-027
   245.54633197582629        4.0664635010401722E-027
   248.18630294387938        4.1495032469790636E-027
   250.82627391193250        4.2319670531559156E-027
   253.46624487998562        4.3137793902102044E-027
   256.10621584803874        4.3948648544592428E-027
   258.74618681609189        4.4751482804071885E-027
   261.38615778414498        4.5545548535409332E-027
   264.02612875219813        4.6330102231767081E-027
   266.66609972025122        4.7104406151195631E-027
   269.30607068830432        4.7867729438969739E-027
   271.94604165635747        4.8619349243274169E-027
   274.58601262441056        4.9358551821852930E-027
   277.22598359246365        5.0084633637245439E-027
   279.86595456051680        5.0796902438251857E-027
   282.50592552856989        5.1494678325293028E-027
   285.14589649662298        5.2177294797363458E-027
   287.78586746467613        5.2844099778311734E-027
   290.42583843272922        5.3494456620228680E-027
   293.06580940078237        5.4127745081773543E-027
   295.70578036883546        5.4743362279325428E-027
   298.34575133688855        5.5340723608911310E-027
   300.98572230494170        5.5919263636928556E-027
   303.62569327299479        5.6478436957757065E-027
   306.26566424104794        5.7017719016433852E-027
   308.90563520910104        5.7536606894648299E-027
   311.54560617715413        5.8034620058407139E-027
   314.18557714520728        5.8511301065810631E-027
   316.82554811326037        5.8966216233481206E-027
   319.46551908131346        5.9398956260287880E-027
   322.10549004936661        5.9809136807115439E-027
   324.74546101741970        6.0196399031536758E-027
   327.38543198547279        6.0560410076358875E-027
   330.02540295352594        6.0900863511127171E-027
   332.66537392157903        6.1217479725789878E-027
   335.30534488963218        6.1510006275842927E-027
   337.94531585768527        6.1778218178394654E-027
   340.58528682573836        6.2021918158711768E-027
   343.22525779379151        6.2240936846928815E-027
   345.86522876184461        6.2435132924725264E-027
   348.50519972989775        6.2604393221896302E-027
   351.14517069795085        6.2748632762864284E-027
   353.78514166600394        6.2867794763298619E-027
   356.42511263405709        6.2961850577130122E-027
   359.06508360211018        6.3030799594364759E-027
   361.70505457016327        6.3074669090215887E-027
   364.34502553821642        6.3093514026188606E-027
   366.98499650626951        6.3087416803859695E-027
   369.62496747432260        6.3056486972205753E-027
   372.26493844237575        6.3000860889434831E-027
   374.90490941042884        6.2920701340380686E-027
   377.54488037848199        6.2816197110612976E-027
   380.18485134653508        6.2687562518513577E-027
   382.82482231458818        6.2535036906654941E-027
   385.46479328264132        6.2358884093903785E-027
   388.10476425069442        6.2159391789751365E-027
   390.74473521874756        6.1936870972447416E-027
   393.38470618680066        6.1691655232584739E-027
   396.02467715485375        6.1424100083845878E-027
   398.66464812290690        6.1134582242682573E-027
   401.30461909095999        6.0823498878753056E-027
   403.94459005901308        6.0491266837989898E-027
   406.58456102706623        6.0138321840213918E-027
   409.22453199511932        5.9765117653247313E-027
   411.86450296317241        5.9372125245508952E-027
   414.50447393122556        5.8959831919102196E-027
   417.14444489927865        5.8528740425423099E-027
   419.78441586733180        5.8079368065333121E-027
   422.42438683538489        5.7612245775946939E-027
   425.06435780343799        5.7127917206089936E-027
   427.70432877149113        5.6626937782476209E-027
   430.34429973954423        5.6109873768650715E-027
   432.98427070759737        5.5577301318724219E-027
   435.62424167565047        5.5029805527912192E-027
   438.26421264370356        5.4467979481864112E-027
   440.90418361175671        5.3892423306740883E-027
   443.54415457980980        5.3303743221965017E-027
   446.18412554786289        5.2702550597529374E-027
   448.82409651591604        5.2089461017708585E-027
   451.46406748396913        5.1465093352969877E-027
   454.10403845202222        5.0830068841829736E-027
   456.74400942007537        5.0185010184348597E-027
   459.38398038812846        4.9530540648897985E-027
   462.02395135618161        4.8867283193772462E-027
   464.66392232423470        4.8195859605156690E-027
   467.30389329228780        4.7516889652888115E-027
   469.94386426034094        4.6830990265389441E-027
   472.58383522839404        4.6138774725070998E-027
   475.22380619644719        4.5440851885430475E-027
   477.86377716450028        4.4737825411002610E-027
   480.50374813255337        4.4030293041232906E-027
   483.14371910060652        4.3318845879272958E-027
   485.78369006865961        4.2604067706615084E-027
   488.42366103671270        4.1886534324404230E-027
   491.06363200476585        4.1166812922184880E-027
   493.70360297281894        4.0445461474760290E-027
   496.34357394087203        3.9723028167760849E-027
   498.98354490892518        3.9000050852438377E-027
   501.62351587697827        3.8277056530122980E-027
   504.26348684503142        3.7554560866700431E-027
   506.90345781308451        3.6833067737390583E-027
   509.54342878113761        3.6113068802028698E-027
   512.18339974919070        3.5395043110977950E-027
   514.82337071724385        3.4679456741726119E-027
   517.46334168529700        3.3966762466147446E-027
   520.10331265335003        3.3257399448339926E-027
   522.74328362140318        3.2551792972880184E-027
   525.38325458945633        3.1850354203271920E-027
   528.02322555750948        3.1153479970298960E-027
   530.66319652556251        3.0461552589933792E-027
   533.30316749361566        2.9774939710392252E-027
   535.94313846166881        2.9093994187869817E-027
   538.58310942972184        2.8419053990440100E-027
   541.22308039777499        2.7750442129546538E-027
   543.86305136582814        2.7088466618470147E-027
   546.50302233388118        2.6433420457110512E-027
   549.14299330193433        2.5785581642376231E-027
   551.78296426998747        2.5145213203442279E-027
   554.42293523804051        2.4512563261094570E-027
   557.06290620609366        2.3887865110350818E-027
   559.70287717414681        2.3271337325516737E-027
   562.34284814219984        2.2663183886809190E-027
   564.98281911025299        2.2063594327655403E-027
   567.62279007830614        2.1472743901756680E-027
   570.26276104635917        2.0890793768987069E-027
   572.90273201441232        2.0317891199183041E-027
   575.54270298246547        1.9754169792869569E-027
   578.18267395051862        1.9199749717957442E-027
   580.82264491857165        1.8654737961442252E-027
   583.46261588662480        1.8119228595131304E-027
   586.10258685467795        1.7593303054424534E-027
   588.74255782273099        1.7077030429176641E-027
   591.38252879078414        1.6570467765673080E-027
   594.02249975883728        1.6073660378758216E-027
   596.66247072689032        1.5586642173163530E-027
   599.30244169494347        1.5109435973094516E-027
   601.94241266299662        1.4642053859148333E-027
   604.58238363104965        1.4184497511649382E-027
   607.22235459910280        1.3736758559506293E-027
   609.86232556715595        1.3298818933713794E-027
   612.50229653520910        1.2870651224641535E-027
   615.14226750326213        1.2452219042275072E-027
   617.78223847131528        1.2043477378596551E-027
   620.42220943936843        1.1644372971317375E-027
   623.06218040742147        1.1254844668200408E-027
   625.70215137547461        1.0874823791235881E-027
   628.34212234352776        1.0504234499962903E-027
   630.98209331158080        1.0142994153256317E-027
   633.62206427963395        9.7910136689275248E-028
   636.26203524768709        9.4481978805181776E-028
   638.90200621574013        9.1144458906945762E-028
   641.54197718379328        8.7896514206815147E-028
   644.18194815184643        8.4737031552052253E-028
   646.82191911989946        8.1664850824450191E-028
   649.46189008795261        7.8678768285247650E-028
   652.10186105600576        7.5777539861060363E-028
   654.74183202405879        7.2959884366751411E-028
   657.38180299211194        7.0224486661471736E-028
   660.02177396016509        6.7570000734404794E-028
   662.66174492821824        6.4995052717043600E-028
   665.30171589627128        6.2498243819130397E-028
   667.94168686432442        6.0078153185673331E-028
   670.58165783237757        5.7733340672743763E-028
   673.22162880043061        5.5462349540032460E-028
   675.86159976848376        5.3263709058417943E-028
   678.50157073653691        5.1135937031064933E-028
   681.14154170458994        4.9077542226826026E-028
   683.78151267264309        4.7087026724970804E-028
   686.42148364069624        4.5162888170510154E-028
   689.06145460874927        4.3303621939610033E-028
   691.70142557680242        4.1507723214818897E-028
   694.34139654485557        3.9773688970043483E-028
   696.98136751290872        3.8100019865414622E-028
   699.62133848096175        3.6485222052378368E-028
   702.26130944901490        3.4927808889536961E-028
   704.90128041706805        3.3426302569936808E-028
   707.54125138512109        3.1979235660669005E-028
   710.18122235317423        3.0585152555803898E-028
   712.82119332122738        2.9242610843828731E-028
   715.46116428928042        2.7950182590892902E-028
   718.10113525733357        2.6706455541293160E-028
   720.74110622538672        2.5510034236750862E-028
   723.38107719343975        2.4359541056137570E-028
   726.02104816149290        2.3253617177407301E-028
   728.66101912954605        2.2190923463582927E-028
   731.30099009759908        2.1170141274723058E-028
   733.94096106565223        2.0189973207869907E-028
   736.58093203370538        1.9249143767040803E-028
   739.22090300175842        1.8346399965381037E-028
   741.86087396981156        1.7480511861643072E-028
   744.50084493786471        1.6650273033196293E-028
   747.14081590591786        1.5854500987802564E-028
   749.78078687397090        1.5092037516418476E-028
   752.42075784202405        1.4361748989300742E-028
   755.06072881007719        1.3662526597704905E-028
   757.70069977813023        1.2993286543468683E-028
   760.34067074618338        1.2352970178772735E-028
   762.98064171423653        1.1740544098362878E-028
   765.62061268228956        1.1155000186505528E-028
   768.26058365034271        1.0595355620930644E-028
   770.90055461839586        1.0060652835994552E-028
   773.54052558644889        9.5499594472668962E-029
   776.18049655450204        9.0623681397165658E-029
   778.82046752255519        8.5969965216358522E-029
   781.46043849060834        8.1529869464037848E-029
   784.10040945866137        7.7295063041483478E-029
   786.74038042671452        7.3257457853229443E-029
   789.38035139476767        6.9409206181650055E-029
   792.02032236282071        6.5742697819555680E-029
   794.66029333087386        6.2250556979468573E-029
   797.30026429892700        5.8925638997716530E-029
   799.94023526698004        5.5761026850931632E-029
   802.58020623503319        5.2750027501977072E-029
   805.22017720308634        4.9886168091754444E-029
   807.86014817113937        4.7163191992753700E-029
   810.50011913919252        4.4575054739625189E-029
   813.14009010724567        4.2115919851454214E-029
   815.78006107529870        3.9780154559820076E-029
   818.42003204335185        3.7562325456126017E-029
   821.06000301140500        3.5457194071087487E-029
   823.69997397945804        3.3459712398669011E-029
   826.33994494751119        3.1565018376169388E-029
   828.97991591556433        2.9768431331571940E-029
   831.61988688361748        2.8065447408690371E-029
   834.25985785167052        2.6451734980075618E-029
   836.89982881972367        2.4923130057082040E-029
   839.53979978777681        2.3475631705942356E-029
   842.17977075582985        2.2105397478154753E-029
   844.81974172388300        2.0808738862960289E-029
   847.45971269193615        1.9582116769169291E-029
   850.09968365998918        1.8422137043091174E-029
   852.73965462804233        1.7325546028833490E-029
   855.37962559609548        1.6289226176760195E-029
   858.01959656414851        1.5310191705437401E-029
   860.65956753220166        1.4385584321949759E-029
   863.29953850025481        1.3512669005042024E-029
   865.93950946830796        1.2688829855123282E-029
   868.57948043636100        1.1911566014775199E-029
   871.21945140441414        1.1178487663021802E-029
   873.85942237246729        1.0487312086252955E-029
   876.49939334052033        9.8358598283425212E-030
   879.13936430857348        9.2220509221675589E-030
   881.77933527662663        8.6439012044183236E-030
   884.41930624467966        8.0995187152837048E-030
   887.05927721273281        7.5871001843111123E-030
   889.69924818078596        7.1049276034682830E-030
   892.33921914883899        6.6513648881767435E-030
   894.97919011689214        6.2248546268458526E-030
   897.61916108494529        5.8239149192092698E-030
   900.25913205299832        5.4471363035516741E-030
   902.89910302105147        5.0931787727156739E-030
   905.53907398910462        4.7607688785925990E-030
   908.17904495715766        4.4486969246282631E-030
   910.81901592521081        4.1558142457153568E-030
   913.45898689326395        3.8810305746966695E-030
   916.09895786131710        3.6233114945670036E-030
   918.73892882937014        3.3816759753385465E-030
   921.37889979742329        3.1551939944203018E-030
   924.01887076547644        2.9429842392602511E-030
   926.65884173352947        2.7442118909060394E-030
   929.29881270158262        2.5580864870572095E-030
   931.93878366963577        2.3838598631088475E-030
   934.57875463768880        2.2208241696210693E-030
   937.21872560574195        2.0683099645929619E-030
   939.85869657379510        1.9256843788708895E-030
   942.49866754184814        1.7923493529800651E-030
   945.13863850990128        1.6677399436346043E-030
   947.77860947795443        1.5513226981540667E-030
   950.41858044600758        1.4425940949934384E-030
   953.05855141406062        1.3410790485788582E-030
   955.69852238211377        1.2463294766315671E-030
   958.33849335016691        1.1579229281585220E-030
   960.97846431821995        1.0754612702883679E-030
   963.61843528627310        9.9856943213643154E-031
   966.25840625432625        9.2689420389151915E-031
   968.89837722237928        8.6010308932975050E-031
   971.53834819043243        7.9788320997728102E-031
   974.17831915848558        7.3994025916287582E-031
   976.81829012653861        6.8599750422369909E-031
   979.45826109459176        6.3579483515254713E-031
   982.09823206264491        5.8908785800199702E-031
   984.73820303069795        5.4564703139018438E-031
   987.37817399875109        5.0525684448419330E-031
   990.01814496680424        4.6771503486979545E-031
   992.65811593485728        4.3283184475047391E-031
   995.29808690291043        4.0042931395415279E-031
   997.93805787096358        3.7034060826250145E-031
   1000.5780288390167        3.4240938161497533E-031
   1003.2179998070698        3.1648917077777886E-031
   1005.8579707751229        2.9244282110644760E-031
   1008.4979417431761        2.7014194206965606E-031
   1011.1379127112291        2.4946639124097568E-031
   1013.7778836792822        2.3030378550461181E-031
   1016.4178546473354        2.1254903826039536E-031
   1019.0578256153884        1.9610392145244556E-031
   1021.6977965834416        1.8087665128491560E-031
   1024.3377675514946        1.6678149652686513E-031
   1026.9777385195478        1.5373840834659205E-031
   1029.6177094876009        1.4167267065359970E-031
   1032.2576804556541        1.3051456996367658E-031
   1034.8976514237072        1.2019908383930782E-031
   1037.5376223917604        1.1066558699373157E-031
   1040.1775933598133        1.0185757418238663E-031
   1042.8175643278664        9.3722399040178641E-032
   1045.4575352959196        8.6211028056950480E-032
   1048.0975062639727        7.9277808916673561E-032
   1050.7374772320259        7.2880252458227972E-032
   1053.3774482000790        6.6978827547129568E-032
   1056.0174191681322        6.1536768178203372E-032
   1058.6573901361851        5.6519892158989281E-032
   1061.2973611042382        5.1896430752552245E-032
   1063.9373320722914        4.7636868686401936E-032
   1066.5773030403445        4.3713793961341180E-032
   1069.2172740083977        4.0101756920324076E-032
   1071.8572449764508        3.6777138062754847E-032
   1074.4972159445038        3.3718024114152652E-032
   1077.1371869125569        3.0904091884713625E-032
   1079.7771578806100        2.8316499473061993E-032
   1082.4171288486632        2.5937784393375986E-032
   1085.0570998167163        2.3751768225147491E-032
   1087.6970707847695        2.1743467405071057E-032
   1090.3370417528224        1.9899009799992792E-032
   1092.9770127208756        1.8205556718492223E-032
   1095.6169836889287        1.6651230036540741E-032
   1098.2569546569819        1.5225044129787506E-032
   1100.8969256250350        1.3916842321406284E-032
   1103.5368965930882        1.2717237570091686E-032
   1106.1768675611413        1.1617557137756495E-032
   1108.8168385291942        1.0609790990766819E-032
   1111.4568094972474        9.6865437021806732E-033
   1114.0967804653005        8.8409896354499004E-033
   1116.7367514333537        8.0668312024221975E-033
   1119.3767224014068        7.3582600002677358E-033
   1122.0166933694600        6.7099206431642250E-033
   1124.6566643375129        6.1168771152367621E-033
   1127.2966353055660        5.5745814813725718E-033
   1129.9366062736192        5.0788448021512544E-033
   1132.5765772416723        4.6258101082502208E-033
   1135.2165482097255        4.2119272983401632E-033
   1137.8565191777786        3.8339298326829609E-033
   1140.4964901458316        3.4888131024080417E-033
   1143.1364611138847        3.1738143617933126E-033
   1145.7764320819379        2.8863941178269873E-033
   1148.4164030499910        2.6242188778980094E-033
   1151.0563740180442        2.3851451626701445E-033
   1153.6963449860973        2.1672046970566011E-033
   1156.3363159541505        1.9685906977431405E-033
   1158.9762869222034        1.7876451809231059E-033
   1161.6162578902565        1.6228472188254748E-033
   1164.2562288583097        1.4728020782475709E-033
   1166.8961998263628        1.3362311786651852E-033
   1169.5361707944160        1.2119628115956101E-033
   1172.1761417624691        1.0989235667479189E-033
   1174.8161127305220        9.9613041412192225E-034
   1177.4560836985752        9.0268339462397275E-034
   1180.0960546666283        8.1775887496768705E-034
   1182.7360256346815        7.4060332562881356E-034
   1185.3759966027346        6.7052758344019954E-034
   1188.0159675707878        6.0690156305159180E-034
   1190.6559385388409        5.4914938395265204E-034
   1193.2959095068938        4.9674488207342120E-034
   1195.9358804749470        4.4920747714405669E-034
   1198.5758514430001        4.0609836902397025E-034
   1201.2158224110533        3.6701703810621180E-034
   1203.8557933791064        3.3159802667554735E-034
   1206.4957643471596        2.9950797975361415E-034
   1209.1357353152125        2.7044292551027345E-034
   1211.7757062832657        2.4412577676240255E-034
   1214.4156772513188        2.2030403642654490E-034
   1217.0556482193720        1.9874769104596117E-034
   1219.6956191874251        1.7924727768116423E-034
   1222.3355901554783        1.6161211054145159E-034
   1224.9755611235314        1.4566865474811277E-034
   1227.6155320915843        1.3125903556280440E-034
   1230.2555030596375        1.1823967229141749E-034
   1232.8954740276906        1.0648002688887354E-034
   1235.5354449957438        9.5861458047687754E-035
   1238.1754159637969        8.6276172256567863E-035
   1240.8153869318501        7.7626263968327501E-035
   1243.4553578999030        6.9822837622329369E-035
   1246.0953288679561        6.2785204828628890E-035
   1248.7352998360093        5.6440150542015914E-035
   1251.3752708040624        5.0721262536859481E-035
   1254.0152417721156        4.5568318940853565E-035
   1256.6552127401687        4.0926728999683754E-035
   1259.2951837082217        3.6747022627733250E-035
   1261.9351546762748        3.2984384654274710E-035
   1264.5751256443280        2.9598230002196819E-035
   1267.2150966123811        2.6551816339083461E-035
   1269.8550675804343        2.3811891020130620E-035
   1272.4950385484874        2.1348369400639280E-035
   1275.1350095165405        1.9134041834148646E-035
   1277.7749804845935        1.7144306892171108E-035
   1280.4149514526466        1.5356928544248832E-035
   1283.0549224206998        1.3751815223953832E-035
   1285.6948933887529        1.2310818878657069E-035
   1288.3348643568061        1.1017552259484558E-035
   1290.9748353248592        9.8572228538788328E-036
   1293.6148062929121        8.8164819975257883E-036
   1296.2547772609653        7.8832878259810069E-036
   1298.8947482290184        7.0467808399423429E-036
   1301.5347191970716        6.2971709625258666E-036
   1304.1746901651247        5.6256350628256886E-036
   1306.8146611331779        5.0242240081126149E-036
   1309.4546321012308        4.4857783878764553E-036
   1312.0946030692839        4.0038521270891388E-036
   1314.7345740373371        3.5726432740983315E-036
   1317.3745450053902        3.1869313109243635E-036
   1320.0145159734434        2.8420203908838120E-036
   1322.6544869414965        2.5336879608132571E-036
   1325.2944579095497        2.2581382730978895E-036
   1327.9344288776026        2.0119603365806644E-036
   1330.5743998456558        1.7920898955643423E-036
   1333.2143708137089        1.5957750628230893E-036
   1335.8543417817621        1.4205452660954497E-036
   1338.4943127498152        1.2641831981905434E-036
   1341.1342837178684        1.1246994888466161E-036
   1343.7742546859213        1.0003098420514103E-036
   1346.4142256539744        8.8941440587277352E-037
   1349.0541966220276        7.9057916314039752E-037
   1351.6941675900807        7.0251915073679747E-037
   1354.3341385581339        6.2408333295782787E-037
   1356.9741095261870        5.5424097053273125E-037
   1359.6140804942402        4.9206934158712070E-037
   1362.2540514622931        4.3674268421032166E-037
   1364.8940224303462        3.8752224246535018E-037
   1367.5339933983994        3.4374730875845059E-037
   1370.1739643664525        3.0482716556042185E-037
   1372.8139353345057        2.7023383863220525E-037
   1375.4539063025588        2.3949558223101787E-037
   1378.0938772706118        2.1219102433528558E-037
   1380.7338482386649        1.8794390679294770E-037
   1383.3738192067181        1.6641836153071223E-037
   1386.0137901747712        1.4731466961705138E-037
   1388.6537611428244        1.3036545510145747E-037
   1391.2937321108775        1.1533227020320521E-037
   1393.9337030789306        1.0200253263798614E-037
   1396.5736740469836        9.0186779689670948E-038
   1399.2136450150367        7.9716207092830571E-038
   1401.8536159830899        7.0440463922640513E-038
   1404.4935869511430        6.2225677522025957E-038
   1407.1335579191962        5.4952685059000158E-038
   1409.7735288872493        4.8515450624794309E-038
   1412.4134998553022        4.2819648878365711E-038
   1415.0534708233554        3.7781398135912448E-038
   1417.6934417914085        3.3326127513866428E-038
   1420.3334127594617        2.9387564277697552E-038
   1422.9733837275148        2.5906828942314858E-038
   1425.6133546955680        2.2831626927049978E-038
   1428.2533256636209        2.0115526702115973E-038
   1430.8932966316740        1.7717315385689878E-038
   1433.5332675997272        1.5600423672099686E-038
   1436.1732385677803        1.3732412801580294E-038
   1438.8132095358335        1.2084517029560101E-038
   1441.4531805038866        1.0631235726337008E-038
   1444.0931514719398        9.3499698435525883E-039
   1446.7331224399927        8.2206980286169493E-039
   1449.3730934080459        7.2256881580801554E-039
   1452.0130643760990        6.3492405012899883E-039
   1454.6530353441522        5.5774591213441608E-039
   1457.2930063122053        4.8980484757735761E-039
   1459.9329772802585        4.3001324985326275E-039
   1462.5729482483114        3.7740937313357097E-039
   1465.2129192163645        3.3114303294185903E-039
   1467.8528901844177        2.9046289973509366E-039
   1470.4928611524708        2.5470521172446877E-039
   1473.1328321205240        2.2328375169832304E-039
   1475.7728030885771        1.9568094921039812E-039
   1478.4127740566300        1.7143998436531005E-039
   1481.0527450246832        1.5015778274528150E-039
   1483.6927159927363        1.3147880293697985E-039
   1486.3326869607895        1.1508952877702938E-039
   1488.9726579288426        1.0071358796879275E-039
   1491.6126288968958        8.8107427246620640E-040
   1494.2525998649489        7.7056481881727712E-040
   1496.8925708330019        6.7371784129724366E-040
   1499.5325418010550        5.8886961298074707E-040
   1502.1725127691082        5.1455579538301927E-040
   1504.8124837371613        4.4948794310606225E-040
   1507.4524547052144        3.9253272789132051E-040
   1510.0924256732676        3.4269357329235891E-040
   1512.7323966413205        2.9909442553186902E-040
   1515.3723676093737        2.6096541672038856E-040
   1518.0123385774268        2.2763020388649001E-040
   1520.6523095454800        1.9849479155567951E-040
   1523.2922805135331        1.7303766723721567E-040
   1525.9322514815863        1.5080109841999333E-040
   1528.5722224496394        1.3138345679665712E-040
   1531.2121934176923        1.1443245065815189E-040
   1533.8521643857455        9.9639159934212883E-041
   1536.4921353537986        8.6732780381964942E-041
   1539.1321063218518        7.5475994108978638E-041
   1541.7720772899049        6.5660893105273029E-041
   1544.4120482579581        5.7105390881877348E-041
   1547.0520192260110        4.9650064788517926E-041
   1549.6919901940641        4.3155378214251032E-041
   1552.3319611621173        3.7499237755641950E-041
   1554.9719321301704        3.2574845650359629E-041
   1557.6119030982236        2.8288812394197552E-041
   1560.2518740662767        2.4559498552382472E-041
   1562.8918450343299        2.1315558400679874E-041
   1565.5318160023828        1.8494661240610774E-041
   1568.1717869704360        1.6042369072799228E-041
   1570.8117579384891        1.3911151824693484E-041
   1573.4517289065423        1.2059523550585018E-041
   1576.0916998745954        1.0451284985980235E-041
   1578.7316708426486        9.0548595741584481E-042
   1581.3716418107015        7.8427116162334250E-042
   1584.0116127787546        6.7908365503249264E-042
   1586.6515837468078        5.8783145610581952E-042
   1589.2915547148609        5.0869197757945355E-042
   1591.9315256829141        4.4007782349052840E-042
   1594.5714966509672        3.8060686444116691E-042
   1597.2114676190201        3.2907606431292033E-042
   1599.8514385870733        2.8443859543859196E-042
   1602.4914095551264        2.4578383544110650E-042
   1605.1313805231796        2.1231988844848833E-042
   1607.7713514912327        1.8335831697491697E-042
   1610.4113224592859        1.5830080911392288E-042
   1613.0512934273390        1.3662753943704101E-042
   1615.6912643953920        1.1788701167250036E-042
   1618.3312353634451        1.0168719733520528E-042
   1620.9712063314983        8.7687807416498294E-043
   1623.6111772995514        7.5593554395339608E-043
   1626.2511482676045        6.5148279533924618E-043
   1628.8911192356577        5.6129835963032153E-043
   1631.5310902037106        4.8345631704507331E-043
   1634.1710611717638        4.1628748748430117E-043
   1636.8110321398169        3.5834564802026733E-043
   1639.4510031078701        3.0837813533886334E-043
   1642.0909740759232        2.6530027206998072E-043
   1644.7309450439764        2.2817312665502853E-043
   1647.3709160120293        1.9618417834266487E-043
   1650.0108869800824        1.6863051314477072E-043
   1652.6508579481356        1.4490422406557362E-043
   1655.2908289161887        1.2447973046614019E-043
   1657.9307998842419        1.0690276777335508E-043
   1660.5707708522950        9.1780830527250128E-044
   1663.2107418203482        7.8774879546826919E-044
   1665.8507127884011        6.7592148276943378E-044
   1668.4906837564542        5.7979904592254555E-044
   1671.1306547245074        4.9720042860313418E-044
   1673.7706256925605        4.2624397239608633E-044
   1676.4105966606137        3.6530681303779712E-044
   1679.0505676286668        3.1298971398074794E-044
   1681.6905385967198        2.6808661874585966E-044
   1684.3305095647729        2.2955829716950386E-044
   1686.9704805328261        1.9650954226771037E-044
   1689.6104515008792        1.6816944554980027E-044
   1692.2504224689324        1.4387434054981170E-044
   1694.8903934369855        1.2305305827192146E-044
   1697.5303644050387        1.0521418518531525E-044
   1700.1703353730916        8.9935055247036528E-045
   1702.8103063411447        7.6852242957924902E-045
   1705.4502773091979        6.5653355348760378E-045
   1708.0902482772510        5.6069947646818255E-045
   1710.7302192453042        4.7871410707538168E-045
   1713.3701902133573        4.0859698566291785E-045
   1716.0101611814102        3.4864782067768433E-045
   1718.6501321494634        2.9740729811444305E-045
   1721.2901031175165        2.5362330912694950E-045
   1723.9300740855697        2.1622185583527761E-045
   1726.5700450536228        1.8428199514155218E-045
   1729.2100160216760        1.5701426686448276E-045
   1731.8499869897291        1.3374212746955214E-045
   1734.4899579577821        1.1388597562152030E-045
   1737.1299289258352        9.6949412039577999E-046
   1739.7698998938884        8.2507424840940308E-046
   1742.4098708619415        7.0196233714915230E-046
   1745.0498418299946        5.9704562745450408E-046
   1747.6898127980478        5.0766143250450156E-046
   1750.3297837661007        4.3153275287340611E-046
   1752.9697547341539        3.6671300056108473E-046
   1755.6097257022070        3.1153855808507281E-046
   1758.2496966702602        2.6458807474767331E-046
   1760.8896676383133        2.2464755420021064E-046
   1763.5296386063665        1.9068041865012664E-046
   1766.1696095744194        1.6180184830099559E-046
   1768.8095805424725        1.3725679231193096E-046
   1771.4495515105257        1.1640113181821932E-046
   1774.0895224785788        9.8685548195066546E-047
   1776.7294934466320        8.3641712351807464E-047
   1779.3694644146851        7.0870464783398607E-047
   1782.0094353827383        6.0031702563948917E-047
   1784.6494063507912        5.0835729468046657E-047
   1787.2893773188443        4.3035859836010631E-047
   1789.9293482868975        3.6422096424966710E-047
   1792.5693192549506        3.0815727971037446E-047
   1795.2092902230038        2.6064714101042836E-047
   1797.8492611910569        2.2039744068939077E-047
   1800.4892321591099        1.8630871979473799E-047
   1803.1292031271630        1.5744645067298546E-047
   1805.7691740952162        1.3301653541810163E-047
   1808.4091450632693        1.1234440760204612E-047
   1811.0491160313225        9.4857212899587898E-048
   1813.6890869993756        8.0068619707558644E-048
   1816.3290579674285        6.7565875602440895E-048
   1818.9690289354817        5.6998780990853292E-048
   1821.6089999035348        4.8070298886304621E-048
   1824.2489708715880        4.0528560512889799E-048
   1826.8889418396411        3.4160061356116452E-048
   1829.5289128076943        2.8783872182053876E-048
   1832.1688837757474        2.4246715141393190E-048
   1834.8088547438003        2.0418776977727328E-048
   1837.4488257118535        1.7190150096151241E-048
   1840.0887966799066        1.4467808271513272E-048
   1842.7287676479598        1.2173037473981589E-048
   1845.3687386160129        1.0239253996513738E-048
   1848.0087095840661        8.6101520706658895E-049
   1850.6486805521190        7.2381316995054155E-049
   1853.2886515201722        6.0829647298464660E-049
   1855.9286224882253        5.1106634111967991E-049
   1858.5685934562784        4.2925210004305347E-049
   1861.2085644243316        3.6042985019240082E-049
   1863.8485353923847        3.0255354962420242E-049
   1866.4885063604379        2.5389663037144277E-049
   1869.1284773284908        2.1300255356053397E-049
   1871.7684482965440        1.7864294762742185E-049
   1874.4084192645971        1.4978217756754944E-049
   1877.0483902326503        1.2554736648169790E-049
   1879.6883612007034        1.0520303819330572E-049
   1882.3283321687566        8.8129675215938055E-050
   1884.9683031368095        7.3805593092708526E-050
   1887.6082741048626        6.1791622887679477E-050
   1890.2482450729158        5.1718170751578069E-050
   1892.8882160409689        4.3274289032421677E-050
   1895.5281870090221        3.6198449080513729E-050
   1898.1681579770752        3.0270753177682764E-050
   1900.8081289451284        2.5306363156559333E-050
   1903.4480999131813        2.1149957335809913E-050
   1906.0880708812344        1.7671056292201689E-050
   1908.7280418492876        1.4760082495511118E-050
   1911.3680128173407        1.2325039608009035E-050
   1914.0079837853939        1.0288714858446654E-050
   1916.6479547534470        8.5863228193584764E-051
   1919.2879257215000        7.1635215527676364E-051
   1921.9278966895531        5.9747427888802684E-051
   1924.5678676576063        4.9817868590673135E-051
   1927.2078386256594        4.1526407681153207E-051
   1929.8478095937126        3.4604842736283893E-051
   1932.4877805617657        2.8828543227265001E-051
   1935.1277515298186        2.4009428308173136E-051
   1937.7677224978718        1.9990067040139326E-051
   1940.4076934659249        1.6638723158656324E-051
   1943.0476644339781        1.3845194438647291E-051
   1945.6876354020312        1.1517320308679983E-051
   1948.3276063700844        9.5780512824354396E-052
   1950.9675773381375        7.9629905807676892E-052
   1953.6075483061904        6.6183324930785604E-052
   1956.2475192742436        5.4991339799908934E-052
   1958.8874902422967        4.5678660956049634E-052
   1961.5274612103499        3.7932002990025393E-052
   1964.1674321784030        3.1489918781480673E-052
   1966.8074031464562        2.6134287338235172E-052
   1969.4473741145091        2.1683188432970807E-052
   1972.0873450825623        1.7984939922916649E-052
   1974.7273160506154        1.4913109555407269E-052
   1977.3672870186685        1.2362343272524371E-052
   1980.0072579867217        1.0244877430276078E-052
   1982.6472289547748        8.4876237003305688E-053
   1985.2871999228278        7.0297333652158804E-053
   1987.9271708908809        5.8205627907968384E-053
   1990.5671418589341        4.8179745178220495E-053
   1993.2071128269872        3.9869190409645836E-053
   1995.8470837950404        3.2982512622222810E-053
   1998.4870547630935        2.7277430880396966E-053
   2001.1270257311467        2.2552599152725549E-053
   2003.7669966991996        1.8640740131067558E-053
   2006.4069676672527        1.5402922186323286E-053
   2009.0469386353059        1.2723790595592695E-053
   2011.6869096033590        1.0507595134115117E-053
   2014.3268805714122        8.6748820502723251E-054
   2016.9668515394653        7.1597401447827212E-054
   2019.6068225075182        5.9075088379595215E-054
   2022.2467934755714        4.8728713041550827E-054
   2024.8867644436245        4.0182684611683187E-054
   2027.5267354116777        3.3125802279845418E-054
   2030.1667063797308        2.7300293454279477E-054
   2032.8066773477840        2.2492704751532992E-054
   2035.4466483158371        1.8526334910807629E-054
   2038.0866192838901        1.5254950535513150E-054
   2040.7265902519432        1.2557568774518886E-054
   2043.3665612199964        1.0334127115034816E-054
   2046.0065321880495        8.5018905419247428E-055
   2048.6465031561024        6.9924714073472638E-055
   2051.2864741241556        5.7493582722755841E-055
   2053.9264450922087        4.7258674158168403E-055
   2056.5664160602619        3.8834452348283206E-055
   2059.2063870283150        3.1902618562830467E-055
   2061.8463579963682        2.6200463604050762E-055
   2064.4863289644213        2.1511223998193577E-055
   2067.1262999324745        1.7656099795862757E-055
   2069.7662709005276        1.4487649694276966E-055
   2072.4062418685808        1.1884327483904016E-055
   2075.0462128366339        9.7459639693935542E-056
   2077.6861838046871        7.9900318826261610E-056
   2080.3261547727398        6.5485590301989775E-056
   2082.9661257407929        5.3655779460555387E-056
   2085.6060967088461        4.3950194416984872E-056
   2088.2460676768992        3.5989733193093328E-056
   2090.8860386449524        2.9462526850126038E-056
   2093.5260096130055        2.4112092266602754E-056
   2096.1659805810586        1.9727558826025520E-056
   2098.8059515491118        1.6135608409532088E-056
   2101.4459225171649        1.3193830356818524E-056
   2104.0858934852181        1.0785244650779222E-056
   2106.7258644532712        8.8137893143815862E-057
   2109.3658354213244        7.2006033925292932E-057
   2112.0058063893775        5.8809661817557312E-057
   2114.6457773574302        4.8017776085319253E-057
   2117.2857483254834        3.9194847079850605E-057
   2119.9257192935365        3.1983757369991269E-057
   2122.5656902615897        2.6091771648486869E-057
   2125.2056612296428        2.1279001149636989E-057
   2127.8456321976960        1.7348921929539520E-057
   2130.4856031657491        1.4140583683843420E-057
   2133.1255741338023        1.1522209625245657E-057
   2135.7655451018554        9.3859406462712898E-058
   2138.4055160699086        7.6435204838167835E-058
   2141.0454870379617        6.2227544796089269E-058
   2143.6854580060149        5.0646041187189421E-058
   2146.3254289740676        4.1208039216378278E-058
   2148.9653999421207        3.3519073699024222E-058
   2151.6053709101739        2.7256851098396231E-058
   2154.2453418782270        2.2158123226841895E-058
   2156.8853128462802        1.8007933837315068E-058
   2159.5252838143333        1.4630811808583449E-058
   2162.1652547823865        1.1883560726865188E-058
   2164.8052257504396        9.6493572695994305E-059
   2167.4451967184928        7.8329222813041873E-059
   2170.0851676865459        6.3565707586538889E-059
   2172.7251386545990        5.1569817499121879E-059
   2175.3651096226522        4.1825577567382261E-059
   2178.0050805907053        3.3912667036314731E-059
   2180.6450515587580        2.7488788179665725E-059
   2183.2850225268112        2.2275265879848826E-059
   2185.9249934948643        1.8045289518420419E-059
   2188.5649644629175        1.4614315237860675E-059
   2191.2049354309706        1.1832234001142883E-059
   2193.8449063990238        9.5769825026405098E-060
   2196.4848773670769        7.7493326894301291E-060
   2199.1248483351301        6.2686437522547454E-060
   2201.7648193031832        5.0693998439459351E-060
   2204.4047902712364        4.0983890442608789E-060
   2207.0447612392895        3.3124054986788994E-060
   2209.6847322073427        2.6763782697890455E-060
   2212.3247031753958        2.1618481195719034E-060
   2214.9646741434485        1.7457278998512244E-060
   2217.6046451115017        1.4092940495398663E-060
   2220.2446160795548        1.1373663592087210E-060
   2222.8845870476080        9.1764105799664448E-061
   2225.5245580156611        7.4014872628711884E-061
   2228.1645289837143        5.9681380315266141E-061
   2230.8044999517674        4.8109675596539418E-061
   2233.4444709198206        3.8770348735382697E-061
   2236.0844418878737        3.1234941639565895E-061
   2238.7244128559269        2.5156800484709654E-061
   2241.3643838239800        2.0255540208131281E-061
   2244.0043547920332        1.6304443337085099E-061
   2246.6443257600863        1.3120241989224816E-061
   2249.2842967281390        1.0554834822967237E-061
   2251.9242676961921        8.4885745405081636E-062
   2254.5642386642453        6.8248297850318821E-062
   2257.2042096322984        5.4855808071054037E-062
   2259.8441806003516        4.4078534551313992E-062
   2262.4841515684047        3.5408327899935736E-062
   2265.1241225364579        2.8435275001814003E-062
   2267.7640935045110        2.2828805773519672E-062
   2270.4040644725642        1.8322414442589494E-062
   2273.0440354406173        1.4701307555055684E-062
   2275.6840064086705        1.1792421077383728E-062
   2278.3239773767236        9.4563546259662428E-063
   2280.9639483447763        7.5808566128331429E-063
   2283.6039193128295        6.0755636709795355E-063
   2286.2438902808826        4.8677541524686747E-063
   2288.8838612489358        3.8989212466546368E-063
   2291.5238322169889        3.1220083528233062E-063
   2294.1638031850421        2.4991793938381523E-063
   2296.8037741530952        2.0000211018936447E-063
   2299.4437451211484        1.6000940222434210E-063
   2302.0837160892015        1.2797649413539414E-063
   2304.7236870572547        1.0232663632704469E-063
   2307.3636580253078        8.1793910913197462E-064
   2310.0036289933610        6.5362256798986323E-064
   2312.6435999614141        5.2216396222096315E-064
   2315.2835709294668        4.1702351591339678E-064
   2317.9235418975200        3.3295687936371297E-064
   2320.5635128655731        2.6575976964350754E-064
   2323.2034838336263        2.1206270003807283E-064
   2325.8434548016794        1.6916602283819985E-064
   2328.4834257697325        1.3490740800422940E-064
   2331.1233967377857        1.0755541166070210E-064
   2333.7633677058388        8.5724023647881368E-065
   2336.4033386738920        6.8304079427370923E-065
   2339.0433096419451        5.4408224584689155E-065
   2341.6832806099983        4.3326767239088883E-065
   2344.3232515780514        3.4492274961743897E-065
   2346.9632225461046        2.7451192637624199E-065
   2349.6031935141573        2.1841095726922029E-065
   2352.2431644822104        1.7372465448543746E-065
   2354.8831354502636        1.3814091323094396E-065
   2357.5231064183167        1.0981382605790253E-065
   2360.1630773863699        8.7270117442471328E-066
   2362.8030483544230        6.9334268318135889E-066
   2365.4430193224762        5.5068615117597299E-066
   2368.0829902905293        4.3725442872190233E-066
   2370.7229612585825        3.4708682239973681E-066
   2373.3629322266356        2.7543294314697521E-066
   2376.0029031946888        2.1850807520021652E-066
   2378.6428741627419        1.7329776179451366E-066
   2381.2828451307951        1.3740175248213688E-066
   2383.9228160988478        1.0890942085017603E-066
   2386.5627870669009        8.6300335880620687E-067
   2389.2027580349541        6.8364932052468914E-067
   2391.8427290030072        5.4141234293506779E-067
   2394.4826999710604        4.2864403669285261E-067
   2397.1226709391135        3.3926518103008217E-067
   2399.7626419071667        2.6844521452878420E-067
   2402.4026128752198        2.1234689619820044E-067
   2405.0425838432730        1.6792294630409125E-067
   2407.6825548113261        1.3275413372286650E-067
   2410.3225257793792        1.0492040112624684E-067
   2412.9624967474324        8.2898317349864502E-068
   2415.6024677154855        6.5479503063443462E-068
   2418.2424386835382        5.1705759603864103E-068
   2420.8824096515914        4.0817496231841036E-068
   2423.5223806196445        3.2212741908439207E-068
   2426.1623515876977        2.5414579003371565E-068
   2428.8023225557508        2.0045276186544122E-068
   2431.4422935238040        1.5805748551257334E-068
   2434.0822644918571        1.2459252713054420E-068
   2436.7222354599103        9.8184475656723570E-069
   2439.3622064279634        7.7351290188199495E-069
   2442.0021773960166        6.0920885509583166E-069
   2444.6421483640697        4.7966580998733874E-069
   2447.2821193321229        3.7755935264960483E-069
   2449.9220903001760        2.9710202862958225E-069
   2452.5620612682287        2.3372217489748207E-069
   2455.2020322362819        1.8380957897841620E-069
   2457.8420032043350        1.4451412021457142E-069
   2460.4819741723882        1.1358640389757067E-069
   2463.1219451404413        8.9251668362208790E-070
   2465.7619161084945        7.0110047935986007E-070
   2468.4018870765476        5.5057706374901000E-070
   2471.0418580446008        4.3224492116456933E-070
   2473.6818290126539        3.3924668868844624E-070
   2476.3217999807071        2.6617990896231081E-070
   2478.9617709487602        2.0878960171627339E-070
   2481.6017419168134        1.6372552825432855E-070
   2484.2417128848660        1.2835059248916861E-070
   2486.8816838529192        1.0058965075428289E-070
   2489.5216548209723        7.8810243600923788E-071
   2492.1616257890255        6.1728537659966529E-071
   2494.8015967570786        4.8335170935037953E-071
   2497.4415677251318        3.7836807216039328E-071
   2500.0815386931849        2.9610085469513925E-071
   2502.7215096612381        2.3165346316976640E-071
   2505.3614806292912        1.8118068316372154E-071
   2508.0014515973444        1.4166382052254580E-071
   2510.6414225653975        1.1073374063233666E-071
   2513.2813935334507        8.6531644443526117E-072
   2515.9213645015038        6.7599566508301878E-072
   2518.5613354695565        5.2794275504194250E-072
   2521.2013064376097        4.1219595867854821E-072
   2523.8412774056628        3.2173225144345773E-072
   2526.4812483737160        2.5104954715747808E-072
   2529.1212193417691        1.9583858570329570E-072
   2531.7611903098223        1.5272532762006927E-072
   2534.4011612778754        1.1906876477962099E-072
   2537.0411322459286        9.2802273235632382E-073
   2539.6811032139817        7.2309168309333329E-073
   2542.3210741820349        5.6325117389373128E-073
   2544.9610451500880        4.3861636766956424E-073
   2547.6010161181412        3.4146135063806962E-073
   2550.2409870861943        2.6574938420679031E-073
   2552.8809580542470        2.0676497585002953E-073
   2555.5209290223002        1.6082578514155918E-073
   2558.1608999903533        1.2505710895364957E-073
   2560.8008709584064        9.7215404976100306E-074
   2563.4408419264596        7.5550231189140052E-074
   2566.0808128945127        5.8696270882460433E-074
   2568.7207838625659        4.5588912203327492E-074
   2571.3607548306190        3.5398263472006881E-074
   2574.0007257986722        2.7477593578887221E-074
   2576.6406967667253        2.1323055928301782E-074
   2579.2806677347785        1.6542235930847531E-074
   2581.9206387028316        1.2829596305722164E-074
   2584.5606096708848        9.9473131369180110E-075
   2587.2005806389375        7.7103236359590126E-075
   2589.8405516069906        5.9746634588354389E-075
   2592.4805225750438        4.6283725629992387E-075
   2595.1204935430969        3.5844060256797429E-075
   2597.7604645111501        2.7751094359343870E-075
   2600.4004354792032        2.1479148391609869E-075
   2603.0404064472564        1.6619885727119112E-075
   2605.6803774153095        1.2856212460317054E-075
   2608.3203483833627        9.9419616320586879E-076
   2610.9603193514158        7.6860846070023749E-076
   2613.6002903194690        5.9403533206329756E-076
   2616.2402612875221        4.5897965209427826E-076
   2618.8802322555748        3.5452643994745234E-076
   2621.5202032236280        2.7376496595474570E-076
   2624.1601741916811        2.1133973364577281E-076
   2626.8001451597343        1.6310170018699626E-076
   2629.4401161277874        1.2583743846766340E-076
   2632.0800870958406        9.7058885629395619E-077
   2634.7200580638937        7.4840173266678878E-077
   2637.3600290319469        5.7691033846325347E-077
